     0 0.000000E+00  1.00000  0.00000
     0 2.021126E+02  1.00000  0.00000
  1000 1.228196E+03  1.00000  0.00000
  1250 1.228229E+03  1.00000  0.00000
  1500 1.228253E+03  1.00000  0.00000
  1750 1.228275E+03  1.00000  0.00000
  2000 1.228296E+03  1.00000  0.00000
  2250 1.228307E+03  1.00000  0.00000
  2500 1.228310E+03  1.00000  0.00000
  2750 1.228310E+03  1.00000  0.00000
  3000 1.228310E+03  1.00000  0.00000
  3250 1.228310E+03  1.00000  0.00000
  3500 1.228310E+03  1.00000  0.00000
  3750 1.228311E+03  1.00000  0.00000
  4000 1.228311E+03  1.00000  0.00000
  4250 1.228311E+03  1.00000  0.00000
  4500 1.228311E+03  1.00000  0.00000
  4750 1.228311E+03  1.00000  0.00000
  5000 1.228311E+03  1.00000  0.00000
  5250 1.228311E+03  1.00000  0.00000
  5500 1.228311E+03  1.00000  0.00000
  5750 1.228311E+03  1.00000  0.00000
  6000 1.228311E+03  1.00000  0.00000
  6250 1.228311E+03  1.00000  0.00000
  6500 1.228311E+03  1.00000  0.00000
  6750 1.228311E+03  1.00000  0.00000
  7000 1.228311E+03  1.00000  0.00000
  7250 1.228311E+03  1.00000  0.00000
  7500 1.228311E+03  1.00000  0.00000
  7750 1.228311E+03  1.00000  0.00000
  8000 1.228312E+03  1.00000  0.00000
  8250 1.228312E+03  1.00000  0.00000
  8500 1.228312E+03  1.00000  0.00000
  8750 1.228312E+03  1.00000  0.00000
  9000 1.228312E+03  1.00000  0.00000
  9250 1.228312E+03  1.00000  0.00000
  9500 1.228312E+03  1.00000  0.00000
  9750 1.228312E+03  1.00000  0.00000
 10000 1.228312E+03  1.00000  0.00000
 10500 1.228312E+03  1.00000  0.00000
 11000 1.228312E+03  1.00000  0.00000
 11500 1.228312E+03  1.00000  0.00000
 12000 1.228312E+03  1.00000  0.00000
 12500 1.228312E+03  1.00000  0.00000
 13000 1.228312E+03  1.00000  0.00000
 13500 1.228313E+03  1.00000  0.00000
 14000 1.228313E+03  1.00000  0.00000
 14500 1.228313E+03  1.00000  0.00000
 15000 1.228313E+03  1.00000  0.00000
 15500 1.228313E+03  1.00000  0.00000
 16000 1.228313E+03  1.00000  0.00000
 16500 1.228313E+03  1.00000  0.00000
 17000 1.228313E+03  1.00000  0.00000
 17500 1.228313E+03  1.00000  0.00000
 18000 1.228313E+03  1.00000  0.00000
 18500 1.228313E+03  1.00000  0.00000
 19000 1.228314E+03  1.00000  0.00000
 19500 1.228314E+03  1.00000  0.00000
 20000 1.228314E+03  1.00000  0.00000
 20500 1.228314E+03  1.00000  0.00000
 21000 1.228314E+03  1.00000  0.00000
 21500 1.228314E+03  1.00000  0.00000
 22000 1.228314E+03  1.00000  0.00000
 22500 1.228314E+03  1.00000  0.00000
 23000 1.228314E+03  1.00000  0.00000
 23500 1.228314E+03  1.00000  0.00000
 24000 1.228314E+03  1.00000  0.00000
 24500 1.228314E+03  1.00000  0.00000
 25000 1.228314E+03  1.00000  0.00000
 25500 1.228315E+03  1.00000  0.00000
 26000 1.228315E+03  1.00000  0.00000
 26500 1.228315E+03  1.00000  0.00000
 27000 1.228315E+03  1.00000  0.00000
 27500 1.228315E+03  1.00000  0.00000
 28000 1.228315E+03  1.00000  0.00000
 28500 1.228315E+03  1.00000  0.00000
 29000 1.228315E+03  1.00000  0.00000
 29500 1.228315E+03  1.00000  0.00000
 30000 1.228315E+03  1.00000  0.00000
 30500 1.228315E+03  1.00000  0.00000
 31000 1.228315E+03  1.00000  0.00000
 31500 1.228315E+03  1.00000  0.00000
 32000 1.228315E+03  1.00000  0.00000
 32500 1.228316E+03  1.00000  0.00000
 33000 1.228316E+03  1.00000  0.00000
 33500 1.228316E+03  1.00000  0.00000
 34000 1.228316E+03  1.00000  0.00000
 34500 1.228316E+03  1.00000  0.00000
 35000 1.228316E+03  1.00000  0.00000
 35500 1.228316E+03  1.00000  0.00000
 36000 1.228316E+03  1.00000  0.00000
 36500 1.228316E+03  1.00000  0.00000
 37000 1.228316E+03  1.00000  0.00000
 37500 1.228316E+03  1.00000  0.00000
 38000 1.228316E+03  1.00000  0.00000
 38500 1.228316E+03  1.00000  0.00000
 39000 1.228316E+03  1.00000  0.00000
 39500 1.228316E+03  1.00000  0.00000
 40000 1.228316E+03  1.00000  0.00000
 40500 1.228316E+03  1.00000  0.00000
 41000 1.228316E+03  1.00000  0.00000
 41500 1.228317E+03  1.00000  0.00000
 42000 1.228317E+03  1.00000  0.00000
 42500 1.228317E+03  1.00000  0.00000
 43000 1.228317E+03  1.00000  0.00000
 43500 1.228317E+03  1.00000  0.00000
 44000 1.228317E+03  1.00000  0.00000
 44500 1.228317E+03  1.00000  0.00000
 45000 1.228317E+03  1.00000  0.00000
 45500 1.228317E+03  1.00000  0.00000
 46000 1.228317E+03  1.00000  0.00000
 46500 1.228317E+03  1.00000  0.00000
 47000 1.228317E+03  1.00000  0.00000
 47500 1.228317E+03  1.00000  0.00000
 48000 1.228317E+03  1.00000  0.00000
 48500 1.228317E+03  1.00000  0.00000
 49000 1.228317E+03  1.00000  0.00000
 49500 1.228317E+03  1.00000  0.00000
 50000 1.228317E+03  1.00000  0.00000
 50500 1.228317E+03  1.00000  0.00000
 51000 1.228318E+03  1.00000  0.00000
 51500 1.228318E+03  1.00000  0.00000
 52000 1.228318E+03  1.00000  0.00000
 52500 1.228318E+03  1.00000  0.00000
 53000 1.228318E+03  1.00000  0.00000
 53500 1.228318E+03  1.00000  0.00000
 54000 1.228318E+03  1.00000  0.00000
 54500 1.228318E+03  1.00000  0.00000
 55000 1.228318E+03  1.00000  0.00000
 55500 1.228318E+03  1.00000  0.00000
 56000 1.228318E+03  1.00000  0.00000
 56500 1.228318E+03  1.00000  0.00000
 57000 1.228318E+03  1.00000  0.00000
 57500 1.228318E+03  1.00000  0.00000
 58000 1.228318E+03  1.00000  0.00000
 58500 1.228318E+03  1.00000  0.00000
 59000 1.228318E+03  1.00000  0.00000
 59500 1.228318E+03  1.00000  0.00000
 60000 1.228318E+03  1.00000  0.00000
 60500 1.228319E+03  1.00000  0.00000
 61000 1.228319E+03  1.00000  0.00000
 61500 1.228319E+03  1.00000  0.00000
 62000 1.228319E+03  1.00000  0.00000
 62500 1.228319E+03  1.00000  0.00000
 63000 1.228319E+03  1.00000  0.00000
 63500 1.228319E+03  1.00000  0.00000
 64000 1.228319E+03  1.00000  0.00000
 64500 1.228319E+03  1.00000  0.00000
 65000 1.228319E+03  1.00000  0.00000
 65500 1.228319E+03  1.00000  0.00000
 66000 1.228319E+03  1.00000  0.00000
 66500 1.228319E+03  1.00000  0.00000
 67000 1.228319E+03  1.00000  0.00000
 67500 1.228319E+03  1.00000  0.00000
 68000 1.228319E+03  1.00000  0.00000
 68500 1.228319E+03  1.00000  0.00000
 69000 1.228319E+03  1.00000  0.00000
 69500 1.228319E+03  1.00000  0.00000
 70000 1.228320E+03  1.00000  0.00000
 70500 1.228320E+03  1.00000  0.00000
 71000 1.228320E+03  1.00000  0.00000
 71500 1.228320E+03  1.00000  0.00000
 72000 1.228320E+03  1.00000  0.00000
 72500 1.228320E+03  1.00000  0.00000
 73000 1.228320E+03  1.00000  0.00000
 73500 1.228320E+03  1.00000  0.00000
 74000 1.228320E+03  1.00000  0.00000
 74500 1.228320E+03  1.00000  0.00000
 75000 1.228320E+03  1.00000  0.00000
 75500 1.228320E+03  1.00000  0.00000
 76000 1.228320E+03  1.00000  0.00000
 76500 1.228320E+03  1.00000  0.00000
 77000 1.228320E+03  1.00000  0.00000
 77500 1.228320E+03  1.00000  0.00000
 78000 1.228320E+03  1.00000  0.00000
 78500 1.228320E+03  1.00000  0.00000
 79000 1.228320E+03  1.00000  0.00000
 79500 1.228320E+03  1.00000  0.00000
 80000 1.228321E+03  1.00000  0.00000
 80500 1.228321E+03  1.00000  0.00000
 81000 1.228321E+03  1.00000  0.00000
 81500 1.228321E+03  1.00000  0.00000
 82000 1.228321E+03  1.00000  0.00000
 82500 1.228321E+03  1.00000  0.00000
 83000 1.228321E+03  1.00000  0.00000
 83500 1.228321E+03  1.00000  0.00000
 84000 1.228321E+03  1.00000  0.00000
 84500 1.228321E+03  1.00000  0.00000
 85000 1.228321E+03  1.00000  0.00000
 85500 1.228321E+03  1.00000  0.00000
