0 0.000000E+00 8.803394E-09 2.664060E-10 4.056718E+03 0.000000E+00
 8.803394E-09 2.664060E-100 2.021126E+02 8.803394E-09 2.664060E-10 4.056718E+03 0.000000E+00
 8.803394E-09 2.664060E-101000 1.228196E+03 4.137608E-03 4.552824E-05 7.153747E+00 0.000000E+00
 4.137608E-03 4.552824E-051250 1.228229E+03 2.308362E-02 9.172007E-05 3.872875E+00 0.000000E+00
1500 1.228253E+03 2.509029E-02 9.645282E-05 3.263277E+00 0.000000E+00
1750 1.228275E+03 2.650967E-02 1.086410E-04 3.004907E+00 0.000000E+00
2000 1.228296E+03 2.650967E-02 1.176896E-04 3.004907E+00 0.000000E+00
 2.650967E-02 1.176896E-042250 1.228307E+03 2.488694E-02 3.914508E-04 1.041672E+01 0.000000E+00
2500 1.228310E+03 2.348315E-01 1.997360E-03 5.429122E+00 0.000000E+00
2750 1.228310E+03 5.081940E-01 1.649335E-02 4.368205E+01 0.000000E+00
3000 1.228310E+03 5.024490E-01 1.589830E-02 4.507292E+01 0.000000E+00
 5.024490E-01 1.589830E-023250 1.228310E+03 5.153515E-01 2.042159E-02 4.394353E+01 0.000000E+00
3500 1.228310E+03 6.260778E-01 2.443591E-02 6.132089E+01 0.000000E+00
3750 1.228311E+03 7.185209E-01 2.853223E-02 9.192862E+01 0.000000E+00
4000 1.228311E+03 7.192426E-01 2.877314E-02 8.997726E+01 0.000000E+00
 7.192426E-01 2.877314E-024250 1.228311E+03 8.215284E-01 3.940268E-02 7.525931E+02 0.000000E+00
4500 1.228311E+03 8.198177E-01 3.972650E-02 7.352460E+02 0.000000E+00
4750 1.228311E+03 8.208841E-01 3.997433E-02 7.258723E+02 0.000000E+00
5000 1.228311E+03 8.208841E-01 3.939798E-02 7.258723E+02 0.000000E+00
 8.208841E-01 3.939798E-025250 1.228311E+03 8.208841E-01 3.941630E-02 7.258723E+02 0.000000E+00
5500 1.228311E+03 8.208841E-01 4.085018E-02 7.258723E+02 0.000000E+00
5750 1.228311E+03 8.208841E-01 3.989198E-02 7.258723E+02 0.000000E+00
6000 1.228311E+03 8.208841E-01 4.084992E-02 7.258723E+02 0.000000E+00
 8.208841E-01 4.084992E-026250 1.228311E+03 8.208841E-01 4.043872E-02 7.258723E+02 0.000000E+00
6500 1.228311E+03 8.827003E-01 4.779547E-02 1.170012E+03 0.000000E+00
6750 1.228311E+03 8.827003E-01 4.608044E-02 1.170012E+03 0.000000E+00
7000 1.228311E+03 8.827003E-01 4.686606E-02 1.170012E+03 0.000000E+00
 8.827003E-01 4.686606E-027250 1.228311E+03 8.827003E-01 4.674176E-02 1.170012E+03 0.000000E+00
7500 1.228311E+03 8.827003E-01 4.718829E-02 1.170012E+03 0.000000E+00
7750 1.228311E+03 8.827003E-01 4.637432E-02 1.170012E+03 0.000000E+00
8000 1.228312E+03 8.823496E-01 4.591202E-02 1.170485E+03 0.000000E+00
 8.823496E-01 4.591202E-028250 1.228312E+03 8.827003E-01 4.797411E-02 1.170012E+03 0.000000E+00
8500 1.228312E+03 8.827003E-01 4.678435E-02 1.170012E+03 0.000000E+00
8750 1.228312E+03 8.827003E-01 4.607406E-02 1.170012E+03 0.000000E+00
9000 1.228312E+03 8.827003E-01 4.715786E-02 1.170012E+03 0.000000E+00
 8.827003E-01 4.715786E-029250 1.228312E+03 8.827003E-01 4.593211E-02 1.170012E+03 0.000000E+00
9500 1.228312E+03 8.827017E-01 4.614178E-02 1.169778E+03 0.000000E+00
9750 1.228312E+03 8.827003E-01 4.601521E-02 1.170012E+03 0.000000E+00
10000 1.228312E+03 8.827003E-01 4.625426E-02 1.170012E+03 0.000000E+00
 8.827003E-01 4.625426E-0210500 1.228312E+03 8.827003E-01 4.717059E-02 1.170012E+03 0.000000E+00
11000 1.228312E+03 8.827003E-01 4.603649E-02 1.170012E+03 0.000000E+00
 8.827003E-01 4.603649E-0211500 1.228312E+03 8.809688E-01 4.868684E-02 1.172311E+03 0.000000E+00
12000 1.228312E+03 8.809688E-01 4.792893E-02 1.172311E+03 0.000000E+00
 8.809688E-01 4.792893E-0212500 1.228312E+03 8.818889E-01 4.795381E-02 1.171089E+03 0.000000E+00
13000 1.228312E+03 8.819273E-01 4.870412E-02 1.171039E+03 0.000000E+00
 8.819273E-01 4.870412E-0213500 1.228313E+03 8.812662E-01 4.867658E-02 1.171967E+03 0.000000E+00
14000 1.228313E+03 8.819273E-01 4.857693E-02 1.171039E+03 0.000000E+00
 8.819273E-01 4.857693E-0214500 1.228313E+03 8.819273E-01 4.902877E-02 1.171039E+03 0.000000E+00
15000 1.228313E+03 8.819273E-01 4.775912E-02 1.171039E+03 0.000000E+00
 8.819273E-01 4.775912E-0215500 1.228313E+03 8.812778E-01 4.963814E-02 1.171905E+03 0.000000E+00
16000 1.228313E+03 8.819273E-01 4.902608E-02 1.171039E+03 0.000000E+00
 8.819273E-01 4.902608E-0216500 1.228313E+03 8.812967E-01 4.827588E-02 1.143546E+03 0.000000E+00
17000 1.228313E+03 8.860008E-01 5.553038E-02 2.145306E+03 0.000000E+00
 8.860008E-01 5.553038E-0217500 1.228313E+03 8.810163E-01 5.448823E-02 2.126816E+03 0.000000E+00
18000 1.228313E+03 8.861313E-01 5.557290E-02 2.144990E+03 0.000000E+00
 8.861313E-01 5.557290E-0218500 1.228313E+03 8.861313E-01 5.470315E-02 2.144990E+03 0.000000E+00
19000 1.228314E+03 8.850467E-01 5.428028E-02 2.118761E+03 0.000000E+00
 8.850467E-01 5.428028E-0219500 1.228314E+03 8.867367E-01 5.482185E-02 2.095958E+03 0.000000E+00
20000 1.228314E+03 8.820185E-01 5.549936E-02 3.119858E+03 0.000000E+00
 8.820185E-01 5.549936E-0220500 1.228314E+03 8.820185E-01 5.692773E-02 3.119858E+03 0.000000E+00
21000 1.228314E+03 8.820185E-01 5.752978E-02 3.119858E+03 0.000000E+00
 8.820185E-01 5.752978E-0221500 1.228314E+03 8.795803E-01 6.197143E-02 2.412238E+03 0.000000E+00
22000 1.228314E+03 8.795803E-01 6.270474E-02 2.412238E+03 0.000000E+00
 8.795803E-01 6.270474E-0222500 1.228314E+03 8.788040E-01 6.400409E-02 2.414573E+03 0.000000E+00
23000 1.228314E+03 8.795803E-01 6.221328E-02 2.412238E+03 0.000000E+00
 8.795803E-01 6.221328E-0223500 1.228314E+03 8.761365E-01 6.160385E-02 2.388128E+03 0.000000E+00
24000 1.228314E+03 8.795528E-01 6.361801E-02 2.412313E+03 0.000000E+00
 8.795528E-01 6.361801E-0224500 1.228314E+03 8.985145E-01 6.665854E-02 8.181219E+02 0.000000E+00
25000 1.228314E+03 8.986660E-01 6.674875E-02 8.298826E+02 0.000000E+00
 8.986660E-01 6.674875E-0225500 1.228315E+03 8.985145E-01 6.706201E-02 8.181219E+02 0.000000E+00
26000 1.228315E+03 8.985145E-01 6.663975E-02 8.181219E+02 0.000000E+00
 8.985145E-01 6.663975E-0226500 1.228315E+03 8.985084E-01 6.737577E-02 8.181274E+02 0.000000E+00
27000 1.228315E+03 8.509009E-01 6.549811E-02 8.639025E+02 0.000000E+00
 8.509009E-01 6.549811E-0227500 1.228315E+03 8.554718E-01 6.380805E-02 8.594126E+02 0.000000E+00
28000 1.228315E+03 8.509009E-01 6.356838E-02 8.639025E+02 0.000000E+00
 8.509009E-01 6.356838E-0228500 1.228315E+03 8.509009E-01 6.399375E-02 8.639025E+02 0.000000E+00
29000 1.228315E+03 8.509493E-01 6.356212E-02 8.638534E+02 0.000000E+00
 8.509493E-01 6.356212E-0229500 1.228315E+03 8.509009E-01 6.437117E-02 8.639025E+02 0.000000E+00
30000 1.228315E+03 8.509009E-01 6.395219E-02 8.639025E+02 0.000000E+00
 8.509009E-01 6.395219E-0230500 1.228315E+03 8.509009E-01 6.317112E-02 8.639025E+02 0.000000E+00
31000 1.228315E+03 8.509009E-01 6.377173E-02 8.639025E+02 0.000000E+00
 8.509009E-01 6.377173E-0231500 1.228315E+03 9.349390E-01 7.353081E-02 9.111322E+03 0.000000E+00
32000 1.228315E+03 9.348247E-01 7.269178E-02 9.142914E+03 0.000000E+00
 9.348247E-01 7.269178E-0232500 1.228316E+03 9.316320E-01 7.342319E-02 9.145570E+03 0.000000E+00
33000 1.228316E+03 9.316913E-01 7.261269E-02 9.027366E+03 0.000000E+00
 9.316913E-01 7.261269E-0233500 1.228316E+03 9.229982E-01 7.697296E-02 9.234230E+03 0.000000E+00
34000 1.228316E+03 9.251676E-01 7.750627E-02 9.207569E+03 0.000000E+00
 9.251676E-01 7.750627E-0234500 1.228316E+03 9.251630E-01 7.840356E-02 9.207614E+03 0.000000E+00
35000 1.228316E+03 9.251630E-01 7.727308E-02 9.207614E+03 0.000000E+00
 9.251630E-01 7.727308E-0235500 1.228316E+03 8.955587E-01 7.791531E-02 9.583520E+03 0.000000E+00
36000 1.228316E+03 8.955772E-01 7.331548E-02 9.511774E+03 0.000000E+00
 8.955772E-01 7.331548E-0236500 1.228316E+03 8.955772E-01 7.638489E-02 9.511774E+03 0.000000E+00
37000 1.228316E+03 9.243547E-01 8.228265E-02 3.216579E+04 0.000000E+00
 9.243547E-01 8.228265E-0237500 1.228316E+03 9.237471E-01 8.287906E-02 3.204269E+04 0.000000E+00
38000 1.228316E+03 9.243547E-01 8.193867E-02 3.216579E+04 0.000000E+00
 9.243547E-01 8.193867E-0238500 1.228316E+03 9.243703E-01 8.316077E-02 3.216525E+04 0.000000E+00
39000 1.228316E+03 9.243703E-01 8.469503E-02 3.216525E+04 0.000000E+00
 9.243703E-01 8.469503E-0239500 1.228316E+03 9.243703E-01 8.488762E-02 3.216525E+04 0.000000E+00
40000 1.228316E+03 9.243703E-01 8.279970E-02 3.216525E+04 0.000000E+00
 9.243703E-01 8.279970E-0240500 1.228316E+03 9.240285E-01 8.689829E-02 3.217717E+04 0.000000E+00
41000 1.228316E+03 9.240285E-01 8.354139E-02 3.217717E+04 0.000000E+00
 9.240285E-01 8.354139E-0241500 1.228317E+03 9.228913E-01 8.323193E-02 3.186409E+04 0.000000E+00
42000 1.228317E+03 9.240285E-01 8.365224E-02 3.217717E+04 0.000000E+00
 9.240285E-01 8.365224E-0242500 1.228317E+03 9.240285E-01 8.602411E-02 3.217717E+04 0.000000E+00
43000 1.228317E+03 9.240285E-01 8.687326E-02 3.217717E+04 0.000000E+00
 9.240285E-01 8.687326E-0243500 1.228317E+03 9.240285E-01 8.540097E-02 3.217717E+04 0.000000E+00
44000 1.228317E+03 9.240285E-01 8.625067E-02 3.217717E+04 0.000000E+00
 9.240285E-01 8.625067E-0244500 1.228317E+03 9.240285E-01 8.641253E-02 3.217717E+04 0.000000E+00
45000 1.228317E+03 9.213480E-01 8.507453E-02 3.224163E+04 0.000000E+00
 9.213480E-01 8.507453E-0245500 1.228317E+03 9.240285E-01 8.791133E-02 3.217717E+04 0.000000E+00
46000 1.228317E+03 9.240285E-01 8.726814E-02 3.217717E+04 0.000000E+00
 9.240285E-01 8.726814E-0246500 1.228317E+03 9.239614E-01 8.733163E-02 3.217951E+04 0.000000E+00
47000 1.228317E+03 9.240285E-01 8.676123E-02 3.217717E+04 0.000000E+00
 9.240285E-01 8.676123E-0247500 1.228317E+03 9.240285E-01 8.854481E-02 3.217717E+04 0.000000E+00
48000 1.228317E+03 9.240285E-01 8.729527E-02 3.217717E+04 0.000000E+00
 9.240285E-01 8.729527E-0248500 1.228317E+03 9.240285E-01 8.495996E-02 3.217717E+04 0.000000E+00
49000 1.228317E+03 9.196312E-01 8.660307E-02 3.188658E+04 0.000000E+00
 9.196312E-01 8.660307E-0249500 1.228317E+03 9.240063E-01 8.720290E-02 3.217794E+04 0.000000E+00
50000 1.228317E+03 9.240285E-01 8.654465E-02 3.217717E+04 0.000000E+00
 9.240285E-01 8.654465E-0250500 1.228317E+03 9.240285E-01 8.907849E-02 3.217717E+04 0.000000E+00
51000 1.228318E+03 9.240285E-01 8.803847E-02 3.217717E+04 0.000000E+00
 9.240285E-01 8.803847E-0251500 1.228318E+03 9.240285E-01 8.737230E-02 3.217717E+04 0.000000E+00
52000 1.228318E+03 9.240285E-01 8.806398E-02 3.217717E+04 0.000000E+00
 9.240285E-01 8.806398E-0252500 1.228318E+03 9.240285E-01 8.648863E-02 3.217717E+04 0.000000E+00
53000 1.228318E+03 9.239807E-01 8.537596E-02 3.217883E+04 0.000000E+00
 9.239807E-01 8.537596E-0253500 1.228318E+03 9.240285E-01 8.540244E-02 3.217717E+04 0.000000E+00
54000 1.228318E+03 9.240285E-01 8.748770E-02 3.217717E+04 0.000000E+00
 9.240285E-01 8.748770E-0254500 1.228318E+03 9.240285E-01 8.521946E-02 3.217717E+04 0.000000E+00
55000 1.228318E+03 9.240285E-01 8.705770E-02 3.217717E+04 0.000000E+00
 9.240285E-01 8.705770E-0255500 1.228318E+03 9.233682E-01 8.559188E-02 3.187963E+04 0.000000E+00
56000 1.228318E+03 9.240285E-01 8.684018E-02 3.217717E+04 0.000000E+00
 9.240285E-01 8.684018E-0256500 1.228318E+03 9.237795E-01 8.829327E-02 3.344193E+04 0.000000E+00
57000 1.228318E+03 9.236971E-01 8.482888E-02 3.218870E+04 0.000000E+00
 9.236971E-01 8.482888E-0257500 1.228318E+03 9.235941E-01 8.895727E-02 3.219229E+04 0.000000E+00
58000 1.228318E+03 9.235941E-01 8.662938E-02 3.219229E+04 0.000000E+00
 9.235941E-01 8.662938E-0258500 1.228318E+03 9.235941E-01 8.714966E-02 3.219229E+04 0.000000E+00
59000 1.228318E+03 9.235941E-01 8.777254E-02 3.219229E+04 0.000000E+00
 9.235941E-01 8.777254E-0259500 1.228318E+03 9.235941E-01 8.825970E-02 3.219229E+04 0.000000E+00
60000 1.228318E+03 9.235941E-01 8.854719E-02 3.219229E+04 0.000000E+00
 9.235941E-01 8.854719E-0260500 1.228319E+03 9.235941E-01 8.669393E-02 3.219229E+04 0.000000E+00
61000 1.228319E+03 9.232386E-01 8.736151E-02 3.220513E+04 0.000000E+00
 9.232386E-01 8.736151E-0261500 1.228319E+03 9.235941E-01 8.688825E-02 3.219229E+04 0.000000E+00
62000 1.228319E+03 9.235941E-01 8.785576E-02 3.219229E+04 0.000000E+00
 9.235941E-01 8.785576E-0262500 1.228319E+03 9.235941E-01 8.852740E-02 3.219229E+04 0.000000E+00
63000 1.228319E+03 9.235941E-01 8.768614E-02 3.219229E+04 0.000000E+00
 9.235941E-01 8.768614E-0263500 1.228319E+03 9.235941E-01 8.213298E-02 3.219229E+04 0.000000E+00
64000 1.228319E+03 9.236755E-01 8.511730E-02 3.218947E+04 0.000000E+00
 9.236755E-01 8.511730E-0264500 1.228319E+03 9.236755E-01 8.685368E-02 3.218947E+04 0.000000E+00
65000 1.228319E+03 9.237068E-01 8.932147E-02 3.269708E+04 0.000000E+00
 9.237068E-01 8.932147E-0265500 1.228319E+03 9.236719E-01 8.787788E-02 3.218959E+04 0.000000E+00
66000 1.228319E+03 9.236755E-01 8.886192E-02 3.218947E+04 0.000000E+00
 9.236755E-01 8.886192E-0266500 1.228319E+03 9.236755E-01 8.867440E-02 3.218947E+04 0.000000E+00
67000 1.228319E+03 9.236755E-01 8.875180E-02 3.218947E+04 0.000000E+00
 9.236755E-01 8.875180E-0267500 1.228319E+03 9.192085E-01 8.532622E-02 3.223448E+04 0.000000E+00
68000 1.228319E+03 9.236755E-01 8.478066E-02 3.218947E+04 0.000000E+00
 9.236755E-01 8.478066E-0268500 1.228319E+03 9.236755E-01 8.553971E-02 3.218947E+04 0.000000E+00
69000 1.228319E+03 9.236755E-01 8.768375E-02 3.218947E+04 0.000000E+00
 9.236755E-01 8.768375E-0269500 1.228319E+03 9.236755E-01 8.810487E-02 3.218947E+04 0.000000E+00
70000 1.228320E+03 9.236755E-01 8.735216E-02 3.218947E+04 0.000000E+00
 9.236755E-01 8.735216E-0270500 1.228320E+03 9.236755E-01 8.752900E-02 3.218947E+04 0.000000E+00
71000 1.228320E+03 9.236759E-01 8.699937E-02 3.218945E+04 0.000000E+00
 9.236759E-01 8.699937E-0271500 1.228320E+03 9.236755E-01 8.780933E-02 3.218947E+04 0.000000E+00
72000 1.228320E+03 9.118987E-01 8.694958E-02 4.174905E+04 0.000000E+00
 9.118987E-01 8.694958E-0272500 1.228320E+03 8.980735E-01 8.582145E-02 5.297116E+04 0.000000E+00
73000 1.228320E+03 8.994212E-01 8.896977E-02 5.396034E+04 0.000000E+00
 8.994212E-01 8.896977E-0273500 1.228320E+03 8.994212E-01 8.912271E-02 5.396034E+04 0.000000E+00
74000 1.228320E+03 8.994212E-01 8.845916E-02 5.396034E+04 0.000000E+00
 8.994212E-01 8.845916E-0274500 1.228320E+03 8.994212E-01 8.817464E-02 5.396034E+04 0.000000E+00
75000 1.228320E+03 8.994295E-01 8.792195E-02 5.395977E+04 0.000000E+00
 8.994295E-01 8.792195E-0275500 1.228320E+03 8.994295E-01 8.825119E-02 5.395977E+04 0.000000E+00
76000 1.228320E+03 8.964875E-01 8.850741E-02 5.414644E+04 0.000000E+00
 8.964875E-01 8.850741E-0276500 1.228320E+03 8.997143E-01 8.881664E-02 5.394321E+04 0.000000E+00
77000 1.228320E+03 8.993064E-01 8.719952E-02 5.396716E+04 0.000000E+00
 8.993064E-01 8.719952E-0277500 1.228320E+03 8.940122E-01 8.746152E-02 4.780466E+04 0.000000E+00
78000 1.228320E+03 8.993976E-01 8.727317E-02 5.396169E+04 0.000000E+00
 8.993976E-01 8.727317E-0278500 1.228320E+03 8.994295E-01 8.564485E-02 5.395977E+04 0.000000E+00
79000 1.228320E+03 8.994295E-01 8.772386E-02 5.395977E+04 0.000000E+00
 8.994295E-01 8.772386E-0279500 1.228320E+03 8.994295E-01 8.887760E-02 5.395977E+04 0.000000E+00
80000 1.228321E+03 8.994295E-01 8.676516E-02 5.395977E+04 0.000000E+00
 8.994295E-01 8.676516E-0280500 1.228321E+03 9.523138E-01 9.466688E-02 5.746100E+04 0.000000E+00
81000 1.228321E+03 9.523138E-01 9.440181E-02 5.746100E+04 0.000000E+00
 9.523138E-01 9.440181E-0281500 1.228321E+03 9.386728E-01 9.793916E-02 3.431332E+04 0.000000E+00
82000 1.228321E+03 9.386742E-01 9.847886E-02 3.431326E+04 0.000000E+00
 9.386742E-01 9.847886E-0282500 1.228321E+03 9.386728E-01 9.809754E-02 3.431332E+04 0.000000E+00
83000 1.228321E+03 9.386728E-01 9.774190E-02 3.431332E+04 0.000000E+00
 9.386728E-01 9.774190E-0283500 1.228321E+03 9.386963E-01 9.761345E-02 3.431246E+04 0.000000E+00
84000 1.228321E+03 9.386774E-01 9.782600E-02 3.431315E+04 0.000000E+00
 9.386774E-01 9.782600E-0284500 1.228321E+03 9.386728E-01 9.697499E-02 3.431332E+04 0.000000E+00
85000 1.228321E+03 9.386728E-01 9.528168E-02 3.431332E+04 0.000000E+00
 9.386728E-01 9.528168E-0285500 1.228321E+03 9.385087E-01 9.801116E-02 3.431930E+04 0.000000E+00
