0 0.000000E+00 1.547638E+00 1.111110E-01 2.222220E-01 1.000000E+00 4.000000E+00 -3.000000E+00 7.777784E-01
0 2.021126E+02 1.563115E+00 1.111110E-01 2.222220E-01 1.000000E+00 4.000000E+00 -3.000000E+00 7.777784E-01
1000 1.228196E+03 1.906286E+00 1.111110E-01 4.444441E-01 0.000000E+00 2.000000E+00 -2.000000E+00 4.444441E-01
1250 1.228229E+03 1.906286E+00 1.111110E-01 4.444441E-01 0.000000E+00 2.000000E+00 -2.000000E+00 4.444441E-01
1500 1.228253E+03 1.903121E+00 1.111110E-01 4.877776E-01 0.000000E+00 2.000000E+00 -2.000000E+00 4.444441E-01
1750 1.228275E+03 1.898087E+00 1.111110E-01 5.555562E-01 0.000000E+00 2.000000E+00 -2.000000E+00 4.444441E-01
2000 1.228296E+03 1.898087E+00 1.111110E-01 5.555562E-01 0.000000E+00 2.000000E+00 -2.000000E+00 4.444441E-01
2250 1.228307E+03 1.898087E+00 1.111110E-01 5.555562E-01 0.000000E+00 2.000000E+00 -2.000000E+00 4.444441E-01
2500 1.228310E+03 1.897185E+00 1.111110E-01 5.555562E-01 0.000000E+00 2.000000E+00 -2.000000E+00 4.444441E-01
2750 1.228310E+03 1.898087E+00 1.111110E-01 5.555562E-01 0.000000E+00 2.000000E+00 -2.000000E+00 4.444441E-01
3000 1.228310E+03 1.899101E+00 1.111110E-01 5.555562E-01 0.000000E+00 2.000000E+00 -2.000000E+00 4.444441E-01
3250 1.228310E+03 1.899103E+00 1.111110E-01 5.555562E-01 0.000000E+00 2.000000E+00 -2.000000E+00 4.444441E-01
3500 1.228310E+03 1.932862E+00 2.222220E-01 5.544451E-01 0.000000E+00 2.000000E+00 -2.000000E+00 4.444441E-01
3750 1.228311E+03 1.962296E+00 3.366668E-01 5.555562E-01 0.000000E+00 2.000000E+00 -2.000000E+00 4.444441E-01
4000 1.228311E+03 1.961463E+00 3.333335E-01 5.555562E-01 0.000000E+00 2.000000E+00 -2.000000E+00 4.444441E-01
4250 1.228311E+03 1.960996E+00 3.333335E-01 5.555562E-01 0.000000E+00 2.000000E+00 -2.000000E+00 4.444441E-01
4500 1.228311E+03 1.962308E+00 3.333335E-01 5.566673E-01 1.000000E-02 2.000000E+00 -1.990000E+00 4.433330E-01
4750 1.228311E+03 1.960996E+00 3.333335E-01 5.555562E-01 0.000000E+00 2.000000E+00 -2.000000E+00 4.444441E-01
5000 1.228311E+03 1.960980E+00 3.333335E-01 5.555562E-01 0.000000E+00 2.000000E+00 -2.000000E+00 4.444441E-01
5250 1.228311E+03 1.960996E+00 3.333335E-01 5.555562E-01 0.000000E+00 2.000000E+00 -2.000000E+00 4.444441E-01
5500 1.228311E+03 1.960996E+00 3.333335E-01 5.555562E-01 0.000000E+00 2.000000E+00 -2.000000E+00 4.444441E-01
5750 1.228311E+03 1.960996E+00 3.333335E-01 5.555562E-01 0.000000E+00 2.000000E+00 -2.000000E+00 4.444441E-01
6000 1.228311E+03 1.960996E+00 3.333335E-01 5.555562E-01 0.000000E+00 2.000000E+00 -2.000000E+00 4.444441E-01
6250 1.228311E+03 1.960996E+00 3.333335E-01 5.555562E-01 0.000000E+00 2.000000E+00 -2.000000E+00 4.444441E-01
6500 1.228311E+03 1.960996E+00 3.333335E-01 5.555562E-01 0.000000E+00 2.000000E+00 -2.000000E+00 4.444441E-01
6750 1.228311E+03 1.960996E+00 3.333335E-01 5.555562E-01 0.000000E+00 2.000000E+00 -2.000000E+00 4.444441E-01
7000 1.228311E+03 1.960996E+00 3.333335E-01 5.555562E-01 0.000000E+00 2.000000E+00 -2.000000E+00 4.444441E-01
7250 1.228311E+03 1.960996E+00 3.333335E-01 5.555562E-01 0.000000E+00 2.000000E+00 -2.000000E+00 4.444441E-01
7500 1.228311E+03 1.960996E+00 3.333335E-01 5.555562E-01 0.000000E+00 2.000000E+00 -2.000000E+00 4.444441E-01
7750 1.228311E+03 1.960996E+00 3.333335E-01 5.555562E-01 0.000000E+00 2.000000E+00 -2.000000E+00 4.444441E-01
8000 1.228312E+03 1.960996E+00 3.333335E-01 5.555562E-01 0.000000E+00 2.000000E+00 -2.000000E+00 4.444441E-01
8250 1.228312E+03 1.960996E+00 3.333335E-01 5.555562E-01 0.000000E+00 2.000000E+00 -2.000000E+00 4.444441E-01
8500 1.228312E+03 1.960996E+00 3.333335E-01 5.555562E-01 0.000000E+00 2.000000E+00 -2.000000E+00 4.444441E-01
8750 1.228312E+03 1.960996E+00 3.333335E-01 5.555562E-01 0.000000E+00 2.000000E+00 -2.000000E+00 4.444441E-01
9000 1.228312E+03 1.960996E+00 3.333335E-01 5.555562E-01 0.000000E+00 2.000000E+00 -2.000000E+00 4.444441E-01
9250 1.228312E+03 1.960996E+00 3.333335E-01 5.555562E-01 0.000000E+00 2.000000E+00 -2.000000E+00 4.444441E-01
9500 1.228312E+03 1.960986E+00 3.333335E-01 5.555562E-01 0.000000E+00 2.000000E+00 -2.000000E+00 4.444441E-01
9750 1.228312E+03 1.960996E+00 3.333335E-01 5.555562E-01 0.000000E+00 2.000000E+00 -2.000000E+00 4.444441E-01
10000 1.228312E+03 1.960972E+00 3.333335E-01 5.555562E-01 0.000000E+00 2.000000E+00 -2.000000E+00 4.444441E-01
10500 1.228312E+03 1.960996E+00 3.333335E-01 5.555562E-01 0.000000E+00 2.000000E+00 -2.000000E+00 4.444441E-01
11000 1.228312E+03 1.960996E+00 3.333335E-01 5.555562E-01 0.000000E+00 2.000000E+00 -2.000000E+00 4.444441E-01
11500 1.228312E+03 1.960996E+00 3.333335E-01 5.555562E-01 0.000000E+00 2.000000E+00 -2.000000E+00 4.444441E-01
12000 1.228312E+03 1.960996E+00 3.333335E-01 5.555562E-01 0.000000E+00 2.000000E+00 -2.000000E+00 4.444441E-01
12500 1.228312E+03 1.960996E+00 3.333335E-01 5.555562E-01 0.000000E+00 2.000000E+00 -2.000000E+00 4.444441E-01
13000 1.228312E+03 1.960996E+00 3.333335E-01 5.555562E-01 0.000000E+00 2.000000E+00 -2.000000E+00 4.444441E-01
13500 1.228313E+03 1.960996E+00 3.333335E-01 5.555562E-01 0.000000E+00 2.000000E+00 -2.000000E+00 4.444441E-01
14000 1.228313E+03 1.960996E+00 3.333335E-01 5.555562E-01 0.000000E+00 2.000000E+00 -2.000000E+00 4.444441E-01
14500 1.228313E+03 1.960996E+00 3.333335E-01 5.555562E-01 0.000000E+00 2.000000E+00 -2.000000E+00 4.444441E-01
15000 1.228313E+03 1.960999E+00 3.333335E-01 5.555562E-01 0.000000E+00 2.000000E+00 -2.000000E+00 4.444441E-01
15500 1.228313E+03 1.960996E+00 3.333335E-01 5.555562E-01 0.000000E+00 2.000000E+00 -2.000000E+00 4.444441E-01
16000 1.228313E+03 1.960996E+00 3.333335E-01 5.555562E-01 0.000000E+00 2.000000E+00 -2.000000E+00 4.444441E-01
16500 1.228313E+03 1.960996E+00 3.333335E-01 5.555562E-01 0.000000E+00 2.000000E+00 -2.000000E+00 4.444441E-01
17000 1.228313E+03 1.960996E+00 3.333335E-01 5.555562E-01 0.000000E+00 2.000000E+00 -2.000000E+00 4.444441E-01
17500 1.228313E+03 1.959426E+00 3.322224E-01 5.544451E-01 0.000000E+00 2.000000E+00 -2.000000E+00 4.444441E-01
18000 1.228313E+03 1.960996E+00 3.333335E-01 5.555562E-01 0.000000E+00 2.000000E+00 -2.000000E+00 4.444441E-01
18500 1.228313E+03 1.960996E+00 3.333335E-01 5.555562E-01 0.000000E+00 2.000000E+00 -2.000000E+00 4.444441E-01
19000 1.228314E+03 1.959679E+00 3.322224E-01 5.544451E-01 0.000000E+00 2.000000E+00 -2.000000E+00 4.444441E-01
19500 1.228314E+03 1.960996E+00 3.333335E-01 5.555562E-01 0.000000E+00 2.000000E+00 -2.000000E+00 4.444441E-01
20000 1.228314E+03 1.997288E+00 3.333335E-01 5.555562E-01 -1.000000E+00 1.000000E+00 -2.000000E+00 3.333335E-01
20500 1.228314E+03 1.997288E+00 3.333335E-01 5.555562E-01 -1.000000E+00 1.000000E+00 -2.000000E+00 3.333335E-01
21000 1.228314E+03 1.997288E+00 3.333335E-01 5.555562E-01 -1.000000E+00 1.000000E+00 -2.000000E+00 3.333335E-01
21500 1.228314E+03 1.997755E+00 3.333335E-01 5.555562E-01 -1.000000E+00 1.000000E+00 -2.000000E+00 3.333335E-01
22000 1.228314E+03 1.997760E+00 3.333335E-01 5.555562E-01 -1.000000E+00 1.000000E+00 -2.000000E+00 3.333335E-01
22500 1.228314E+03 1.997760E+00 3.333335E-01 5.555562E-01 -1.000000E+00 1.000000E+00 -2.000000E+00 3.333335E-01
23000 1.228314E+03 1.997760E+00 3.333335E-01 5.555562E-01 -1.000000E+00 1.000000E+00 -2.000000E+00 3.333335E-01
23500 1.228314E+03 1.998557E+00 3.333335E-01 5.555562E-01 -9.700000E-01 1.000000E+00 -1.970000E+00 3.300002E-01
24000 1.228314E+03 1.997760E+00 3.333335E-01 5.555562E-01 -1.000000E+00 1.000000E+00 -2.000000E+00 3.333335E-01
24500 1.228314E+03 1.997745E+00 3.333335E-01 5.555562E-01 -1.000000E+00 1.000000E+00 -2.000000E+00 3.333335E-01
25000 1.228314E+03 1.998487E+00 3.333335E-01 5.555562E-01 -1.000000E+00 1.000000E+00 -2.000000E+00 3.333335E-01
25500 1.228315E+03 1.997760E+00 3.333335E-01 5.555562E-01 -1.000000E+00 1.000000E+00 -2.000000E+00 3.333335E-01
26000 1.228315E+03 1.997760E+00 3.333335E-01 5.555562E-01 -1.000000E+00 1.000000E+00 -2.000000E+00 3.333335E-01
26500 1.228315E+03 1.997760E+00 3.333335E-01 5.555562E-01 -1.000000E+00 1.000000E+00 -2.000000E+00 3.333335E-01
27000 1.228315E+03 1.997760E+00 3.333335E-01 5.555562E-01 -1.000000E+00 1.000000E+00 -2.000000E+00 3.333335E-01
27500 1.228315E+03 1.997760E+00 3.333335E-01 5.555562E-01 -1.000000E+00 1.000000E+00 -2.000000E+00 3.333335E-01
28000 1.228315E+03 1.997760E+00 3.333335E-01 5.555562E-01 -1.000000E+00 1.000000E+00 -2.000000E+00 3.333335E-01
28500 1.228315E+03 1.997760E+00 3.333335E-01 5.555562E-01 -1.000000E+00 1.000000E+00 -2.000000E+00 3.333335E-01
29000 1.228315E+03 1.997748E+00 3.333335E-01 5.555562E-01 -1.000000E+00 1.000000E+00 -2.000000E+00 3.333335E-01
29500 1.228315E+03 1.997760E+00 3.333335E-01 5.555562E-01 -1.000000E+00 1.000000E+00 -2.000000E+00 3.333335E-01
30000 1.228315E+03 1.997753E+00 3.333335E-01 5.555562E-01 -1.000000E+00 1.000000E+00 -2.000000E+00 3.333335E-01
30500 1.228315E+03 1.997760E+00 3.333335E-01 5.555562E-01 -1.000000E+00 1.000000E+00 -2.000000E+00 3.333335E-01
31000 1.228315E+03 1.997760E+00 3.333335E-01 5.555562E-01 -1.000000E+00 1.000000E+00 -2.000000E+00 3.333335E-01
31500 1.228315E+03 2.058253E+00 3.333335E-01 5.555562E-01 -1.000000E+00 1.000000E+00 -2.000000E+00 3.333335E-01
32000 1.228315E+03 2.058443E+00 3.333335E-01 5.555562E-01 -1.000000E+00 1.000000E+00 -2.000000E+00 3.333335E-01
32500 1.228316E+03 2.058442E+00 3.333335E-01 5.555562E-01 -1.000000E+00 1.000000E+00 -2.000000E+00 3.333335E-01
33000 1.228316E+03 2.059995E+00 3.366668E-01 5.555562E-01 -9.700000E-01 1.000000E+00 -1.970000E+00 3.300002E-01
33500 1.228316E+03 2.058443E+00 3.333335E-01 5.555562E-01 -1.000000E+00 1.000000E+00 -2.000000E+00 3.333335E-01
34000 1.228316E+03 2.058443E+00 3.333335E-01 5.555562E-01 -1.000000E+00 1.000000E+00 -2.000000E+00 3.333335E-01
34500 1.228316E+03 2.058443E+00 3.333335E-01 5.555562E-01 -1.000000E+00 1.000000E+00 -2.000000E+00 3.333335E-01
35000 1.228316E+03 2.058443E+00 3.333335E-01 5.555562E-01 -1.000000E+00 1.000000E+00 -2.000000E+00 3.333335E-01
35500 1.228316E+03 2.058721E+00 3.344446E-01 5.555562E-01 -1.000000E+00 1.000000E+00 -2.000000E+00 3.333335E-01
36000 1.228316E+03 2.058443E+00 3.333335E-01 5.555562E-01 -1.000000E+00 1.000000E+00 -2.000000E+00 3.333335E-01
36500 1.228316E+03 2.058443E+00 3.333335E-01 5.555562E-01 -1.000000E+00 1.000000E+00 -2.000000E+00 3.333335E-01
37000 1.228316E+03 2.058443E+00 3.333335E-01 5.555562E-01 -1.000000E+00 1.000000E+00 -2.000000E+00 3.333335E-01
37500 1.228316E+03 2.058708E+00 3.333335E-01 5.555562E-01 -9.900000E-01 1.000000E+00 -1.990000E+00 3.322224E-01
38000 1.228316E+03 2.058443E+00 3.333335E-01 5.555562E-01 -1.000000E+00 1.000000E+00 -2.000000E+00 3.333335E-01
38500 1.228316E+03 2.058443E+00 3.333335E-01 5.555562E-01 -1.000000E+00 1.000000E+00 -2.000000E+00 3.333335E-01
39000 1.228316E+03 2.058443E+00 3.333335E-01 5.555562E-01 -1.000000E+00 1.000000E+00 -2.000000E+00 3.333335E-01
39500 1.228316E+03 2.058443E+00 3.333335E-01 5.555562E-01 -1.000000E+00 1.000000E+00 -2.000000E+00 3.333335E-01
40000 1.228316E+03 2.058443E+00 3.333335E-01 5.555562E-01 -1.000000E+00 1.000000E+00 -2.000000E+00 3.333335E-01
40500 1.228316E+03 2.058450E+00 3.333335E-01 5.555562E-01 -1.000000E+00 1.000000E+00 -2.000000E+00 3.333335E-01
41000 1.228316E+03 2.058443E+00 3.333335E-01 5.555562E-01 -1.000000E+00 1.000000E+00 -2.000000E+00 3.333335E-01
41500 1.228317E+03 2.057885E+00 3.311113E-01 5.555562E-01 -1.000000E+00 1.000000E+00 -2.000000E+00 3.333335E-01
42000 1.228317E+03 2.058451E+00 3.333335E-01 5.555562E-01 -1.000000E+00 1.000000E+00 -2.000000E+00 3.333335E-01
42500 1.228317E+03 2.058443E+00 3.333335E-01 5.555562E-01 -1.000000E+00 1.000000E+00 -2.000000E+00 3.333335E-01
43000 1.228317E+03 2.058443E+00 3.333335E-01 5.555562E-01 -1.000000E+00 1.000000E+00 -2.000000E+00 3.333335E-01
43500 1.228317E+03 2.058443E+00 3.333335E-01 5.555562E-01 -1.000000E+00 1.000000E+00 -2.000000E+00 3.333335E-01
44000 1.228317E+03 2.058438E+00 3.333335E-01 5.555562E-01 -1.000000E+00 1.000000E+00 -2.000000E+00 3.333335E-01
44500 1.228317E+03 2.058443E+00 3.333335E-01 5.555562E-01 -1.000000E+00 1.000000E+00 -2.000000E+00 3.333335E-01
45000 1.228317E+03 2.060005E+00 3.333335E-01 5.566673E-01 -1.010000E+00 9.900000E-01 -2.000000E+00 3.322224E-01
45500 1.228317E+03 2.058443E+00 3.333335E-01 5.555562E-01 -1.000000E+00 1.000000E+00 -2.000000E+00 3.333335E-01
46000 1.228317E+03 2.058443E+00 3.333335E-01 5.555562E-01 -1.000000E+00 1.000000E+00 -2.000000E+00 3.333335E-01
46500 1.228317E+03 2.058443E+00 3.333335E-01 5.555562E-01 -1.000000E+00 1.000000E+00 -2.000000E+00 3.333335E-01
47000 1.228317E+03 2.058443E+00 3.333335E-01 5.555562E-01 -1.000000E+00 1.000000E+00 -2.000000E+00 3.333335E-01
47500 1.228317E+03 2.058439E+00 3.333335E-01 5.555562E-01 -1.000000E+00 1.000000E+00 -2.000000E+00 3.333335E-01
48000 1.228317E+03 2.058443E+00 3.333335E-01 5.555562E-01 -1.000000E+00 1.000000E+00 -2.000000E+00 3.333335E-01
48500 1.228317E+03 2.058443E+00 3.333335E-01 5.555562E-01 -1.000000E+00 1.000000E+00 -2.000000E+00 3.333335E-01
49000 1.228317E+03 2.056982E+00 3.322224E-01 5.544451E-01 -9.900000E-01 1.010000E+00 -2.000000E+00 3.344446E-01
49500 1.228317E+03 2.058443E+00 3.333335E-01 5.555562E-01 -1.000000E+00 1.000000E+00 -2.000000E+00 3.333335E-01
50000 1.228317E+03 2.058443E+00 3.333335E-01 5.555562E-01 -1.000000E+00 1.000000E+00 -2.000000E+00 3.333335E-01
50500 1.228317E+03 2.058443E+00 3.333335E-01 5.555562E-01 -1.000000E+00 1.000000E+00 -2.000000E+00 3.333335E-01
51000 1.228318E+03 2.058443E+00 3.333335E-01 5.555562E-01 -1.000000E+00 1.000000E+00 -2.000000E+00 3.333335E-01
51500 1.228318E+03 2.058443E+00 3.333335E-01 5.555562E-01 -1.000000E+00 1.000000E+00 -2.000000E+00 3.333335E-01
52000 1.228318E+03 2.058443E+00 3.333335E-01 5.555562E-01 -1.000000E+00 1.000000E+00 -2.000000E+00 3.333335E-01
52500 1.228318E+03 2.058443E+00 3.333335E-01 5.555562E-01 -1.000000E+00 1.000000E+00 -2.000000E+00 3.333335E-01
53000 1.228318E+03 2.058443E+00 3.333335E-01 5.555562E-01 -1.000000E+00 1.000000E+00 -2.000000E+00 3.333335E-01
53500 1.228318E+03 2.058443E+00 3.333335E-01 5.555562E-01 -1.000000E+00 1.000000E+00 -2.000000E+00 3.333335E-01
54000 1.228318E+03 2.058443E+00 3.333335E-01 5.555562E-01 -1.000000E+00 1.000000E+00 -2.000000E+00 3.333335E-01
54500 1.228318E+03 2.058443E+00 3.333335E-01 5.555562E-01 -1.000000E+00 1.000000E+00 -2.000000E+00 3.333335E-01
55000 1.228318E+03 2.058443E+00 3.333335E-01 5.555562E-01 -1.000000E+00 1.000000E+00 -2.000000E+00 3.333335E-01
55500 1.228318E+03 2.058443E+00 3.333335E-01 5.555562E-01 -1.000000E+00 1.000000E+00 -2.000000E+00 3.333335E-01
56000 1.228318E+03 2.058443E+00 3.333335E-01 5.555562E-01 -1.000000E+00 1.000000E+00 -2.000000E+00 3.333335E-01
56500 1.228318E+03 2.058443E+00 3.333335E-01 5.555562E-01 -1.000000E+00 1.000000E+00 -2.000000E+00 3.333335E-01
57000 1.228318E+03 2.058443E+00 3.333335E-01 5.555562E-01 -1.000000E+00 1.000000E+00 -2.000000E+00 3.333335E-01
57500 1.228318E+03 2.058443E+00 3.333335E-01 5.555562E-01 -1.000000E+00 1.000000E+00 -2.000000E+00 3.333335E-01
58000 1.228318E+03 2.058443E+00 3.333335E-01 5.555562E-01 -1.000000E+00 1.000000E+00 -2.000000E+00 3.333335E-01
58500 1.228318E+03 2.058443E+00 3.333335E-01 5.555562E-01 -1.000000E+00 1.000000E+00 -2.000000E+00 3.333335E-01
59000 1.228318E+03 2.058443E+00 3.333335E-01 5.555562E-01 -1.000000E+00 1.000000E+00 -2.000000E+00 3.333335E-01
59500 1.228318E+03 2.058443E+00 3.333335E-01 5.555562E-01 -1.000000E+00 1.000000E+00 -2.000000E+00 3.333335E-01
60000 1.228318E+03 2.058443E+00 3.333335E-01 5.555562E-01 -1.000000E+00 1.000000E+00 -2.000000E+00 3.333335E-01
60500 1.228319E+03 2.058443E+00 3.333335E-01 5.555562E-01 -1.000000E+00 1.000000E+00 -2.000000E+00 3.333335E-01
61000 1.228319E+03 2.058447E+00 3.333335E-01 5.555562E-01 -1.000000E+00 1.000000E+00 -2.000000E+00 3.333335E-01
61500 1.228319E+03 2.058443E+00 3.333335E-01 5.555562E-01 -1.000000E+00 1.000000E+00 -2.000000E+00 3.333335E-01
62000 1.228319E+03 2.058443E+00 3.333335E-01 5.555562E-01 -1.000000E+00 1.000000E+00 -2.000000E+00 3.333335E-01
62500 1.228319E+03 2.058443E+00 3.333335E-01 5.555562E-01 -1.000000E+00 1.000000E+00 -2.000000E+00 3.333335E-01
63000 1.228319E+03 2.058443E+00 3.333335E-01 5.555562E-01 -1.000000E+00 1.000000E+00 -2.000000E+00 3.333335E-01
63500 1.228319E+03 2.058443E+00 3.333335E-01 5.555562E-01 -1.000000E+00 1.000000E+00 -2.000000E+00 3.333335E-01
64000 1.228319E+03 2.058443E+00 3.333335E-01 5.555562E-01 -1.000000E+00 1.000000E+00 -2.000000E+00 3.333335E-01
64500 1.228319E+03 2.058443E+00 3.333335E-01 5.555562E-01 -1.000000E+00 1.000000E+00 -2.000000E+00 3.333335E-01
65000 1.228319E+03 2.058443E+00 3.333335E-01 5.555562E-01 -1.000000E+00 1.000000E+00 -2.000000E+00 3.333335E-01
65500 1.228319E+03 2.058443E+00 3.333335E-01 5.555562E-01 -1.000000E+00 1.000000E+00 -2.000000E+00 3.333335E-01
66000 1.228319E+03 2.058447E+00 3.333335E-01 5.555562E-01 -1.000000E+00 1.000000E+00 -2.000000E+00 3.333335E-01
66500 1.228319E+03 2.058458E+00 3.333335E-01 5.555562E-01 -1.000000E+00 1.000000E+00 -2.000000E+00 3.333335E-01
67000 1.228319E+03 2.058443E+00 3.333335E-01 5.555562E-01 -1.000000E+00 1.000000E+00 -2.000000E+00 3.333335E-01
67500 1.228319E+03 2.058442E+00 3.333335E-01 5.555562E-01 -1.000000E+00 1.000000E+00 -2.000000E+00 3.333335E-01
68000 1.228319E+03 2.058434E+00 3.333335E-01 5.555562E-01 -1.000000E+00 1.000000E+00 -2.000000E+00 3.333335E-01
68500 1.228319E+03 2.058443E+00 3.333335E-01 5.555562E-01 -1.000000E+00 1.000000E+00 -2.000000E+00 3.333335E-01
69000 1.228319E+03 2.058443E+00 3.333335E-01 5.555562E-01 -1.000000E+00 1.000000E+00 -2.000000E+00 3.333335E-01
69500 1.228319E+03 2.058443E+00 3.333335E-01 5.555562E-01 -1.000000E+00 1.000000E+00 -2.000000E+00 3.333335E-01
70000 1.228320E+03 2.058443E+00 3.333335E-01 5.555562E-01 -1.000000E+00 1.000000E+00 -2.000000E+00 3.333335E-01
70500 1.228320E+03 2.058443E+00 3.333335E-01 5.555562E-01 -1.000000E+00 1.000000E+00 -2.000000E+00 3.333335E-01
71000 1.228320E+03 2.058443E+00 3.333335E-01 5.555562E-01 -1.000000E+00 1.000000E+00 -2.000000E+00 3.333335E-01
71500 1.228320E+03 2.058443E+00 3.333335E-01 5.555562E-01 -1.000000E+00 1.000000E+00 -2.000000E+00 3.333335E-01
72000 1.228320E+03 2.058437E+00 3.333335E-01 5.555562E-01 -1.000000E+00 1.000000E+00 -2.000000E+00 3.333335E-01
72500 1.228320E+03 2.058443E+00 3.333335E-01 5.555562E-01 -1.000000E+00 1.000000E+00 -2.000000E+00 3.333335E-01
73000 1.228320E+03 2.057978E+00 3.333335E-01 5.555562E-01 -1.000000E+00 1.000000E+00 -2.000000E+00 3.333335E-01
73500 1.228320E+03 2.057978E+00 3.333335E-01 5.555562E-01 -1.000000E+00 1.000000E+00 -2.000000E+00 3.333335E-01
74000 1.228320E+03 2.057978E+00 3.333335E-01 5.555562E-01 -1.000000E+00 1.000000E+00 -2.000000E+00 3.333335E-01
74500 1.228320E+03 2.057978E+00 3.333335E-01 5.555562E-01 -1.000000E+00 1.000000E+00 -2.000000E+00 3.333335E-01
75000 1.228320E+03 2.057978E+00 3.333335E-01 5.555562E-01 -1.000000E+00 1.000000E+00 -2.000000E+00 3.333335E-01
75500 1.228320E+03 2.057991E+00 3.333335E-01 5.555562E-01 -1.000000E+00 1.000000E+00 -2.000000E+00 3.333335E-01
76000 1.228320E+03 2.057978E+00 3.333335E-01 5.555562E-01 -1.000000E+00 1.000000E+00 -2.000000E+00 3.333335E-01
76500 1.228320E+03 2.057978E+00 3.333335E-01 5.555562E-01 -1.000000E+00 1.000000E+00 -2.000000E+00 3.333335E-01
77000 1.228320E+03 2.057978E+00 3.333335E-01 5.555562E-01 -1.000000E+00 1.000000E+00 -2.000000E+00 3.333335E-01
77500 1.228320E+03 2.057978E+00 3.333335E-01 5.555562E-01 -1.000000E+00 1.000000E+00 -2.000000E+00 3.333335E-01
78000 1.228320E+03 2.057978E+00 3.333335E-01 5.555562E-01 -1.000000E+00 1.000000E+00 -2.000000E+00 3.333335E-01
78500 1.228320E+03 2.057978E+00 3.333335E-01 5.555562E-01 -1.000000E+00 1.000000E+00 -2.000000E+00 3.333335E-01
79000 1.228320E+03 2.057975E+00 3.333335E-01 5.555562E-01 -1.000000E+00 1.000000E+00 -2.000000E+00 3.333335E-01
79500 1.228320E+03 2.057978E+00 3.333335E-01 5.555562E-01 -1.000000E+00 1.000000E+00 -2.000000E+00 3.333335E-01
80000 1.228321E+03 2.057978E+00 3.333335E-01 5.555562E-01 -1.000000E+00 1.000000E+00 -2.000000E+00 3.333335E-01
80500 1.228321E+03 2.057978E+00 3.333335E-01 5.555562E-01 -1.000000E+00 1.000000E+00 -2.000000E+00 3.333335E-01
81000 1.228321E+03 2.057978E+00 3.333335E-01 5.555562E-01 -1.000000E+00 1.000000E+00 -2.000000E+00 3.333335E-01
81500 1.228321E+03 2.024050E+00 2.222220E-01 5.555562E-01 -1.000000E+00 1.000000E+00 -2.000000E+00 3.333335E-01
82000 1.228321E+03 2.023762E+00 2.222220E-01 5.555562E-01 -1.000000E+00 1.000000E+00 -2.000000E+00 3.333335E-01
82500 1.228321E+03 2.023762E+00 2.222220E-01 5.555562E-01 -1.000000E+00 1.000000E+00 -2.000000E+00 3.333335E-01
83000 1.228321E+03 2.023762E+00 2.222220E-01 5.555562E-01 -1.000000E+00 1.000000E+00 -2.000000E+00 3.333335E-01
83500 1.228321E+03 2.023762E+00 2.222220E-01 5.555562E-01 -1.000000E+00 1.000000E+00 -2.000000E+00 3.333335E-01
84000 1.228321E+03 2.023762E+00 2.222220E-01 5.555562E-01 -1.000000E+00 1.000000E+00 -2.000000E+00 3.333335E-01
84500 1.228321E+03 2.023762E+00 2.222220E-01 5.555562E-01 -1.000000E+00 1.000000E+00 -2.000000E+00 3.333335E-01
85000 1.228321E+03 2.023762E+00 2.222220E-01 5.555562E-01 -1.000000E+00 1.000000E+00 -2.000000E+00 3.333335E-01
85500 1.228321E+03 2.023764E+00 2.222220E-01 5.555562E-01 -1.000000E+00 1.000000E+00 -2.000000E+00 3.333335E-01
