0 0.000000E+00 1.000000E-01 1.000000E-01 6.786954E-04 1.101891E-02 9.9753004313E-01 9.9995416403E-01 5.831198E+00 5.971289E+00
0 2.021126E+02 1.000000E-01 1.000000E-01 6.786954E-04 1.101891E-02 9.9753004313E-01 9.9995416403E-01 5.831198E+00 5.971289E+00
1000 1.228196E+03 1.695191E-01 1.378636E-01 2.973926E-02 9.349439E-02 6.4371085167E-01 8.5954338312E-01 5.807977E+00 5.616354E+00
1250 1.228229E+03 1.650268E-01 1.375032E-01 3.004704E-02 1.123870E-01 6.6350346804E-01 4.9684727192E-01 5.808404E+00 5.510518E+00
1500 1.228253E+03 1.669048E-01 1.338424E-01 3.129178E-02 1.123496E-01 6.9381791353E-01 4.8490139842E-01 5.805269E+00 5.498236E+00
1750 1.228275E+03 1.590821E-01 1.427039E-01 3.179976E-02 1.201457E-01 7.3890233040E-01 4.8312786222E-01 5.800315E+00 5.497622E+00
2000 1.228296E+03 1.506396E-01 1.615200E-01 3.064778E-02 1.350736E-01 7.3890233040E-01 4.8312786222E-01 5.800315E+00 5.497622E+00
2250 1.228307E+03 1.468236E-01 1.620724E-01 3.129286E-02 8.503163E-02 5.6986337900E-01 9.9587446451E-01 5.713719E+00 5.744167E+00
2500 1.228310E+03 1.464935E-01 1.570229E-01 3.252290E-02 1.054668E-01 4.6109679341E-01 9.9125516415E-01 5.704259E+00 5.552491E+00
2750 1.228310E+03 1.498066E-01 1.570281E-01 2.655445E-02 4.341381E-02 6.6293263435E-01 9.7274190187E-01 5.817007E+00 5.701543E+00
3000 1.228310E+03 1.419392E-01 1.621560E-01 2.460882E-02 4.455440E-02 6.5831476450E-01 9.7265756130E-01 5.818969E+00 5.728956E+00
3250 1.228310E+03 1.353186E-01 1.680393E-01 2.377490E-02 4.622884E-02 8.4391075373E-01 9.7234898806E-01 5.799921E+00 5.730564E+00
3500 1.228310E+03 1.303069E-01 1.727929E-01 1.695500E-02 4.652220E-02 8.3108901978E-01 9.7186386585E-01 5.782148E+00 5.757093E+00
3750 1.228311E+03 1.351764E-01 1.693195E-01 1.304195E-02 4.484419E-02 7.8134608269E-01 9.5340079069E-01 5.810957E+00 5.700200E+00
4000 1.228311E+03 1.336792E-01 1.723147E-01 1.304473E-02 4.561015E-02 7.8235334158E-01 9.5539909601E-01 5.810122E+00 5.699122E+00
4250 1.228311E+03 1.313759E-01 1.719151E-01 1.176209E-02 8.430962E-03 7.3769301176E-01 8.7314206362E-01 5.809666E+00 5.817760E+00
4500 1.228311E+03 1.378099E-01 1.680497E-01 1.231220E-02 8.391151E-03 7.3292028904E-01 8.7614202499E-01 5.810977E+00 5.817934E+00
4750 1.228311E+03 1.375154E-01 1.681188E-01 1.236275E-02 8.397314E-03 7.3769301176E-01 8.7615913153E-01 5.809666E+00 5.817357E+00
5000 1.228311E+03 1.350166E-01 1.671628E-01 1.220079E-02 8.395257E-03 7.3769301176E-01 8.7615913153E-01 5.809666E+00 5.817357E+00
5250 1.228311E+03 1.374180E-01 1.641523E-01 1.244652E-02 8.248733E-03 7.3769301176E-01 8.7615913153E-01 5.809666E+00 5.817357E+00
5500 1.228311E+03 1.441413E-01 1.661193E-01 1.290204E-02 8.222592E-03 7.3769301176E-01 8.7615913153E-01 5.809666E+00 5.817357E+00
5750 1.228311E+03 1.478629E-01 1.535942E-01 1.347758E-02 7.687481E-03 7.3769301176E-01 8.7615913153E-01 5.809666E+00 5.817357E+00
6000 1.228311E+03 1.490841E-01 1.597530E-01 1.341586E-02 7.908653E-03 7.3769301176E-01 8.7615913153E-01 5.809666E+00 5.817357E+00
6250 1.228311E+03 1.484532E-01 1.572437E-01 1.342932E-02 7.821497E-03 7.3769301176E-01 8.7615913153E-01 5.809666E+00 5.817357E+00
6500 1.228311E+03 1.538643E-01 1.565768E-01 1.387339E-02 4.835541E-03 7.6599806547E-01 9.0081858635E-01 5.804140E+00 5.836033E+00
6750 1.228311E+03 1.431884E-01 1.575666E-01 1.305679E-02 4.954219E-03 7.6599806547E-01 9.0081858635E-01 5.804140E+00 5.836033E+00
7000 1.228311E+03 1.487443E-01 1.561271E-01 1.350716E-02 4.869627E-03 7.6599806547E-01 9.0081858635E-01 5.804140E+00 5.836033E+00
7250 1.228311E+03 1.473388E-01 1.569668E-01 1.338086E-02 4.902682E-03 7.6599806547E-01 9.0081858635E-01 5.804140E+00 5.836033E+00
7500 1.228311E+03 1.511154E-01 1.555796E-01 1.369559E-02 4.835755E-03 7.6599806547E-01 9.0081858635E-01 5.804140E+00 5.836033E+00
7750 1.228311E+03 1.519308E-01 1.495715E-01 1.390571E-02 4.683324E-03 7.6599836349E-01 9.0081858635E-01 5.804130E+00 5.836033E+00
8000 1.228312E+03 1.430827E-01 1.586401E-01 1.301906E-02 4.980793E-03 7.6329445839E-01 8.9766031504E-01 5.804511E+00 5.836647E+00
8250 1.228312E+03 1.548160E-01 1.569498E-01 1.392803E-02 4.837548E-03 7.6599806547E-01 9.0081858635E-01 5.804140E+00 5.836033E+00
8500 1.228312E+03 1.464857E-01 1.583611E-01 1.328059E-02 4.944352E-03 7.6599806547E-01 9.0081858635E-01 5.804140E+00 5.836033E+00
8750 1.228312E+03 1.385565E-01 1.640126E-01 1.255160E-02 5.152852E-03 7.6599806547E-01 9.0081858635E-01 5.804140E+00 5.836033E+00
9000 1.228312E+03 1.377743E-01 1.740410E-01 1.226684E-02 5.395419E-03 7.6599806547E-01 9.0081858635E-01 5.804140E+00 5.836033E+00
9250 1.228312E+03 1.377951E-01 1.639164E-01 1.249558E-02 5.158219E-03 7.6599806547E-01 9.0081858635E-01 5.804140E+00 5.836033E+00
9500 1.228312E+03 1.377358E-01 1.656387E-01 1.245626E-02 5.199242E-03 7.6603096724E-01 9.0082901716E-01 5.804130E+00 5.835782E+00
9750 1.228312E+03 1.393066E-01 1.623232E-01 1.264774E-02 5.105673E-03 7.6599806547E-01 9.0081858635E-01 5.804140E+00 5.836033E+00
10000 1.228312E+03 1.376804E-01 1.666766E-01 1.242383E-02 5.224562E-03 7.6599806547E-01 9.0081858635E-01 5.804140E+00 5.836033E+00
10500 1.228312E+03 1.405001E-01 1.698724E-01 1.255884E-02 5.274047E-03 7.6599806547E-01 9.0081858635E-01 5.804140E+00 5.836033E+00
11000 1.228312E+03 1.566476E-01 1.431797E-01 1.443057E-02 4.483777E-03 7.6599806547E-01 9.0081858635E-01 5.804140E+00 5.836033E+00
11500 1.228312E+03 1.406539E-01 1.679708E-01 1.261784E-02 5.216725E-03 7.6599806547E-01 9.3506819010E-01 5.804140E+00 5.869908E+00
12000 1.228312E+03 1.431063E-01 1.589266E-01 1.301270E-02 4.980429E-03 7.6599806547E-01 9.3506819010E-01 5.804140E+00 5.869908E+00
12500 1.228312E+03 1.429388E-01 1.574393E-01 1.303418E-02 4.953418E-03 7.6599806547E-01 9.3915510178E-01 5.804140E+00 5.851618E+00
13000 1.228312E+03 1.521655E-01 1.514237E-01 1.387692E-02 4.723940E-03 7.6599806547E-01 9.3932539225E-01 5.804140E+00 5.850856E+00
13500 1.228313E+03 1.534228E-01 1.516847E-01 1.394677E-02 4.720505E-03 7.6243853569E-01 9.3926912546E-01 5.806083E+00 5.850845E+00
14000 1.228313E+03 1.502123E-01 1.527750E-01 1.369702E-02 4.774222E-03 7.6599806547E-01 9.3932539225E-01 5.804140E+00 5.850856E+00
14500 1.228313E+03 1.470678E-01 1.594446E-01 1.329813E-02 4.962814E-03 7.6599806547E-01 9.3932539225E-01 5.804140E+00 5.850856E+00
15000 1.228313E+03 1.420814E-01 1.573321E-01 1.297680E-02 4.957010E-03 7.6599806547E-01 9.3932539225E-01 5.804140E+00 5.850856E+00
15500 1.228313E+03 1.585660E-01 1.475856E-01 1.443871E-02 4.575330E-03 7.7459579706E-01 9.3932539225E-01 5.808232E+00 5.850856E+00
16000 1.228313E+03 1.570490E-01 1.485549E-01 1.430793E-02 4.613044E-03 7.6599806547E-01 9.3932539225E-01 5.804140E+00 5.850856E+00
16500 1.228313E+03 1.627017E-01 1.403024E-01 1.496140E-02 4.779937E-03 7.6599806547E-01 9.3845808506E-01 5.804140E+00 5.848117E+00
17000 1.228313E+03 1.615603E-01 1.429509E-01 1.463779E-02 2.530225E-03 8.3440119028E-01 9.4597512484E-01 5.769898E+00 5.892129E+00
17500 1.228313E+03 1.580609E-01 1.430832E-01 1.473503E-02 2.555327E-03 8.3457720280E-01 9.3802040815E-01 5.768328E+00 5.887193E+00
18000 1.228313E+03 1.645308E-01 1.404009E-01 1.493164E-02 2.479282E-03 8.3440119028E-01 9.4664514065E-01 5.769898E+00 5.888891E+00
18500 1.228313E+03 1.746977E-01 1.298508E-01 1.599394E-02 2.278339E-03 8.3440119028E-01 9.4664514065E-01 5.769898E+00 5.888891E+00
19000 1.228314E+03 1.622743E-01 1.409189E-01 1.513553E-02 2.504993E-03 8.2388502359E-01 9.4664514065E-01 5.755476E+00 5.888891E+00
19500 1.228314E+03 1.718446E-01 1.376055E-01 1.562844E-02 3.038233E-03 8.2143568993E-01 9.4047063589E-01 5.756908E+00 5.885404E+00
20000 1.228314E+03 1.736473E-01 1.282366E-01 1.469615E-02 1.959370E-03 7.4160254002E-01 9.4664514065E-01 5.792727E+00 5.888891E+00
20500 1.228314E+03 1.741088E-01 1.332541E-01 1.452603E-02 2.030345E-03 7.4160254002E-01 9.4664514065E-01 5.792727E+00 5.888891E+00
21000 1.228314E+03 1.644047E-01 1.418889E-01 1.345773E-02 2.214603E-03 7.4160254002E-01 9.4664514065E-01 5.792727E+00 5.888891E+00
21500 1.228314E+03 1.619615E-01 1.386143E-01 1.329525E-02 2.958054E-03 7.9227739573E-01 9.3769782782E-01 5.793191E+00 5.846563E+00
22000 1.228314E+03 1.526517E-01 1.497684E-01 1.209946E-02 3.290159E-03 7.9227739573E-01 9.3769782782E-01 5.793191E+00 5.846563E+00
22500 1.228314E+03 1.534919E-01 1.560224E-01 1.191244E-02 3.415772E-03 7.9093688726E-01 9.3766975403E-01 5.794707E+00 5.846922E+00
23000 1.228314E+03 1.531984E-01 1.468085E-01 1.225611E-02 3.221021E-03 7.9227739573E-01 9.3769782782E-01 5.793191E+00 5.846563E+00
23500 1.228314E+03 1.526554E-01 1.490192E-01 1.212390E-02 3.291906E-03 7.8636169434E-01 9.3771898746E-01 5.797458E+00 5.851331E+00
24000 1.228314E+03 1.618517E-01 1.487784E-01 1.286855E-02 3.176096E-03 7.8257453442E-01 9.3773788214E-01 5.791849E+00 5.847578E+00
24500 1.228314E+03 1.499630E-01 1.496888E-01 1.097663E-02 1.139853E-02 7.7748048306E-01 9.3297022581E-01 5.787822E+00 5.763514E+00
25000 1.228314E+03 1.563856E-01 1.444324E-01 1.167008E-02 1.064579E-02 7.7770996094E-01 9.3297022581E-01 5.788548E+00 5.763514E+00
25500 1.228315E+03 1.521915E-01 1.491699E-01 1.118695E-02 1.124573E-02 7.7748048306E-01 9.3297022581E-01 5.787822E+00 5.763514E+00
26000 1.228315E+03 1.490287E-01 1.505730E-01 1.085827E-02 1.152088E-02 7.7748048306E-01 9.3297022581E-01 5.787822E+00 5.763514E+00
26500 1.228315E+03 1.585581E-01 1.452405E-01 1.191181E-02 1.061915E-02 7.7767366171E-01 9.3277239799E-01 5.787347E+00 5.763621E+00
27000 1.228315E+03 1.567889E-01 1.529088E-01 1.150919E-02 1.053800E-02 7.7860498428E-01 9.4524139166E-01 5.811560E+00 5.938863E+00
27500 1.228315E+03 1.447547E-01 1.554189E-01 1.039037E-02 1.134676E-02 7.7860498428E-01 9.4615012407E-01 5.811560E+00 5.929645E+00
28000 1.228315E+03 1.459694E-01 1.550661E-01 1.052273E-02 1.116885E-02 7.7860498428E-01 9.4524139166E-01 5.811560E+00 5.938863E+00
28500 1.228315E+03 1.547525E-01 1.480115E-01 1.156342E-02 1.023389E-02 7.7860498428E-01 9.4524139166E-01 5.811560E+00 5.938863E+00
29000 1.228315E+03 1.553400E-01 1.453811E-01 1.173701E-02 1.000596E-02 7.7992492914E-01 9.4524139166E-01 5.811217E+00 5.938863E+00
29500 1.228315E+03 1.540614E-01 1.503034E-01 1.140432E-02 1.044011E-02 7.7860498428E-01 9.4524139166E-01 5.811560E+00 5.938863E+00
30000 1.228315E+03 1.529904E-01 1.494269E-01 1.135173E-02 1.041836E-02 7.7860498428E-01 9.4524139166E-01 5.811560E+00 5.938863E+00
30500 1.228315E+03 1.540427E-01 1.455196E-01 1.162813E-02 1.006965E-02 7.7860498428E-01 9.4524139166E-01 5.811560E+00 5.938863E+00
31000 1.228315E+03 1.633714E-01 1.408040E-01 1.263071E-02 9.336825E-03 7.7860498428E-01 9.4524139166E-01 5.811560E+00 5.938863E+00
31500 1.228315E+03 1.585974E-01 1.430124E-01 4.420019E-03 2.798119E-03 7.3702234030E-01 9.4857984781E-01 5.844484E+00 5.960720E+00
32000 1.228315E+03 1.590288E-01 1.421481E-01 4.433750E-03 2.784207E-03 7.2869116068E-01 9.4663345814E-01 5.842690E+00 5.959657E+00
32500 1.228316E+03 1.562702E-01 1.466346E-01 4.255462E-03 2.910435E-03 7.3604577780E-01 9.4790697098E-01 5.845660E+00 5.966520E+00
33000 1.228316E+03 1.531011E-01 1.459990E-01 4.175511E-03 2.973438E-03 7.3468047380E-01 9.4857984781E-01 5.846036E+00 5.960720E+00
33500 1.228316E+03 1.540124E-01 1.466538E-01 4.029880E-03 3.003378E-03 7.8230589628E-01 9.5558512211E-01 5.858845E+00 5.984997E+00
34000 1.228316E+03 1.543331E-01 1.487622E-01 4.019972E-03 3.045915E-03 7.8376126289E-01 9.4815528393E-01 5.857544E+00 5.983148E+00
34500 1.228316E+03 1.547144E-01 1.492356E-01 4.021567E-03 3.053685E-03 7.8453749418E-01 9.5639592409E-01 5.857599E+00 5.984460E+00
35000 1.228316E+03 1.404971E-01 1.625628E-01 3.324710E-03 3.649792E-03 7.8453749418E-01 9.5639592409E-01 5.857599E+00 5.984460E+00
35500 1.228316E+03 1.504999E-01 1.607038E-01 3.424688E-03 3.484899E-03 7.9874062538E-01 9.5604676008E-01 5.884672E+00 5.984270E+00
36000 1.228316E+03 1.520471E-01 1.408872E-01 3.835248E-03 2.939670E-03 7.9917150736E-01 9.5639592409E-01 5.884394E+00 5.984460E+00
36500 1.228316E+03 1.666011E-01 1.413581E-01 4.262507E-03 2.753377E-03 7.9917150736E-01 9.5639592409E-01 5.884394E+00 5.984460E+00
37000 1.228316E+03 1.594496E-01 1.425079E-01 3.766069E-03 9.943903E-04 7.7042466402E-01 9.6110785007E-01 5.865717E+00 6.067511E+00
37500 1.228316E+03 1.476885E-01 1.560256E-01 3.051588E-03 1.245601E-03 7.6917082071E-01 9.6132719517E-01 5.865983E+00 6.068457E+00
38000 1.228316E+03 1.442770E-01 1.555590E-01 2.940895E-03 1.267517E-03 7.7042466402E-01 9.6110785007E-01 5.865717E+00 6.067511E+00
38500 1.228316E+03 1.467140E-01 1.549136E-01 3.031535E-03 1.238302E-03 7.7042466402E-01 9.6710908413E-01 5.865717E+00 6.061177E+00
39000 1.228316E+03 1.517515E-01 1.549699E-01 3.198236E-03 1.197029E-03 7.7042466402E-01 9.6710908413E-01 5.865717E+00 6.061177E+00
39500 1.228316E+03 1.498238E-01 1.581589E-01 3.067104E-03 1.250894E-03 7.7042466402E-01 9.6710908413E-01 5.865717E+00 6.061177E+00
40000 1.228316E+03 1.611657E-01 1.415484E-01 3.849626E-03 9.728619E-04 7.7042466402E-01 9.6710908413E-01 5.865717E+00 6.061177E+00
40500 1.228316E+03 1.684070E-01 1.393979E-01 4.165073E-03 9.037238E-04 8.0414640903E-01 9.6710908413E-01 5.892863E+00 6.061177E+00
41000 1.228316E+03 1.697264E-01 1.316937E-01 4.424932E-03 8.216496E-04 8.0414640903E-01 9.6710908413E-01 5.892863E+00 6.061177E+00
41500 1.228317E+03 1.657180E-01 1.323252E-01 4.309537E-03 8.507305E-04 8.0518651009E-01 9.6702957153E-01 5.892306E+00 6.062328E+00
42000 1.228317E+03 1.701632E-01 1.315173E-01 4.445741E-03 8.149166E-04 8.0414640903E-01 9.6710908413E-01 5.892863E+00 6.061177E+00
42500 1.228317E+03 1.556450E-01 1.441176E-01 3.591170E-03 1.041077E-03 8.0414640903E-01 9.6710908413E-01 5.892863E+00 6.061177E+00
43000 1.228317E+03 1.592249E-01 1.440188E-01 3.720592E-03 1.013057E-03 8.0414640903E-01 9.6710908413E-01 5.892863E+00 6.061177E+00
43500 1.228317E+03 1.529030E-01 1.438724E-01 3.500270E-03 1.056052E-03 8.0414640903E-01 9.6710908413E-01 5.892863E+00 6.061177E+00
44000 1.228317E+03 1.446049E-01 1.558844E-01 2.944492E-03 1.268319E-03 8.0414640903E-01 9.6710908413E-01 5.892863E+00 6.061177E+00
44500 1.228317E+03 1.459360E-01 1.548423E-01 3.011744E-03 1.244385E-03 8.0414640903E-01 9.6710908413E-01 5.892863E+00 6.061177E+00
45000 1.228317E+03 1.427986E-01 1.576406E-01 2.836299E-03 1.310230E-03 7.9625236988E-01 9.6674126387E-01 5.894426E+00 6.061253E+00
45500 1.228317E+03 1.432202E-01 1.680339E-01 2.688501E-03 1.428539E-03 8.0414640903E-01 9.6710908413E-01 5.892863E+00 6.061177E+00
46000 1.228317E+03 1.453855E-01 1.596949E-01 2.898472E-03 1.308475E-03 8.0414640903E-01 9.6710908413E-01 5.892863E+00 6.061177E+00
46500 1.228317E+03 1.482278E-01 1.567318E-01 3.046035E-03 1.246860E-03 8.0279755592E-01 9.6504372358E-01 5.891778E+00 6.073649E+00
47000 1.228317E+03 1.477885E-01 1.540558E-01 3.093067E-03 1.219297E-03 8.0414640903E-01 9.6710908413E-01 5.892863E+00 6.061177E+00
47500 1.228317E+03 1.534461E-01 1.536586E-01 3.285608E-03 1.166882E-03 8.0414640903E-01 9.6710908413E-01 5.892863E+00 6.061177E+00
48000 1.228317E+03 1.512241E-01 1.516757E-01 3.255341E-03 1.161916E-03 8.0414640903E-01 9.6710908413E-01 5.892863E+00 6.061177E+00
48500 1.228317E+03 1.471239E-01 1.480103E-01 3.204332E-03 1.151693E-03 8.0414640903E-01 9.6710908413E-01 5.892863E+00 6.061177E+00
49000 1.228317E+03 1.476219E-01 1.561559E-01 3.143923E-03 1.251424E-03 8.0407112837E-01 9.6075350046E-01 5.891402E+00 6.059457E+00
49500 1.228317E+03 1.619836E-01 1.440383E-01 3.815579E-03 9.932008E-04 8.0090683699E-01 9.6710908413E-01 5.894426E+00 6.061177E+00
50000 1.228317E+03 1.431500E-01 1.601158E-01 2.815668E-03 1.334693E-03 8.0414640903E-01 9.6710908413E-01 5.892863E+00 6.061177E+00
50500 1.228317E+03 1.487134E-01 1.626638E-01 2.950348E-03 1.314077E-03 8.0414640903E-01 9.6710908413E-01 5.892863E+00 6.061177E+00
51000 1.228318E+03 1.476218E-01 1.592455E-01 2.975355E-03 1.283043E-03 8.0414640903E-01 9.6710908413E-01 5.892863E+00 6.061177E+00
51500 1.228318E+03 1.452698E-01 1.599934E-01 2.883734E-03 1.313184E-03 8.0414640903E-01 9.6710908413E-01 5.892863E+00 6.061177E+00
52000 1.228318E+03 1.452166E-01 1.632699E-01 2.818958E-03 1.353124E-03 8.0414640903E-01 9.6710908413E-01 5.892863E+00 6.061177E+00
52500 1.228318E+03 1.396779E-01 1.665712E-01 2.590866E-03 1.443813E-03 8.0414640903E-01 9.6710908413E-01 5.892863E+00 6.061177E+00
53000 1.228318E+03 1.352863E-01 1.720084E-01 2.380290E-03 1.551286E-03 8.0447989702E-01 9.6710908413E-01 5.895608E+00 6.061177E+00
53500 1.228318E+03 1.487900E-01 1.475412E-01 3.269123E-03 1.131704E-03 8.0414640903E-01 9.6710908413E-01 5.892863E+00 6.061177E+00
54000 1.228318E+03 1.550273E-01 1.488578E-01 3.453218E-03 1.099006E-03 8.0414640903E-01 9.6710908413E-01 5.892863E+00 6.061177E+00
54500 1.228318E+03 1.458729E-01 1.501058E-01 3.109916E-03 1.187508E-03 8.0414640903E-01 9.6710908413E-01 5.892863E+00 6.061177E+00
55000 1.228318E+03 1.564875E-01 1.461894E-01 3.568320E-03 1.056217E-03 8.0414640903E-01 9.6710908413E-01 5.892863E+00 6.061177E+00
55500 1.228318E+03 1.586380E-01 1.412334E-01 3.774300E-03 1.077755E-03 8.0442756414E-01 9.6681714058E-01 5.893050E+00 6.059433E+00
56000 1.228318E+03 1.596960E-01 1.434474E-01 3.751453E-03 1.002115E-03 8.0414640903E-01 9.6710908413E-01 5.892863E+00 6.061177E+00
56500 1.228318E+03 1.586031E-01 1.486435E-01 3.587341E-03 1.037058E-03 8.0326354504E-01 9.7011399269E-01 5.917775E+00 6.121150E+00
57000 1.228318E+03 1.602473E-01 1.419556E-01 3.802560E-03 9.881558E-04 7.9118639231E-01 9.6847826242E-01 5.919106E+00 6.114758E+00
57500 1.228318E+03 1.528025E-01 1.545701E-01 3.241280E-03 1.185782E-03 8.0717766285E-01 9.6975499392E-01 5.917822E+00 6.118776E+00
58000 1.228318E+03 1.506522E-01 1.482606E-01 3.311144E-03 1.126237E-03 8.0717766285E-01 9.6975499392E-01 5.917822E+00 6.118776E+00
58500 1.228318E+03 1.493600E-01 1.512214E-01 3.196745E-03 1.171826E-03 8.0717766285E-01 9.6975499392E-01 5.917822E+00 6.118776E+00
59000 1.228318E+03 1.521493E-01 1.508512E-01 3.304567E-03 1.145126E-03 8.0717766285E-01 9.6975499392E-01 5.917822E+00 6.118776E+00
59500 1.228318E+03 1.526710E-01 1.517897E-01 3.297240E-03 1.152135E-03 8.0717766285E-01 9.6975499392E-01 5.917822E+00 6.118776E+00
60000 1.228318E+03 1.457618E-01 1.621170E-01 2.853637E-03 1.334694E-03 8.0717766285E-01 9.6975499392E-01 5.917822E+00 6.118776E+00
60500 1.228319E+03 1.444245E-01 1.560850E-01 2.932104E-03 1.273001E-03 8.0717766285E-01 9.6975499392E-01 5.917822E+00 6.118776E+00
61000 1.228319E+03 1.421815E-01 1.664644E-01 2.669935E-03 1.416962E-03 8.0222320557E-01 9.6980935335E-01 5.917827E+00 6.120339E+00
61500 1.228319E+03 1.414525E-01 1.622029E-01 2.719273E-03 1.374599E-03 8.0717766285E-01 9.6975499392E-01 5.917822E+00 6.118776E+00
62000 1.228319E+03 1.513491E-01 1.516472E-01 3.254829E-03 1.160801E-03 8.0717766285E-01 9.6975499392E-01 5.917822E+00 6.118776E+00
62500 1.228319E+03 1.522763E-01 1.531855E-01 3.253629E-03 1.171476E-03 8.0717766285E-01 9.6975499392E-01 5.917822E+00 6.118776E+00
63000 1.228319E+03 1.434717E-01 1.620927E-01 2.782046E-03 1.354885E-03 8.0717766285E-01 9.6975499392E-01 5.917822E+00 6.118776E+00
63500 1.228319E+03 1.274182E-01 1.730869E-01 2.155540E-03 1.639493E-03 8.0717766285E-01 9.6975499392E-01 5.917822E+00 6.118776E+00
64000 1.228319E+03 1.306017E-01 1.758295E-01 2.200534E-03 1.642824E-03 8.0717766285E-01 9.8204594851E-01 5.917822E+00 6.066587E+00
64500 1.228319E+03 1.456045E-01 1.508231E-01 3.082458E-03 1.199921E-03 8.0717766285E-01 9.8204594851E-01 5.917822E+00 6.066587E+00
65000 1.228319E+03 1.539443E-01 1.530796E-01 3.312878E-03 1.150887E-03 8.0038750172E-01 9.8122978210E-01 5.916124E+00 6.067104E+00
65500 1.228319E+03 1.598815E-01 1.422491E-01 3.782623E-03 9.896487E-04 8.0627787113E-01 9.8189210892E-01 5.917991E+00 6.067640E+00
66000 1.228319E+03 1.599578E-01 1.443025E-01 3.729632E-03 1.011049E-03 8.0717766285E-01 9.8204594851E-01 5.917822E+00 6.066587E+00
66500 1.228319E+03 1.600458E-01 1.439913E-01 3.742643E-03 1.008214E-03 8.0717766285E-01 9.8204594851E-01 5.917822E+00 6.066587E+00
67000 1.228319E+03 1.591819E-01 1.444839E-01 3.697694E-03 1.018519E-03 8.0717766285E-01 9.8204594851E-01 5.917822E+00 6.066587E+00
67500 1.228319E+03 1.663784E-01 1.350234E-01 4.182402E-03 8.793554E-04 8.0146026611E-01 9.8190987110E-01 5.919385E+00 6.066858E+00
68000 1.228319E+03 1.661070E-01 1.319144E-01 4.282303E-03 8.422807E-04 8.0717766285E-01 9.8204594851E-01 5.917822E+00 6.066587E+00
68500 1.228319E+03 1.742409E-01 1.310785E-01 4.589725E-03 7.915362E-04 8.0717766285E-01 9.8204594851E-01 5.917822E+00 6.066587E+00
69000 1.228319E+03 1.528882E-01 1.460977E-01 3.439450E-03 1.083846E-03 8.0717766285E-01 9.8204594851E-01 5.917822E+00 6.066587E+00
69500 1.228319E+03 1.476137E-01 1.530792E-01 3.100081E-03 1.210342E-03 8.0717766285E-01 9.8204594851E-01 5.917822E+00 6.066587E+00
70000 1.228320E+03 1.481981E-01 1.496786E-01 3.194262E-03 1.165051E-03 8.0717766285E-01 9.8204594851E-01 5.917822E+00 6.066587E+00
70500 1.228320E+03 1.600127E-01 1.408343E-01 3.822416E-03 9.726122E-04 8.0717766285E-01 9.8204594851E-01 5.917822E+00 6.066587E+00
71000 1.228320E+03 1.604269E-01 1.391922E-01 3.879804E-03 9.514577E-04 8.0717766285E-01 9.8201078176E-01 5.917822E+00 6.065675E+00
71500 1.228320E+03 1.554768E-01 1.445399E-01 3.566569E-03 1.047204E-03 8.0717766285E-01 9.8204594851E-01 5.917822E+00 6.066587E+00
72000 1.228320E+03 1.588528E-01 1.434426E-01 3.701569E-03 8.204835E-04 8.1795430183E-01 9.8078817129E-01 5.926413E+00 6.084081E+00
72500 1.228320E+03 1.547732E-01 1.480087E-01 3.466386E-03 6.434607E-04 8.3060514927E-01 9.7931098938E-01 5.936499E+00 6.104616E+00
73000 1.228320E+03 1.554649E-01 1.495760E-01 3.617145E-03 6.272039E-04 8.4091180563E-01 9.6936243773E-01 5.936036E+00 6.025147E+00
73500 1.228320E+03 1.514406E-01 1.530820E-01 3.385119E-03 6.659039E-04 8.4091180563E-01 9.6936243773E-01 5.936036E+00 6.025147E+00
74000 1.228320E+03 1.511903E-01 1.510564E-01 3.424126E-03 6.536241E-04 8.4091180563E-01 9.6936243773E-01 5.936036E+00 6.025147E+00
74500 1.228320E+03 1.517185E-01 1.495952E-01 3.476148E-03 6.420010E-04 8.4091180563E-01 9.6936243773E-01 5.936036E+00 6.025147E+00
75000 1.228320E+03 1.514956E-01 1.520805E-01 3.411812E-03 6.591939E-04 8.4091180563E-01 9.5961743593E-01 5.936036E+00 6.025610E+00
75500 1.228320E+03 1.506883E-01 1.539967E-01 3.338007E-03 6.753345E-04 8.4091180563E-01 9.5961743593E-01 5.936036E+00 6.025610E+00
76000 1.228320E+03 1.536298E-01 1.528221E-01 3.443932E-03 6.564170E-04 8.4152036905E-01 9.6053206921E-01 5.937545E+00 6.024468E+00
76500 1.228320E+03 1.495664E-01 1.574492E-01 3.225038E-03 7.034132E-04 8.4092515707E-01 9.5961743593E-01 5.935784E+00 6.025610E+00
77000 1.228320E+03 1.505615E-01 1.503753E-01 3.417504E-03 6.520708E-04 8.4123456478E-01 9.5961743593E-01 5.936165E+00 6.025610E+00
77500 1.228320E+03 1.549999E-01 1.514006E-01 3.588842E-03 9.015517E-04 8.3804249763E-01 9.6019858122E-01 5.934817E+00 6.013690E+00
78000 1.228320E+03 1.557075E-01 1.466712E-01 3.692184E-03 6.060495E-04 8.3959370852E-01 9.5963197947E-01 5.936306E+00 6.026132E+00
78500 1.228320E+03 1.690986E-01 1.353866E-01 4.481902E-03 4.907667E-04 8.4091180563E-01 9.5961743593E-01 5.936036E+00 6.025610E+00
79000 1.228320E+03 1.563244E-01 1.478083E-01 3.690580E-03 6.124213E-04 8.4091180563E-01 9.5961743593E-01 5.936036E+00 6.025610E+00
79500 1.228320E+03 1.542002E-01 1.529134E-01 3.489288E-03 6.531504E-04 8.4091180563E-01 9.5961743593E-01 5.936036E+00 6.025610E+00
80000 1.228321E+03 1.459216E-01 1.543573E-01 3.167014E-03 7.001719E-04 8.4091180563E-01 9.5961743593E-01 5.936036E+00 6.025610E+00
80500 1.228321E+03 1.529179E-01 1.529529E-01 3.850749E-03 5.832241E-04 8.0507123470E-01 9.5858252048E-01 5.851507E+00 6.026068E+00
81000 1.228321E+03 1.509457E-01 1.542595E-01 3.708727E-03 6.036051E-04 8.0507123470E-01 9.5858252048E-01 5.851507E+00 6.026068E+00
81500 1.228321E+03 1.485691E-01 1.559418E-01 5.644920E-03 6.494646E-04 8.6522412300E-01 9.6003472805E-01 5.817633E+00 6.053223E+00
82000 1.228321E+03 1.498284E-01 1.560215E-01 5.726868E-03 6.430826E-04 8.6522412300E-01 9.6002525091E-01 5.817633E+00 6.050409E+00
82500 1.228321E+03 1.496343E-01 1.551300E-01 5.763759E-03 6.378371E-04 8.6522412300E-01 9.6003472805E-01 5.817633E+00 6.053223E+00
83000 1.228321E+03 1.538109E-01 1.491014E-01 6.375516E-03 5.738042E-04 8.6522412300E-01 9.6003472805E-01 5.817633E+00 6.053223E+00
83500 1.228321E+03 1.537862E-01 1.488855E-01 6.385754E-03 5.725150E-04 8.6522412300E-01 9.5958840847E-01 5.817633E+00 6.051911E+00
84000 1.228321E+03 1.553728E-01 1.483154E-01 6.538252E-03 5.607652E-04 8.6415833235E-01 9.6003472805E-01 5.816905E+00 6.053223E+00
84500 1.228321E+03 1.567217E-01 1.458978E-01 6.816391E-03 5.406885E-04 8.6522412300E-01 9.6003472805E-01 5.817633E+00 6.053223E+00
85000 1.228321E+03 1.548415E-01 1.415804E-01 6.887179E-03 5.176943E-04 8.6522412300E-01 9.6003472805E-01 5.817633E+00 6.053223E+00
85500 1.228321E+03 1.570976E-01 1.469439E-01 6.750271E-03 5.436514E-04 8.6522412300E-01 9.6143448353E-01 5.817633E+00 6.068429E+00
