     0 0.000000E+00  1.000   100     1  0.005000  1.00000  0.0000000  0.00000  0.00100
     0 2.789076E+01  1.000   100     1  0.128668  1.00000  0.0000000  0.00000  0.00100
  1000 7.222623E+02  1.000   100     4  1.729524  0.97000  0.0000000  0.00000  0.00100
  1250 7.545360E+02  1.000   100     1 12.269146  1.00000  0.0000000  0.00000  0.00100
  1500 7.747438E+02  1.000   100     1 12.244364  1.00000  0.0000000  0.00000  0.00100
  1750 7.898059E+02  1.000   100     2 119.743652  0.59000  0.0000000  0.00000  0.00100
  2000 7.914013E+02  1.000   100     2 184.911236  0.99000  0.0000000  0.00000  0.00100
  2250 7.927440E+02  1.000   100     2 187.002239  0.99000  0.0000000  0.00000  0.00100
  2500 7.940627E+02  1.000   100     1 190.939997  1.00000  0.0000000  0.00000  0.00100
  2750 7.953725E+02  1.000   100     1 186.280448  1.00000  0.0000000  0.00000  0.00100
  3000 7.966991E+02  1.000   100     2 189.960981  0.99000  0.0000000  0.00000  0.00100
  3250 7.980064E+02  1.000   100     2 187.589074  0.99000  0.0000000  0.00000  0.00100
  3500 7.987179E+02  1.000   100     1 417.806617  1.00000  0.0000000  0.00000  0.00100
  3750 7.993186E+02  1.000   100     1 415.287979  1.00000  0.0000000  0.00000  0.00100
  4000 7.999359E+02  1.000   100     1 414.074455  1.00000  0.0000000  0.00000  0.00100
  4250 8.005451E+02  1.000   100     1 400.803292  1.00000  0.0000000  0.00000  0.00100
  4500 8.011604E+02  1.000   100     1 410.914635  1.00000  0.0000000  0.00000  0.00100
  4750 8.017772E+02  1.000   100     1 410.878613  1.00000  0.0000000  0.00000  0.00100
  5000 8.023924E+02  1.000   100     1 405.003625  1.00000  0.0000000  0.00000  0.00100
  5250 8.030070E+02  1.000   100     1 403.939308  1.00000  0.0000000  0.00000  0.00100
  5500 8.036199E+02  1.000   100     1 413.051548  1.00000  0.0000000  0.00000  0.00100
  5750 8.042335E+02  1.000   100     1 413.868106  1.00000  0.0000000  0.00000  0.00100
  6000 8.048479E+02  1.000   100     1 398.885799  1.00000  0.0000000  0.00000  0.00100
  6250 8.054543E+02  1.000   100     1 419.444321  1.00000  0.0000000  0.00000  0.00100
  6500 8.060640E+02  1.000   100     1 411.360175  1.00000  0.0000000  0.00000  0.00100
  6750 8.066692E+02  1.000   100     1 418.647053  1.00000  0.0000000  0.00000  0.00100
  7000 8.072685E+02  1.000   100     1 423.535721  1.00000  0.0000000  0.00000  0.00100
  7250 8.078702E+02  1.000   100     1 406.310571  1.00000  0.0000000  0.00000  0.00100
  7500 8.084741E+02  1.000   100     1 418.228436  1.00000  0.0000000  0.00000  0.00100
  7750 8.090757E+02  1.000   100     2 414.427802  0.99000  0.0000000  0.00000  0.00100
  8000 8.096716E+02  1.000   100     1 417.758632  1.00000  0.0000000  0.00000  0.00100
  8250 8.102725E+02  1.000   100     1 412.932845  1.00000  0.0000000  0.00000  0.00100
  8500 8.108637E+02  1.000   100     1 423.290817  1.00000  0.0000000  0.00000  0.00100
  8750 8.114733E+02  1.000   100     2 409.374230  0.99000  0.0000000  0.00000  0.00100
  9000 8.120654E+02  1.000   100     1 419.717335  1.00000  0.0000000  0.00000  0.00100
  9250 8.126683E+02  1.000   100     1 413.342730  1.00000  0.0000000  0.00000  0.00100
  9500 8.132689E+02  1.000   100     2 406.428655  0.99000  0.0000000  0.00000  0.00100
  9750 8.138695E+02  1.000   100     1 415.871776  1.00000  0.0000000  0.00000  0.00100
 10000 8.144641E+02  1.000   100     1 403.621770  1.00000  0.0000000  0.00000  0.00100
 10500 8.155247E+02  1.000   100     2 1159.710810  0.99000  0.0000000  0.00000  0.00100
 11000 8.159591E+02  1.000   100     1 1155.277216  1.00000  0.0000000  0.00000  0.00100
 11500 8.163925E+02  1.000   100     1 1140.667609  1.00000  0.0000000  0.00000  0.00100
 12000 8.168254E+02  1.000   100     1 1177.849482  1.00000  0.0000000  0.00000  0.00100
 12500 8.172539E+02  1.000   100     1 1181.121853  1.00000  0.0000000  0.00000  0.00100
 13000 8.176841E+02  1.000   100     2 1172.234977  0.99000  0.0000000  0.00000  0.00100
 13500 8.181145E+02  1.000   100     1 1184.871632  1.00000  0.0000000  0.00000  0.00100
 14000 8.185398E+02  1.000   100     1 1156.613462  1.00000  0.0000000  0.00000  0.00100
 14500 8.189689E+02  1.000   100     1 1171.953839  1.00000  0.0000000  0.00000  0.00100
 15000 8.193923E+02  1.000   100     1 1191.480639  1.00000  0.0000000  0.00000  0.00100
 15500 8.198151E+02  1.000   100     1 1175.578569  1.00000  0.0000000  0.00000  0.00100
 16000 8.202363E+02  1.000   100     1 1165.225495  1.00000  0.0000000  0.00000  0.00100
 16500 8.206602E+02  1.000   100     1 1182.184949  1.00000  0.0000000  0.00000  0.00100
 17000 8.210804E+02  1.000   100     1 1192.579261  1.00000  0.0000000  0.00000  0.00100
 17500 8.215016E+02  1.000   100     1 1190.821628  1.00000  0.0000000  0.00000  0.00100
 18000 8.219276E+02  1.000   100     1 1169.531625  1.00000  0.0000000  0.00000  0.00100
 18500 8.223521E+02  1.000   100     1 1196.220600  1.00000  0.0000000  0.00000  0.00100
 19000 8.227776E+02  1.000   100     2 1164.644070  0.99000  0.0000000  0.00000  0.00100
 19500 8.231984E+02  1.000   100     1 1193.926525  1.00000  0.0000000  0.00000  0.00100
 20000 8.236199E+02  1.000   100     1 1196.864632  1.00000  0.0000000  0.00000  0.00100
 20500 8.240412E+02  1.000   100     2 1176.977948  0.99000  0.0000000  0.00000  0.00100
 21000 8.244641E+02  1.000   100     1 1183.825568  1.00000  0.0000000  0.00000  0.00100
 21500 8.248856E+02  1.000   100     3 1191.456604  0.61000  0.0000000  0.00000  0.00100
 22000 8.253041E+02  1.000   100     1 1190.939748  1.00000  0.0000000  0.00000  0.00100
 22500 8.257276E+02  1.000   100     1 1193.360519  1.00000  0.0000000  0.00000  0.00100
 23000 8.261555E+02  1.000   100     1 1176.283082  1.00000  0.0000000  0.00000  0.00100
 23500 8.265798E+02  1.000   100     1 1193.429125  1.00000  0.0000000  0.00000  0.00100
 24000 8.270043E+02  1.000   100     1 1204.161118  1.00000  0.0000000  0.00000  0.00100
 24500 8.274227E+02  1.000   100     1 1196.592756  1.00000  0.0000000  0.00000  0.00100
 25000 8.278436E+02  1.000   100     2 1169.143502  0.99000  0.0000000  0.00000  0.00100
 25500 8.282711E+02  1.000   100     1 1199.759143  1.00000  0.0000000  0.00000  0.00100
 26000 8.286967E+02  1.000   100     1 1165.256449  1.00000  0.0000000  0.00000  0.00100
 26500 8.291210E+02  1.000   100     1 1192.289867  1.00000  0.0000000  0.00000  0.00100
 27000 8.295436E+02  1.000   100     1 1185.915811  1.00000  0.0000000  0.00000  0.00100
 27500 8.299694E+02  1.000   100     1 1183.498092  1.00000  0.0000000  0.00000  0.00100
 28000 8.303847E+02  1.000   100     1 1181.206288  1.00000  0.0000000  0.00000  0.00100
 28500 8.308088E+02  1.000   100     1 1188.755414  1.00000  0.0000000  0.00000  0.00100
 29000 8.312357E+02  1.000   100     1 1198.143562  1.00000  0.0000000  0.00000  0.00100
 29500 8.316598E+02  1.000   100     1 1169.825330  1.00000  0.0000000  0.00000  0.00100
 30000 8.320871E+02  1.000   100     1 1171.934352  1.00000  0.0000000  0.00000  0.00100
 30500 8.325167E+02  1.000   100     1 1161.810933  1.00000  0.0000000  0.00000  0.00100
 31000 8.329437E+02  1.000   100     1 1184.865369  1.00000  0.0000000  0.00000  0.00100
 31500 8.333702E+02  1.000   100     2 1156.575881  0.99000  0.0000000  0.00000  0.00100
 32000 8.337987E+02  1.000   100     1 1196.091092  1.00000  0.0000000  0.00000  0.00100
 32500 8.342209E+02  1.000   100     2 1192.878352  0.99000  0.0000000  0.00000  0.00100
 33000 8.346405E+02  1.000   100     1 1173.238966  1.00000  0.0000000  0.00000  0.00100
 33500 8.350637E+02  1.000   100     1 1171.185361  1.00000  0.0000000  0.00000  0.00100
 34000 8.354849E+02  1.000   100     2 1171.808269  0.99000  0.0000000  0.00000  0.00100
 34500 8.359076E+02  1.000   100     2 1164.832630  0.99000  0.0000000  0.00000  0.00100
 35000 8.363279E+02  1.000   100     1 1194.789490  1.00000  0.0000000  0.00000  0.00100
 35500 8.367440E+02  1.000   100     1 1201.613173  1.00000  0.0000000  0.00000  0.00100
 36000 8.371659E+02  1.000   100     2 1185.211348  0.92000  0.0000000  0.00000  0.00100
 36500 8.375891E+02  1.000   100     2 1173.918787  0.99000  0.0000000  0.00000  0.00100
 37000 8.380165E+02  1.000   100     1 1163.036793  1.00000  0.0000000  0.00000  0.00100
 37500 8.384430E+02  1.000   100     1 1175.441863  1.00000  0.0000000  0.00000  0.00100
 38000 8.388652E+02  1.000   100     1 1178.151107  1.00000  0.0000000  0.00000  0.00100
 38500 8.392938E+02  1.000   100     1 1168.357402  1.00000  0.0000000  0.00000  0.00100
 39000 8.397211E+02  1.000   100     1 1188.695618  1.00000  0.0000000  0.00000  0.00100
 39500 8.401433E+02  1.000   100     1 1168.557780  1.00000  0.0000000  0.00000  0.00100
 40000 8.405789E+02  1.000   100     1 1163.475411  1.00000  0.0000000  0.00000  0.00100
 40500 8.410140E+02  1.000   100     1 1119.150236  1.00000  0.0000000  0.00000  0.00100
 41000 8.414557E+02  1.000   100     1 1135.394820  1.00000  0.0000000  0.00000  0.00100
 41500 8.418977E+02  1.000   100     1 1138.954073  1.00000  0.0000000  0.00000  0.00100
 42000 8.423491E+02  1.000   100     1 1100.204929  1.00000  0.0000000  0.00000  0.00100
 42500 8.427915E+02  1.000   100     1 1138.263680  1.00000  0.0000000  0.00000  0.00100
 43000 8.432285E+02  1.000   100     1 1126.884900  1.00000  0.0000000  0.00000  0.00100
 43500 8.436569E+02  1.000   100     1 1184.777498  1.00000  0.0000000  0.00000  0.00100
 44000 8.440850E+02  1.000   100     1 1175.104932  1.00000  0.0000000  0.00000  0.00100
 44500 8.445112E+02  1.000   100     2 1181.965179  0.99000  0.0000000  0.00000  0.00100
 45000 8.449338E+02  1.000   100     2 1178.643644  0.99000  0.0000000  0.00000  0.00100
 45500 8.453578E+02  1.000   100     1 1196.660172  1.00000  0.0000000  0.00000  0.00100
 46000 8.457839E+02  1.000   100     1 1150.634558  1.00000  0.0000000  0.00000  0.00100
 46500 8.462128E+02  1.000   100     1 1184.114195  1.00000  0.0000000  0.00000  0.00100
 47000 8.466370E+02  1.000   100     2 1184.628562  0.99000  0.0000000  0.00000  0.00100
 47500 8.470553E+02  1.000   100     1 1161.427984  1.00000  0.0000000  0.00000  0.00100
 48000 8.474802E+02  1.000   100     1 1202.303779  1.00000  0.0000000  0.00000  0.00100
 48500 8.479012E+02  1.000   100     1 1191.843093  1.00000  0.0000000  0.00000  0.00100
 49000 8.483283E+02  1.000   100     1 1198.451742  1.00000  0.0000000  0.00000  0.00100
 49500 8.487500E+02  1.000   100     2 1172.593417  0.99000  0.0000000  0.00000  0.00100
 50000 8.491669E+02  1.000   100     1 1155.762069  1.00000  0.0000000  0.00000  0.00100
 50500 8.495915E+02  1.000   100     1 1176.941363  1.00000  0.0000000  0.00000  0.00100
 51000 8.500105E+02  1.000   100     1 1193.732365  1.00000  0.0000000  0.00000  0.00100
 51500 8.504325E+02  1.000   100     1 1205.595406  1.00000  0.0000000  0.00000  0.00100
 52000 8.508522E+02  1.000   100     1 1130.726885  1.00000  0.0000000  0.00000  0.00100
 52500 8.512767E+02  1.000   100     2 1163.009592  0.99000  0.0000000  0.00000  0.00100
 53000 8.517041E+02  1.000   100     2 1173.939112  0.68000  0.0000000  0.00000  0.00100
 53500 8.521250E+02  1.000   100     1 1193.895454  1.00000  0.0000000  0.00000  0.00100
 54000 8.525418E+02  1.000   100     1 1206.739731  1.00000  0.0000000  0.00000  0.00100
 54500 8.529609E+02  1.000   100     1 1193.982408  1.00000  0.0000000  0.00000  0.00100
 55000 8.533821E+02  1.000   100     1 1192.984289  1.00000  0.0000000  0.00000  0.00100
 55500 8.538083E+02  1.000   100     2 1118.532696  0.99000  0.0000000  0.00000  0.00100
 56000 8.542291E+02  1.000   100     1 1203.847693  1.00000  0.0000000  0.00000  0.00100
 56500 8.546480E+02  1.000   100     1 1196.912922  1.00000  0.0000000  0.00000  0.00100
 57000 8.550690E+02  1.000   100     1 1192.323608  1.00000  0.0000000  0.00000  0.00100
 57500 8.554942E+02  1.000   100     1 1167.056925  1.00000  0.0000000  0.00000  0.00100
 58000 8.559123E+02  1.000   100     1 1166.197963  1.00000  0.0000000  0.00000  0.00100
 58500 8.563376E+02  1.000   100     1 1169.435698  1.00000  0.0000000  0.00000  0.00100
 59000 8.567660E+02  1.000   100     1 1171.852989  1.00000  0.0000000  0.00000  0.00100
 59500 8.571944E+02  1.000   100     1 1180.214890  1.00000  0.0000000  0.00000  0.00100
 60000 8.576228E+02  1.000   100     1 1153.127489  1.00000  0.0000000  0.00000  0.00100
 60500 8.580528E+02  1.000   100     1 1192.162054  1.00000  0.0000000  0.00000  0.00100
 61000 8.584795E+02  1.000   100     1 1156.248072  1.00000  0.0000000  0.00000  0.00100
 61500 8.589049E+02  1.000   100     1 1189.261319  1.00000  0.0000000  0.00000  0.00100
 62000 8.593316E+02  1.000   100     2 1174.406755  0.99000  0.0000000  0.00000  0.00100
 62500 8.597601E+02  1.000   100     1 1205.898429  1.00000  0.0000000  0.00000  0.00100
 63000 8.601754E+02  1.000   100     1 1191.452899  1.00000  0.0000000  0.00000  0.00100
 63500 8.605895E+02  1.000   100     1 1198.597978  1.00000  0.0000000  0.00000  0.00100
 64000 8.610065E+02  1.000   100     1 1216.676014  1.00000  0.0000000  0.00000  0.00100
 64500 8.614200E+02  1.000   100     2 1195.578921  0.99000  0.0000000  0.00000  0.00100
 65000 8.618353E+02  1.000   100     2 1209.417006  0.99000  0.0000000  0.00000  0.00100
 65500 8.622548E+02  1.000   100     2 1186.638752  0.99000  0.0000000  0.00000  0.00100
 66000 8.626767E+02  1.000   100     1 1180.677496  1.00000  0.0000000  0.00000  0.00100
 66500 8.630957E+02  1.000   100     1 1207.237148  1.00000  0.0000000  0.00000  0.00100
 67000 8.635177E+02  1.000   100     1 1189.378980  1.00000  0.0000000  0.00000  0.00100
 67500 8.639368E+02  1.000   100     2 1192.997598  0.99000  0.0000000  0.00000  0.00100
 68000 8.643552E+02  1.000   100     1 1201.200726  1.00000  0.0000000  0.00000  0.00100
 68500 8.647736E+02  1.000   100     1 1188.435297  1.00000  0.0000000  0.00000  0.00100
 69000 8.651946E+02  1.000   100     1 1182.220711  1.00000  0.0000000  0.00000  0.00100
 69500 8.656215E+02  1.000   100     1 1184.504368  1.00000  0.0000000  0.00000  0.00100
 70000 8.660476E+02  1.000   100     1 1165.221670  1.00000  0.0000000  0.00000  0.00100
 70500 8.664656E+02  1.000   100     2 1188.922966  0.99000  0.0000000  0.00000  0.00100
 71000 8.668911E+02  1.000   100     1 1183.652266  1.00000  0.0000000  0.00000  0.00100
 71500 8.673086E+02  1.000   100     1 1162.481581  1.00000  0.0000000  0.00000  0.00100
 72000 8.677302E+02  1.000   100     1 1203.323578  1.00000  0.0000000  0.00000  0.00100
 72500 8.681523E+02  1.000   100     2 1193.682088  0.99000  0.0000000  0.00000  0.00100
 73000 8.685709E+02  1.000   100     1 1203.935721  1.00000  0.0000000  0.00000  0.00100
 73500 8.689892E+02  1.000   100     1 1211.668599  1.00000  0.0000000  0.00000  0.00100
 74000 8.694068E+02  1.000   100     3 1150.257567  0.98000  0.0000000  0.00000  0.00100
 74500 8.698320E+02  1.000   100     1 1204.430169  1.00000  0.0000000  0.00000  0.00100
 75000 8.702542E+02  1.000   100     1 1192.688986  1.00000  0.0000000  0.00000  0.00100
 75500 8.706724E+02  1.000   100     1 1184.352142  1.00000  0.0000000  0.00000  0.00100
 76000 8.710861E+02  1.000   100     1 1208.708161  1.00000  0.0000000  0.00000  0.00100
 76500 8.715062E+02  1.000   100     2 1173.476279  0.99000  0.0000000  0.00000  0.00100
 77000 8.719235E+02  1.000   100     1 1211.316756  1.00000  0.0000000  0.00000  0.00100
 77500 8.723415E+02  1.000   100     2 1156.086320  0.99000  0.0000000  0.00000  0.00100
 78000 8.727619E+02  1.000   100     1 1178.863905  1.00000  0.0000000  0.00000  0.00100
 78500 8.731832E+02  1.000   100     1 1195.621144  1.00000  0.0000000  0.00000  0.00100
 79000 8.736082E+02  1.000   100     1 1184.767067  1.00000  0.0000000  0.00000  0.00100
 79500 8.740337E+02  1.000   100     1 1151.898910  1.00000  0.0000000  0.00000  0.00100
 80000 8.744519E+02  1.000   100     1 1209.814638  1.00000  0.0000000  0.00000  0.00100
 80500 8.748718E+02  1.000   100     2 1196.712688  0.99000  0.0000000  0.00000  0.00100
 81000 8.752892E+02  1.000   100     1 1196.252176  1.00000  0.0000000  0.00000  0.00100
 81500 8.757057E+02  1.000   100     1 1214.149267  1.00000  0.0000000  0.00000  0.00100
 82000 8.761230E+02  1.000   100     1 1180.121520  1.00000  0.0000000  0.00000  0.00100
 82500 8.765428E+02  1.000   100     1 1198.986442  1.00000  0.0000000  0.00000  0.00100
 83000 8.769599E+02  1.000   100     1 1199.995831  1.00000  0.0000000  0.00000  0.00100
 83500 8.773748E+02  1.000   100     1 1195.232355  1.00000  0.0000000  0.00000  0.00100
 84000 8.777940E+02  1.000   100     1 1180.461541  1.00000  0.0000000  0.00000  0.00100
 84500 8.782135E+02  1.000   100     1 1168.898010  1.00000  0.0000000  0.00000  0.00100
 85000 8.786367E+02  1.000   100     1 1200.064611  1.00000  0.0000000  0.00000  0.00100
 85500 8.790584E+02  1.000   100     2 1199.414455  0.69000  0.0000000  0.00000  0.00100
 86000 8.794750E+02  1.000   100     1 1158.710360  1.00000  0.0000000  0.00000  0.00100
 86500 8.798924E+02  1.000   100     1 1206.433845  1.00000  0.0000000  0.00000  0.00100
 87000 8.803099E+02  1.000   100     2 1199.538126  0.99000  0.0000000  0.00000  0.00100
 87500 8.807323E+02  1.000   100     1 1203.826199  1.00000  0.0000000  0.00000  0.00100
 88000 8.811520E+02  1.000   100     1 1190.493656  1.00000  0.0000000  0.00000  0.00100
 88500 8.815706E+02  1.000   100     1 1213.510463  1.00000  0.0000000  0.00000  0.00100
 89000 8.819878E+02  1.000   100     1 1195.413314  1.00000  0.0000000  0.00000  0.00100
 89500 8.824037E+02  1.000   100     2 1177.660718  0.99000  0.0000000  0.00000  0.00100
 90000 8.828324E+02  1.000   100     1 1160.381559  1.00000  0.0000000  0.00000  0.00100
 90500 8.832531E+02  1.000   100     1 1200.260531  1.00000  0.0000000  0.00000  0.00100
 91000 8.836716E+02  1.000   100     1 1203.301495  1.00000  0.0000000  0.00000  0.00100
 91500 8.840898E+02  1.000   100     1 1201.943105  1.00000  0.0000000  0.00000  0.00100
 92000 8.845063E+02  1.000   100     1 1215.754534  1.00000  0.0000000  0.00000  0.00100
 92500 8.849258E+02  1.000   100     1 1211.155814  1.00000  0.0000000  0.00000  0.00100
 93000 8.853442E+02  1.000   100     1 1180.905691  1.00000  0.0000000  0.00000  0.00100
 93500 8.857622E+02  1.000   100     1 1172.962665  1.00000  0.0000000  0.00000  0.00100
 94000 8.861799E+02  1.000   100     1 1210.530370  1.00000  0.0000000  0.00000  0.00100
 94500 8.865998E+02  1.000   100     1 1206.333747  1.00000  0.0000000  0.00000  0.00100
 95000 8.870169E+02  1.000   100     1 1155.922219  1.00000  0.0000000  0.00000  0.00100
 95500 8.874329E+02  1.000   100     1 1207.147704  1.00000  0.0000000  0.00000  0.00100
 96000 8.878499E+02  1.000   100     1 1216.186839  1.00000  0.0000000  0.00000  0.00100
 96500 8.882659E+02  1.000   100     1 1188.135312  1.00000  0.0000000  0.00000  0.00100
 97000 8.886830E+02  1.000   100     1 1201.193003  1.00000  0.0000000  0.00000  0.00100
 97500 8.891011E+02  1.000   100     1 1186.017998  1.00000  0.0000000  0.00000  0.00100
 98000 8.895185E+02  1.000   100     1 1186.407732  1.00000  0.0000000  0.00000  0.00100
 98500 8.899337E+02  1.000   100     1 1200.747913  1.00000  0.0000000  0.00000  0.00100
 99000 8.903508E+02  1.000   100     1 1183.054610  1.00000  0.0000000  0.00000  0.00100
 99500 8.907727E+02  1.000   100     1 1149.384452  1.00000  0.0000000  0.00000  0.00100
100000 8.911944E+02  1.000   100     1 1217.303077  1.00000  0.0000000  0.00000  0.00100
100500 8.916130E+02  1.000   100     1 1205.288428  1.00000  0.0000000  0.00000  0.00100
101000 8.920307E+02  1.000   100     1 1186.463944  1.00000  0.0000000  0.00000  0.00100
101500 8.924474E+02  1.000   100     1 1193.593238  1.00000  0.0000000  0.00000  0.00100
102000 8.928651E+02  1.000   100     1 1190.711871  1.00000  0.0000000  0.00000  0.00100
102500 8.932830E+02  1.000   100     2 1193.771464  0.99000  0.0000000  0.00000  0.00100
103000 8.936962E+02  1.000   100     1 1212.796841  1.00000  0.0000000  0.00000  0.00100
103500 8.941157E+02  1.000   100     1 1206.461446  1.00000  0.0000000  0.00000  0.00100
104000 8.945367E+02  1.000   100     1 1195.363343  1.00000  0.0000000  0.00000  0.00100
104500 8.949575E+02  1.000   100     1 1199.531748  1.00000  0.0000000  0.00000  0.00100
105000 8.953733E+02  1.000   100     1 1209.050833  1.00000  0.0000000  0.00000  0.00100
105500 8.957877E+02  1.000   100     2 1194.240336  0.99000  0.0000000  0.00000  0.00100
106000 8.962056E+02  1.000   100     1 1136.566302  1.00000  0.0000000  0.00000  0.00100
106500 8.966277E+02  1.000   100     2 1199.961636  0.99000  0.0000000  0.00000  0.00100
107000 8.970456E+02  1.000   100     1 1152.509411  1.00000  0.0000000  0.00000  0.00100
107500 8.974674E+02  1.000   100     1 1159.657831  1.00000  0.0000000  0.00000  0.00100
108000 8.978846E+02  1.000   100     2 1193.057982  0.99000  0.0000000  0.00000  0.00100
108500 8.983009E+02  1.000   100     1 1218.988315  1.00000  0.0000000  0.00000  0.00100
109000 8.987214E+02  1.000   100     1 1201.490943  1.00000  0.0000000  0.00000  0.00100
109500 8.991453E+02  1.000   100     1 1177.644680  1.00000  0.0000000  0.00000  0.00100
110000 8.995604E+02  1.000   100     1 1201.717469  1.00000  0.0000000  0.00000  0.00100
110500 8.999751E+02  1.000   100     1 1220.088970  1.00000  0.0000000  0.00000  0.00100
111000 9.003923E+02  1.000   100     1 1209.068289  1.00000  0.0000000  0.00000  0.00100
111500 9.008096E+02  1.000   100     2 1190.577923  0.99000  0.0000000  0.00000  0.00100
112000 9.012220E+02  1.000   100     1 1198.749998  1.00000  0.0000000  0.00000  0.00100
112500 9.016374E+02  1.000   100     1 1181.296489  1.00000  0.0000000  0.00000  0.00100
113000 9.020608E+02  1.000   100     1 1204.096711  1.00000  0.0000000  0.00000  0.00100
113500 9.024822E+02  1.000   100     1 1193.489193  1.00000  0.0000000  0.00000  0.00100
114000 9.029020E+02  1.000   100     1 1199.001167  1.00000  0.0000000  0.00000  0.00100
114500 9.033242E+02  1.000   100     1 1183.862236  1.00000  0.0000000  0.00000  0.00100
115000 9.037419E+02  1.000   100     1 1216.202580  1.00000  0.0000000  0.00000  0.00100
115500 9.041582E+02  1.000   100     1 1194.476384  1.00000  0.0000000  0.00000  0.00100
116000 9.045759E+02  1.000   100     1 1210.074201  1.00000  0.0000000  0.00000  0.00100
116500 9.049954E+02  1.000   100     1 1190.875046  1.00000  0.0000000  0.00000  0.00100
117000 9.054166E+02  1.000   100     1 1194.066512  1.00000  0.0000000  0.00000  0.00100
117500 9.058339E+02  1.000   100     2 1180.362258  0.99000  0.0000000  0.00000  0.00100
118000 9.062513E+02  1.000   100     1 1199.911072  1.00000  0.0000000  0.00000  0.00100
118500 9.066654E+02  1.000   100     2 1174.152187  0.99000  0.0000000  0.00000  0.00100
119000 9.070840E+02  1.000   100     2 1180.231426  0.99000  0.0000000  0.00000  0.00100
119500 9.075045E+02  1.000   100     1 1206.717871  1.00000  0.0000000  0.00000  0.00100
120000 9.079286E+02  1.000   100     1 1191.982659  1.00000  0.0000000  0.00000  0.00100
120500 9.083573E+02  1.000   100     1 1189.639000  1.00000  0.0000000  0.00000  0.00100
121000 9.087834E+02  1.000   100     1 1189.864237  1.00000  0.0000000  0.00000  0.00100
121500 9.092074E+02  1.000   100     2 1173.506652  0.99000  0.0000000  0.00000  0.00100
122000 9.096334E+02  1.000   100     1 1178.107490  1.00000  0.0000000  0.00000  0.00100
122500 9.100590E+02  1.000   100     2 1153.572866  0.99000  0.0000000  0.00000  0.00100
123000 9.104873E+02  1.000   100     2 1171.198034  0.99000  0.0000000  0.00000  0.00100
123500 9.109100E+02  1.000   100     1 1188.651103  1.00000  0.0000000  0.00000  0.00100
124000 9.113254E+02  1.000   100     3 1177.615157  0.98000  0.0000000  0.00000  0.00100
124500 9.117416E+02  1.000   100     1 1203.601938  1.00000  0.0000000  0.00000  0.00100
125000 9.121584E+02  1.000   100     1 1192.919523  1.00000  0.0000000  0.00000  0.00100
125500 9.125808E+02  1.000   100     1 1181.559803  1.00000  0.0000000  0.00000  0.00100
126000 9.130029E+02  1.000   100     1 1204.153181  1.00000  0.0000000  0.00000  0.00100
126500 9.134244E+02  1.000   100     2 1161.651927  0.99000  0.0000000  0.00000  0.00100
127000 9.138499E+02  1.000   100     1 1180.058116  1.00000  0.0000000  0.00000  0.00100
127500 9.142831E+02  1.000   100     1 1167.273062  1.00000  0.0000000  0.00000  0.00100
128000 9.147106E+02  1.000   100     1 1180.214707  1.00000  0.0000000  0.00000  0.00100
128500 9.151375E+02  1.000   100     1 1173.630759  1.00000  0.0000000  0.00000  0.00100
129000 9.155643E+02  1.000   100     1 1186.560501  1.00000  0.0000000  0.00000  0.00100
129500 9.159888E+02  1.000   100     2 1166.646250  0.99000  0.0000000  0.00000  0.00100
130000 9.164133E+02  1.000   100     1 1192.353381  1.00000  0.0000000  0.00000  0.00100
130500 9.168342E+02  1.000   100     1 1191.596302  1.00000  0.0000000  0.00000  0.00100
131000 9.172591E+02  1.000   100     2 1148.538630  0.99000  0.0000000  0.00000  0.00100
131500 9.176813E+02  1.000   100     2 1188.548002  0.99000  0.0000000  0.00000  0.00100
132000 9.180999E+02  1.000   100     1 1205.215566  1.00000  0.0000000  0.00000  0.00100
132500 9.185206E+02  1.000   100     1 1126.329121  1.00000  0.0000000  0.00000  0.00100
133000 9.189390E+02  1.000   100     1 1199.336846  1.00000  0.0000000  0.00000  0.00100
133500 9.193588E+02  1.000   100     2 1191.662201  0.83000  0.0000000  0.00000  0.00100
134000 9.197781E+02  1.000   100     2 1195.451971  0.99000  0.0000000  0.00000  0.00100
134500 9.201997E+02  1.000   100     2 1190.859735  0.99000  0.0000000  0.00000  0.00100
135000 9.206204E+02  1.000   100     1 1209.672950  1.00000  0.0000000  0.00000  0.00100
135500 9.210396E+02  1.000   100     1 1210.231143  1.00000  0.0000000  0.00000  0.00100
136000 9.214569E+02  1.000   100     2 1168.142785  0.99000  0.0000000  0.00000  0.00100
136500 9.218790E+02  1.000   100     1 1205.828488  1.00000  0.0000000  0.00000  0.00100
137000 9.223011E+02  1.000   100     2 1196.049986  0.99000  0.0000000  0.00000  0.00100
137500 9.227175E+02  1.000   100     1 1208.254865  1.00000  0.0000000  0.00000  0.00100
138000 9.231349E+02  1.000   100     1 1191.175149  1.00000  0.0000000  0.00000  0.00100
138500 9.235547E+02  1.000   100     1 1203.962997  1.00000  0.0000000  0.00000  0.00100
139000 9.239723E+02  1.000   100     1 1197.584061  1.00000  0.0000000  0.00000  0.00100
139500 9.243901E+02  1.000   100     1 1164.761204  1.00000  0.0000000  0.00000  0.00100
140000 9.248086E+02  1.000   100     1 1156.093977  1.00000  0.0000000  0.00000  0.00100
140500 9.252277E+02  1.000   100     2 1179.270493  0.99000  0.0000000  0.00000  0.00100
141000 9.256489E+02  1.000   100     1 1207.448996  1.00000  0.0000000  0.00000  0.00100
141500 9.260660E+02  1.000   100     1 1185.456834  1.00000  0.0000000  0.00000  0.00100
142000 9.264855E+02  1.000   100     2 1198.331729  0.99000  0.0000000  0.00000  0.00100
142500 9.269059E+02  1.000   100     1 1167.615305  1.00000  0.0000000  0.00000  0.00100
143000 9.273257E+02  1.000   100     1 1179.256174  1.00000  0.0000000  0.00000  0.00100
143500 9.277484E+02  1.000   100     1 1195.976637  1.00000  0.0000000  0.00000  0.00100
144000 9.281694E+02  1.000   100     2 1204.415101  0.99000  0.0000000  0.00000  0.00100
144500 9.285892E+02  1.000   100     1 1170.222799  1.00000  0.0000000  0.00000  0.00100
145000 9.290084E+02  1.000   100     1 1194.808832  1.00000  0.0000000  0.00000  0.00100
145500 9.294276E+02  1.000   100     2 1193.332810  0.99000  0.0000000  0.00000  0.00100
146000 9.298474E+02  1.000   100     1 1211.264273  1.00000  0.0000000  0.00000  0.00100
146500 9.302692E+02  1.000   100     2 1167.581527  0.99000  0.0000000  0.00000  0.00100
147000 9.306937E+02  1.000   100     1 1155.104355  1.00000  0.0000000  0.00000  0.00100
147500 9.311293E+02  1.000   100     1 1161.872789  1.00000  0.0000000  0.00000  0.00100
148000 9.315677E+02  1.000   100     1 1167.898965  1.00000  0.0000000  0.00000  0.00100
148500 9.319969E+02  1.000   100     1 1186.989051  1.00000  0.0000000  0.00000  0.00100
149000 9.324234E+02  1.000   100     1 1188.587372  1.00000  0.0000000  0.00000  0.00100
149500 9.328465E+02  1.000   100     1 1186.485382  1.00000  0.0000000  0.00000  0.00100
150000 9.332718E+02  1.000   100     1 1198.403299  1.00000  0.0000000  0.00000  0.00100
150500 9.336953E+02  1.000   100     2 1178.845621  0.99000  0.0000000  0.00000  0.00100
151000 9.341230E+02  1.000   100     1 1178.120705  1.00000  0.0000000  0.00000  0.00100
151500 9.345469E+02  1.000   100     1 1200.191810  1.00000  0.0000000  0.00000  0.00100
152000 9.349678E+02  1.000   100     1 1185.092304  1.00000  0.0000000  0.00000  0.00100
152500 9.353902E+02  1.000   100     1 1210.388223  1.00000  0.0000000  0.00000  0.00100
153000 9.358062E+02  1.000   100     2 1163.999522  0.99000  0.0000000  0.00000  0.00100
153500 9.362275E+02  1.000   100     1 1190.451618  1.00000  0.0000000  0.00000  0.00100
154000 9.366448E+02  1.000   100     1 1206.511584  1.00000  0.0000000  0.00000  0.00100
154500 9.370622E+02  1.000   100     2 1160.391310  0.99000  0.0000000  0.00000  0.00100
155000 9.374828E+02  1.000   100     1 1195.696746  1.00000  0.0000000  0.00000  0.00100
155500 9.379035E+02  1.000   100     2 1198.967288  0.99000  0.0000000  0.00000  0.00100
156000 9.383220E+02  1.000   100     1 1186.690339  1.00000  0.0000000  0.00000  0.00100
156500 9.387349E+02  1.000   100     1 1207.165543  1.00000  0.0000000  0.00000  0.00100
157000 9.391523E+02  1.000   100     1 1181.331526  1.00000  0.0000000  0.00000  0.00100
157500 9.395728E+02  1.000   100     1 1161.178120  1.00000  0.0000000  0.00000  0.00100
158000 9.399906E+02  1.000   100     1 1200.004307  1.00000  0.0000000  0.00000  0.00100
158500 9.404082E+02  1.000   100     2 1183.397766  0.99000  0.0000000  0.00000  0.00100
159000 9.408307E+02  1.000   100     2 1192.273057  0.99000  0.0000000  0.00000  0.00100
159500 9.412466E+02  1.000   100     2 1179.951240  0.99000  0.0000000  0.00000  0.00100
160000 9.416675E+02  1.000   100     1 1202.318708  1.00000  0.0000000  0.00000  0.00100
160500 9.420823E+02  1.000   100     1 1201.998175  1.00000  0.0000000  0.00000  0.00100
161000 9.424986E+02  1.000   100     1 1212.800646  1.00000  0.0000000  0.00000  0.00100
161500 9.429161E+02  1.000   100     1 1203.203073  1.00000  0.0000000  0.00000  0.00100
162000 9.433387E+02  1.000   100     1 1165.151439  1.00000  0.0000000  0.00000  0.00100
162500 9.437648E+02  1.000   100     1 1197.136517  1.00000  0.0000000  0.00000  0.00100
163000 9.441816E+02  1.000   100     2 1167.207638  0.99000  0.0000000  0.00000  0.00100
163500 9.446036E+02  1.000   100     1 1198.737531  1.00000  0.0000000  0.00000  0.00100
164000 9.450196E+02  1.000   100     1 1196.055080  1.00000  0.0000000  0.00000  0.00100
164500 9.454419E+02  1.000   100     1 1180.705708  1.00000  0.0000000  0.00000  0.00100
165000 9.458622E+02  1.000   100     1 1188.319096  1.00000  0.0000000  0.00000  0.00100
165500 9.462891E+02  1.000   100     1 1198.347160  1.00000  0.0000000  0.00000  0.00100
166000 9.467125E+02  1.000   100     1 1159.445026  1.00000  0.0000000  0.00000  0.00100
166500 9.471329E+02  1.000   100     1 1202.957819  1.00000  0.0000000  0.00000  0.00100
167000 9.475524E+02  1.000   100     1 1209.057397  1.00000  0.0000000  0.00000  0.00100
167500 9.479721E+02  1.000   100     1 1192.673095  1.00000  0.0000000  0.00000  0.00100
168000 9.483976E+02  1.000   100     3 1150.292906  0.88000  0.0000000  0.00000  0.00100
168500 9.488295E+02  1.000   100     1 1152.890835  1.00000  0.0000000  0.00000  0.00100
169000 9.492668E+02  1.000   100     1 1131.512674  1.00000  0.0000000  0.00000  0.00100
169500 9.497034E+02  1.000   100     1 1150.574069  1.00000  0.0000000  0.00000  0.00100
170000 9.501332E+02  1.000   100     1 1180.884553  1.00000  0.0000000  0.00000  0.00100
170500 9.505533E+02  1.000   100     1 1169.297898  1.00000  0.0000000  0.00000  0.00100
171000 9.509744E+02  1.000   100     1 1189.889661  1.00000  0.0000000  0.00000  0.00100
171500 9.513976E+02  1.000   100     1 1198.792866  1.00000  0.0000000  0.00000  0.00100
172000 9.518148E+02  1.000   100     1 1204.652186  1.00000  0.0000000  0.00000  0.00100
172500 9.522369E+02  1.000   100     1 1187.258032  1.00000  0.0000000  0.00000  0.00100
173000 9.526664E+02  1.000   100     1 1187.486285  1.00000  0.0000000  0.00000  0.00100
173500 9.530973E+02  1.000   100     1 1151.558717  1.00000  0.0000000  0.00000  0.00100
174000 9.535203E+02  1.000   100     1 1193.197989  1.00000  0.0000000  0.00000  0.00100
174500 9.539414E+02  1.000   100     1 1203.071108  1.00000  0.0000000  0.00000  0.00100
175000 9.543628E+02  1.000   100     1 1202.306238  1.00000  0.0000000  0.00000  0.00100
175500 9.547782E+02  1.000   100     1 1206.607832  1.00000  0.0000000  0.00000  0.00100
176000 9.551976E+02  1.000   100     2 1144.766036  0.99000  0.0000000  0.00000  0.00100
176500 9.556283E+02  1.000   100     2 1136.655794  0.99000  0.0000000  0.00000  0.00100
177000 9.560578E+02  1.000   100     1 1161.470209  1.00000  0.0000000  0.00000  0.00100
177500 9.564808E+02  1.000   100     1 1194.017803  1.00000  0.0000000  0.00000  0.00100
178000 9.569109E+02  1.000   100     2 1160.554087  0.99000  0.0000000  0.00000  0.00100
178500 9.573369E+02  1.000   100     1 1184.910630  1.00000  0.0000000  0.00000  0.00100
179000 9.577615E+02  1.000   100     1 1184.753418  1.00000  0.0000000  0.00000  0.00100
179500 9.581877E+02  1.000   100     1 1173.356405  1.00000  0.0000000  0.00000  0.00100
180000 9.586131E+02  1.000   100     1 1188.188171  1.00000  0.0000000  0.00000  0.00100
180500 9.590419E+02  1.000   100     1 1170.069708  1.00000  0.0000000  0.00000  0.00100
181000 9.594690E+02  1.000   100     2 1185.879423  0.99000  0.0000000  0.00000  0.00100
181500 9.598888E+02  1.000   100     1 1174.577072  1.00000  0.0000000  0.00000  0.00100
182000 9.603139E+02  1.000   100     2 1196.867167  0.80000  0.0000000  0.00000  0.00100
182500 9.607306E+02  1.000   100     1 1208.954123  1.00000  0.0000000  0.00000  0.00100
183000 9.611504E+02  1.000   100     2 1169.041923  0.99000  0.0000000  0.00000  0.00100
183500 9.615725E+02  1.000   100     1 1184.862247  1.00000  0.0000000  0.00000  0.00100
184000 9.619877E+02  1.000   100     3 1165.020864  0.84000  0.0000000  0.00000  0.00100
184500 9.624081E+02  1.000   100     1 1202.989830  1.00000  0.0000000  0.00000  0.00100
185000 9.628292E+02  1.000   100     1 1187.215145  1.00000  0.0000000  0.00000  0.00100
185500 9.632459E+02  1.000   100     1 1209.404507  1.00000  0.0000000  0.00000  0.00100
186000 9.636669E+02  1.000   100     2 1182.012651  0.99000  0.0000000  0.00000  0.00100
186500 9.640894E+02  1.000   100     1 1196.523346  1.00000  0.0000000  0.00000  0.00100
187000 9.645126E+02  1.000   100     1 1181.096803  1.00000  0.0000000  0.00000  0.00100
187500 9.649384E+02  1.000   100     1 1203.380937  1.00000  0.0000000  0.00000  0.00100
188000 9.653603E+02  1.000   100     3 1149.941766  0.98000  0.0000000  0.00000  0.00100
188500 9.657773E+02  1.000   100     2 1195.195806  0.99000  0.0000000  0.00000  0.00100
189000 9.661980E+02  1.000   100     1 1193.108018  1.00000  0.0000000  0.00000  0.00100
189500 9.666197E+02  1.000   100     1 1180.550986  1.00000  0.0000000  0.00000  0.00100
190000 9.670430E+02  1.000   100     1 1217.612066  1.00000  0.0000000  0.00000  0.00100
190500 9.674589E+02  1.000   100     1 1209.338030  1.00000  0.0000000  0.00000  0.00100
191000 9.678752E+02  1.000   100     1 1194.876498  1.00000  0.0000000  0.00000  0.00100
191500 9.682977E+02  1.000   100     1 1208.892352  1.00000  0.0000000  0.00000  0.00100
192000 9.687217E+02  1.000   100     1 1168.309863  1.00000  0.0000000  0.00000  0.00100
192500 9.691404E+02  1.000   100     1 1207.875028  1.00000  0.0000000  0.00000  0.00100
193000 9.695553E+02  1.000   100     1 1192.489306  1.00000  0.0000000  0.00000  0.00100
193500 9.699747E+02  1.000   100     1 1159.877680  1.00000  0.0000000  0.00000  0.00100
194000 9.703895E+02  1.000   100     2 1186.917583  0.80000  0.0000000  0.00000  0.00100
194500 9.708074E+02  1.000   100     1 1204.840350  1.00000  0.0000000  0.00000  0.00100
195000 9.712274E+02  1.000   100     2 1193.478491  0.99000  0.0000000  0.00000  0.00100
195500 9.716460E+02  1.000   100     3 1162.021843  0.98000  0.0000000  0.00000  0.00100
196000 9.720642E+02  1.000   100     2 1189.010985  0.99000  0.0000000  0.00000  0.00100
196500 9.724832E+02  1.000   100     2 1168.186556  0.99000  0.0000000  0.00000  0.00100
197000 9.729095E+02  1.000   100     1 1131.617530  1.00000  0.0000000  0.00000  0.00100
197500 9.733439E+02  1.000   100     1 1154.549510  1.00000  0.0000000  0.00000  0.00100
198000 9.737777E+02  1.000   100     2 1154.938182  0.99000  0.0000000  0.00000  0.00100
198500 9.741965E+02  1.000   100     1 1180.845818  1.00000  0.0000000  0.00000  0.00100
199000 9.746133E+02  1.000   100     1 1197.258812  1.00000  0.0000000  0.00000  0.00100
199500 9.750361E+02  1.000   100     1 1175.724470  1.00000  0.0000000  0.00000  0.00100
200000 9.754553E+02  1.000   100     1 1212.531320  1.00000  0.0000000  0.00000  0.00100
200500 9.758721E+02  1.000   100     1 1194.208929  1.00000  0.0000000  0.00000  0.00100
201000 9.762916E+02  1.000   100     1 1202.839680  1.00000  0.0000000  0.00000  0.00100
201500 9.767161E+02  1.000   100     1 1196.216014  1.00000  0.0000000  0.00000  0.00100
202000 9.771363E+02  1.000   100     1 1168.195632  1.00000  0.0000000  0.00000  0.00100
202500 9.775615E+02  1.000   100     1 1190.709198  1.00000  0.0000000  0.00000  0.00100
203000 9.779845E+02  1.000   100     2 1169.842342  0.80000  0.0000000  0.00000  0.00100
203500 9.784077E+02  1.000   100     1 1204.658666  1.00000  0.0000000  0.00000  0.00100
204000 9.788310E+02  1.000   100     1 1187.508800  1.00000  0.0000000  0.00000  0.00100
204500 9.792415E+02  1.000   100     1 1375.584177  1.00000  0.0000000  0.00000  0.00100
205000 9.796034E+02  1.000   100     1 1370.983783  1.00000  0.0000000  0.00000  0.00100
205500 9.799635E+02  1.000   100     1 1408.462844  1.00000  0.0000000  0.00000  0.00100
206000 9.803300E+02  1.000   100     1 1328.784875  1.00000  0.0000000  0.00000  0.00100
206500 9.806934E+02  1.000   100     1 1387.309919  1.00000  0.0000000  0.00000  0.00100
207000 9.810579E+02  1.000   100     1 1387.383222  1.00000  0.0000000  0.00000  0.00100
207500 9.814262E+02  1.000   100     1 1388.167364  1.00000  0.0000000  0.00000  0.00100
208000 9.817886E+02  1.000   100     1 1395.532471  1.00000  0.0000000  0.00000  0.00100
208500 9.821518E+02  1.000   100     1 1383.960780  1.00000  0.0000000  0.00000  0.00100
209000 9.825179E+02  1.000   100     1 1373.090056  1.00000  0.0000000  0.00000  0.00100
209500 9.828827E+02  1.000   100     1 1373.929887  1.00000  0.0000000  0.00000  0.00100
210000 9.832431E+02  1.000   100     1 1404.694061  1.00000  0.0000000  0.00000  0.00100
210500 9.836000E+02  1.000   100     2 1401.465099  0.99000  0.0000000  0.00000  0.00100
211000 9.839614E+02  1.000   100     1 1369.555089  1.00000  0.0000000  0.00000  0.00100
211500 9.843249E+02  1.000   100     1 1374.496996  1.00000  0.0000000  0.00000  0.00100
212000 9.846875E+02  1.000   100     1 1362.698808  1.00000  0.0000000  0.00000  0.00100
212500 9.850490E+02  1.000   100     2 1352.583353  0.99000  0.0000000  0.00000  0.00100
213000 9.854089E+02  1.000   100     1 1381.228290  1.00000  0.0000000  0.00000  0.00100
213500 9.857757E+02  1.000   100     3 1360.677097  0.98000  0.0000000  0.00000  0.00100
214000 9.861357E+02  1.000   100     1 1374.863924  1.00000  0.0000000  0.00000  0.00100
214500 9.864953E+02  1.000   100     1 1373.015572  1.00000  0.0000000  0.00000  0.00100
215000 9.868595E+02  1.000   100     1 1396.157796  1.00000  0.0000000  0.00000  0.00100
215500 9.872186E+02  1.000   100     1 1403.145552  1.00000  0.0000000  0.00000  0.00100
216000 9.875824E+02  1.000   100     2 1336.956086  0.99000  0.0000000  0.00000  0.00100
216500 9.879428E+02  1.000   100     2 1391.718675  0.99000  0.0000000  0.00000  0.00100
217000 9.883057E+02  1.000   100     1 1386.477821  1.00000  0.0000000  0.00000  0.00100
217500 9.886674E+02  1.000   100     1 1387.719059  1.00000  0.0000000  0.00000  0.00100
218000 9.890290E+02  1.000   100     1 1368.954632  1.00000  0.0000000  0.00000  0.00100
218500 9.893874E+02  1.000   100     1 1406.917210  1.00000  0.0000000  0.00000  0.00100
219000 9.897458E+02  1.000   100     1 1385.500199  1.00000  0.0000000  0.00000  0.00100
219500 9.901037E+02  1.000   100     1 1381.144030  1.00000  0.0000000  0.00000  0.00100
220000 9.904697E+02  1.000   100     1 1352.754395  1.00000  0.0000000  0.00000  0.00100
220500 9.908397E+02  1.000   100     1 1338.910804  1.00000  0.0000000  0.00000  0.00100
221000 9.912107E+02  1.000   100     1 1361.450317  1.00000  0.0000000  0.00000  0.00100
221500 9.915804E+02  1.000   100     1 1377.944521  1.00000  0.0000000  0.00000  0.00100
222000 9.919398E+02  1.000   100     1 1400.420476  1.00000  0.0000000  0.00000  0.00100
222500 9.922993E+02  1.000   100     2 1399.229440  0.87000  0.0000000  0.00000  0.00100
223000 9.926609E+02  1.000   100     3 1356.826047  0.98000  0.0000000  0.00000  0.00100
223500 9.930255E+02  1.000   100     1 1388.014095  1.00000  0.0000000  0.00000  0.00100
224000 9.933902E+02  1.000   100     2 1375.285364  0.99000  0.0000000  0.00000  0.00100
224500 9.937622E+02  1.000   100     1 1366.938435  1.00000  0.0000000  0.00000  0.00100
225000 9.941296E+02  1.000   100     1 1375.491341  1.00000  0.0000000  0.00000  0.00100
225500 9.944959E+02  1.000   100     1 1373.880701  1.00000  0.0000000  0.00000  0.00100
226000 9.948659E+02  1.000   100     1 1381.096953  1.00000  0.0000000  0.00000  0.00100
226500 9.952313E+02  1.000   100     1 1367.236078  1.00000  0.0000000  0.00000  0.00100
227000 9.955960E+02  1.000   100     1 1377.722431  1.00000  0.0000000  0.00000  0.00100
227500 9.959663E+02  1.000   100     1 1358.426531  1.00000  0.0000000  0.00000  0.00100
228000 9.963337E+02  1.000   100     1 1382.162081  1.00000  0.0000000  0.00000  0.00100
228500 9.966959E+02  1.000   100     1 1392.549243  1.00000  0.0000000  0.00000  0.00100
229000 9.970556E+02  1.000   100     1 1369.770604  1.00000  0.0000000  0.00000  0.00100
229500 9.974163E+02  1.000   100     1 1391.228586  1.00000  0.0000000  0.00000  0.00100
230000 9.977789E+02  1.000   100     1 1360.974935  1.00000  0.0000000  0.00000  0.00100
230500 9.981388E+02  1.000   100     1 1401.349077  1.00000  0.0000000  0.00000  0.00100
231000 9.985018E+02  1.000   100     1 1373.996235  1.00000  0.0000000  0.00000  0.00100
231500 9.988657E+02  1.000   100     1 1383.241417  1.00000  0.0000000  0.00000  0.00100
232000 9.992333E+02  1.000   100     1 1339.256808  1.00000  0.0000000  0.00000  0.00100
232500 9.996010E+02  1.000   100     1 1374.952476  1.00000  0.0000000  0.00000  0.00100
233000 9.999667E+02  1.000   100     1 1394.320403  1.00000  0.0000000  0.00000  0.00100
233500 1.000330E+03  1.000   100     1 1385.757385  1.00000  0.0000000  0.00000  0.00100
234000 1.000690E+03  1.000   100     1 1390.343012  1.00000  0.0000000  0.00000  0.00100
234500 1.001050E+03  1.000   100     2 1376.245366  0.99000  0.0000000  0.00000  0.00100
235000 1.001414E+03  1.000   100     1 1396.789463  1.00000  0.0000000  0.00000  0.00100
235500 1.001776E+03  1.000   100     1 1386.123795  1.00000  0.0000000  0.00000  0.00100
236000 1.002141E+03  1.000   100     1 1388.987598  1.00000  0.0000000  0.00000  0.00100
236500 1.002503E+03  1.000   100     1 1370.325393  1.00000  0.0000000  0.00000  0.00100
237000 1.002864E+03  1.000   100     1 1393.990901  1.00000  0.0000000  0.00000  0.00100
237500 1.003226E+03  1.000   100     1 1385.754994  1.00000  0.0000000  0.00000  0.00100
238000 1.003590E+03  1.000   100     1 1384.901585  1.00000  0.0000000  0.00000  0.00100
238500 1.003953E+03  1.000   100     1 1367.874065  1.00000  0.0000000  0.00000  0.00100
239000 1.004318E+03  1.000   100     1 1326.449129  1.00000  0.0000000  0.00000  0.00100
239500 1.004680E+03  1.000   100     1 1353.749131  1.00000  0.0000000  0.00000  0.00100
240000 1.005046E+03  1.000   100     1 1364.000388  1.00000  0.0000000  0.00000  0.00100
240500 1.005413E+03  1.000   100     1 1377.532959  1.00000  0.0000000  0.00000  0.00100
241000 1.005779E+03  1.000   100     1 1400.035141  1.00000  0.0000000  0.00000  0.00100
241500 1.006144E+03  1.000   100     1 1372.736549  1.00000  0.0000000  0.00000  0.00100
242000 1.006507E+03  1.000   100     1 1398.105165  1.00000  0.0000000  0.00000  0.00100
242500 1.006872E+03  1.000   100     1 1383.657411  1.00000  0.0000000  0.00000  0.00100
243000 1.007233E+03  1.000   100     2 1386.105307  0.98000  0.0000000  0.00000  0.00100
243500 1.007595E+03  1.000   100     1 1402.669084  1.00000  0.0000000  0.00000  0.00100
244000 1.007960E+03  1.000   100     1 1344.617536  1.00000  0.0000000  0.00000  0.00100
244500 1.008330E+03  1.000   100     1 1331.546339  1.00000  0.0000000  0.00000  0.00100
245000 1.008701E+03  1.000   100     3 1363.276534  0.98000  0.0000000  0.00000  0.00100
245500 1.009067E+03  1.000   100     1 1359.319271  1.00000  0.0000000  0.00000  0.00100
246000 1.009427E+03  1.000   100     1 1396.584889  1.00000  0.0000000  0.00000  0.00100
246500 1.009793E+03  1.000   100     1 1379.304653  1.00000  0.0000000  0.00000  0.00100
247000 1.010158E+03  1.000   100     1 1391.838236  1.00000  0.0000000  0.00000  0.00100
247500 1.010520E+03  1.000   100     1 1366.941405  1.00000  0.0000000  0.00000  0.00100
248000 1.010886E+03  1.000   100     2 1376.465973  0.80000  0.0000000  0.00000  0.00100
248500 1.011253E+03  1.000   100     1 1396.536388  1.00000  0.0000000  0.00000  0.00100
249000 1.011618E+03  1.000   100     1 1350.368524  1.00000  0.0000000  0.00000  0.00100
249500 1.011990E+03  1.000   100     1 1378.313310  1.00000  0.0000000  0.00000  0.00100
250000 1.012352E+03  1.000   100     1 1396.167923  1.00000  0.0000000  0.00000  0.00100
250500 1.012714E+03  1.000   100     1 1374.344241  1.00000  0.0000000  0.00000  0.00100
251000 1.013075E+03  1.000   100     2 1387.853569  0.99000  0.0000000  0.00000  0.00100
251500 1.013436E+03  1.000   100     1 1391.214736  1.00000  0.0000000  0.00000  0.00100
252000 1.013798E+03  1.000   100     1 1366.617071  1.00000  0.0000000  0.00000  0.00100
252500 1.014166E+03  1.000   100     2 1364.442031  0.99000  0.0000000  0.00000  0.00100
253000 1.014529E+03  1.000   100     1 1354.720083  1.00000  0.0000000  0.00000  0.00100
253500 1.014896E+03  1.000   100     1 1369.490180  1.00000  0.0000000  0.00000  0.00100
254000 1.015257E+03  1.000   100     1 1387.906355  1.00000  0.0000000  0.00000  0.00100
254500 1.015620E+03  1.000   100     1 1387.819022  1.00000  0.0000000  0.00000  0.00100
255000 1.015989E+03  1.000   100     1 1344.415518  1.00000  0.0000000  0.00000  0.00100
255500 1.016362E+03  1.000   100     2 1360.510937  0.99000  0.0000000  0.00000  0.00100
256000 1.016727E+03  1.000   100     1 1367.481932  1.00000  0.0000000  0.00000  0.00100
256500 1.017090E+03  1.000   100     2 1390.572455  0.53000  0.0000000  0.00000  0.00100
257000 1.017454E+03  1.000   100     1 1366.732076  1.00000  0.0000000  0.00000  0.00100
257500 1.017819E+03  1.000   100     1 1379.075751  1.00000  0.0000000  0.00000  0.00100
258000 1.018176E+03  1.000   100     2 1371.452169  0.99000  0.0000000  0.00000  0.00100
258500 1.018536E+03  1.000   100     1 1371.030145  1.00000  0.0000000  0.00000  0.00100
259000 1.018896E+03  1.000   100     1 1396.685945  1.00000  0.0000000  0.00000  0.00100
259500 1.019260E+03  1.000   100     1 1385.418226  1.00000  0.0000000  0.00000  0.00100
260000 1.019619E+03  1.000   100     2 1397.759360  0.99000  0.0000000  0.00000  0.00100
260500 1.019979E+03  1.000   100     1 1401.536675  1.00000  0.0000000  0.00000  0.00100
261000 1.020343E+03  1.000   100     1 1386.987480  1.00000  0.0000000  0.00000  0.00100
261500 1.020702E+03  1.000   100     1 1384.826247  1.00000  0.0000000  0.00000  0.00100
262000 1.021064E+03  1.000   100     1 1372.383308  1.00000  0.0000000  0.00000  0.00100
262500 1.021429E+03  1.000   100     1 1388.804086  1.00000  0.0000000  0.00000  0.00100
263000 1.021796E+03  1.000   100     1 1385.610123  1.00000  0.0000000  0.00000  0.00100
263500 1.022159E+03  1.000   100     1 1387.437239  1.00000  0.0000000  0.00000  0.00100
264000 1.022521E+03  1.000   100     1 1399.835314  1.00000  0.0000000  0.00000  0.00100
264500 1.022887E+03  1.000   100     2 1363.605050  0.99000  0.0000000  0.00000  0.00100
265000 1.023249E+03  1.000   100     1 1381.193025  1.00000  0.0000000  0.00000  0.00100
265500 1.023611E+03  1.000   100     3 1351.344034  0.72000  0.0000000  0.00000  0.00100
266000 1.023971E+03  1.000   100     1 1405.051985  1.00000  0.0000000  0.00000  0.00100
266500 1.024334E+03  1.000   100     1 1385.537228  1.00000  0.0000000  0.00000  0.00100
267000 1.024699E+03  1.000   100     1 1390.268824  1.00000  0.0000000  0.00000  0.00100
267500 1.025065E+03  1.000   100     1 1388.282286  1.00000  0.0000000  0.00000  0.00100
268000 1.025430E+03  1.000   100     2 1385.792981  0.94000  0.0000000  0.00000  0.00100
268500 1.025795E+03  1.000   100     1 1372.194829  1.00000  0.0000000  0.00000  0.00100
269000 1.026156E+03  1.000   100     1 1379.707606  1.00000  0.0000000  0.00000  0.00100
269500 1.026516E+03  1.000   100     1 1398.051987  1.00000  0.0000000  0.00000  0.00100
270000 1.026877E+03  1.000   100     1 1387.228935  1.00000  0.0000000  0.00000  0.00100
270500 1.027247E+03  1.000   100     1 1397.941164  1.00000  0.0000000  0.00000  0.00100
271000 1.027608E+03  1.000   100     1 1378.080806  1.00000  0.0000000  0.00000  0.00100
271500 1.027968E+03  1.000   100     1 1387.537547  1.00000  0.0000000  0.00000  0.00100
272000 1.028330E+03  1.000   100     1 1364.871187  1.00000  0.0000000  0.00000  0.00100
272500 1.028691E+03  1.000   100     1 1389.669320  1.00000  0.0000000  0.00000  0.00100
273000 1.029053E+03  1.000   100     1 1378.477071  1.00000  0.0000000  0.00000  0.00100
273500 1.029420E+03  1.000   100     2 1348.228322  0.99000  0.0000000  0.00000  0.00100
274000 1.029785E+03  1.000   100     1 1369.484293  1.00000  0.0000000  0.00000  0.00100
274500 1.030154E+03  1.000   100     1 1358.021684  1.00000  0.0000000  0.00000  0.00100
275000 1.030520E+03  1.000   100     1 1341.048442  1.00000  0.0000000  0.00000  0.00100
275500 1.030893E+03  1.000   100     1 1369.289047  1.00000  0.0000000  0.00000  0.00100
276000 1.031260E+03  1.000   100     1 1365.124753  1.00000  0.0000000  0.00000  0.00100
276500 1.031626E+03  1.000   100     2 1378.194863  0.99000  0.0000000  0.00000  0.00100
277000 1.031989E+03  1.000   100     1 1392.632598  1.00000  0.0000000  0.00000  0.00100
277500 1.032350E+03  1.000   100     1 1401.399950  1.00000  0.0000000  0.00000  0.00100
278000 1.032711E+03  1.000   100     1 1331.685124  1.00000  0.0000000  0.00000  0.00100
278500 1.033073E+03  1.000   100     2 1364.259445  0.99000  0.0000000  0.00000  0.00100
279000 1.033437E+03  1.000   100     1 1405.767038  1.00000  0.0000000  0.00000  0.00100
279500 1.033797E+03  1.000   100     1 1373.580050  1.00000  0.0000000  0.00000  0.00100
280000 1.034157E+03  1.000   100     2 1402.630120  0.86000  0.0000000  0.00000  0.00100
280500 1.034517E+03  1.000   100     1 1386.639451  1.00000  0.0000000  0.00000  0.00100
281000 1.034882E+03  1.000   100     1 1362.164080  1.00000  0.0000000  0.00000  0.00100
281500 1.035247E+03  1.000   100     2 1334.680463  0.99000  0.0000000  0.00000  0.00100
282000 1.035607E+03  1.000   100     1 1318.176184  1.00000  0.0000000  0.00000  0.00100
282500 1.035971E+03  1.000   100     1 1370.022870  1.00000  0.0000000  0.00000  0.00100
283000 1.036335E+03  1.000   100     2 1386.034404  0.99000  0.0000000  0.00000  0.00100
283500 1.036695E+03  1.000   100     1 1375.051525  1.00000  0.0000000  0.00000  0.00100
284000 1.037058E+03  1.000   100     1 1354.822024  1.00000  0.0000000  0.00000  0.00100
284500 1.037422E+03  1.000   100     1 1379.010889  1.00000  0.0000000  0.00000  0.00100
285000 1.037788E+03  1.000   100     1 1396.591457  1.00000  0.0000000  0.00000  0.00100
285500 1.038153E+03  1.000   100     1 1378.598223  1.00000  0.0000000  0.00000  0.00100
286000 1.038515E+03  1.000   100     1 1368.217006  1.00000  0.0000000  0.00000  0.00100
286500 1.038880E+03  1.000   100     2 1378.998399  0.99000  0.0000000  0.00000  0.00100
287000 1.039243E+03  1.000   100     1 1390.203934  1.00000  0.0000000  0.00000  0.00100
287500 1.039606E+03  1.000   100     2 1395.050233  0.76000  0.0000000  0.00000  0.00100
288000 1.039967E+03  1.000   100     1 1374.369408  1.00000  0.0000000  0.00000  0.00100
288500 1.040329E+03  1.000   100     1 1354.642758  1.00000  0.0000000  0.00000  0.00100
289000 1.040688E+03  1.000   100     1 1402.257449  1.00000  0.0000000  0.00000  0.00100
289500 1.041051E+03  1.000   100     1 1393.019666  1.00000  0.0000000  0.00000  0.00100
290000 1.041416E+03  1.000   100     1 1370.690019  1.00000  0.0000000  0.00000  0.00100
290500 1.041779E+03  1.000   100     1 1375.110434  1.00000  0.0000000  0.00000  0.00100
291000 1.042144E+03  1.000   100     1 1359.716721  1.00000  0.0000000  0.00000  0.00100
291500 1.042505E+03  1.000   100     1 1365.632002  1.00000  0.0000000  0.00000  0.00100
292000 1.042871E+03  1.000   100     1 1390.736731  1.00000  0.0000000  0.00000  0.00100
292500 1.043232E+03  1.000   100     1 1393.621806  1.00000  0.0000000  0.00000  0.00100
293000 1.043593E+03  1.000   100     1 1381.392078  1.00000  0.0000000  0.00000  0.00100
293500 1.043954E+03  1.000   100     1 1404.769531  1.00000  0.0000000  0.00000  0.00100
294000 1.044320E+03  1.000   100     1 1351.174446  1.00000  0.0000000  0.00000  0.00100
294500 1.044688E+03  1.000   100     1 1382.770073  1.00000  0.0000000  0.00000  0.00100
295000 1.045053E+03  1.000   100     2 1365.046240  0.99000  0.0000000  0.00000  0.00100
295500 1.045417E+03  1.000   100     1 1384.628829  1.00000  0.0000000  0.00000  0.00100
296000 1.045776E+03  1.000   100     2 1379.848542  0.99000  0.0000000  0.00000  0.00100
296500 1.046134E+03  1.000   100     2 1375.231016  0.99000  0.0000000  0.00000  0.00100
297000 1.046498E+03  1.000   100     2 1360.667410  0.99000  0.0000000  0.00000  0.00100
297500 1.046863E+03  1.000   100     2 1374.040407  0.99000  0.0000000  0.00000  0.00100
298000 1.047225E+03  1.000   100     1 1370.174206  1.00000  0.0000000  0.00000  0.00100
298500 1.047593E+03  1.000   100     1 1385.382240  1.00000  0.0000000  0.00000  0.00100
299000 1.047955E+03  1.000   100     1 1388.288792  1.00000  0.0000000  0.00000  0.00100
299500 1.048317E+03  1.000   100     2 1366.388670  0.99000  0.0000000  0.00000  0.00100
300000 1.048678E+03  1.000   100     2 1344.296852  0.99000  0.0000000  0.00000  0.00100
300500 1.049042E+03  1.000   100     1 1381.495746  1.00000  0.0000000  0.00000  0.00100
301000 1.049402E+03  1.000   100     2 1384.773102  0.99000  0.0000000  0.00000  0.00100
301500 1.049762E+03  1.000   100     1 1368.838323  1.00000  0.0000000  0.00000  0.00100
302000 1.050123E+03  1.000   100     1 1382.860076  1.00000  0.0000000  0.00000  0.00100
302500 1.050486E+03  1.000   100     1 1390.453346  1.00000  0.0000000  0.00000  0.00100
303000 1.050849E+03  1.000   100     1 1354.936376  1.00000  0.0000000  0.00000  0.00100
303500 1.051209E+03  1.000   100     1 1381.483376  1.00000  0.0000000  0.00000  0.00100
304000 1.051570E+03  1.000   100     1 1369.549583  1.00000  0.0000000  0.00000  0.00100
304500 1.051935E+03  1.000   100     1 1384.105212  1.00000  0.0000000  0.00000  0.00100
305000 1.052300E+03  1.000   100     1 1346.877231  1.00000  0.0000000  0.00000  0.00100
305500 1.052666E+03  1.000   100     1 1391.947414  1.00000  0.0000000  0.00000  0.00100
306000 1.053032E+03  1.000   100     1 1400.878887  1.00000  0.0000000  0.00000  0.00100
306500 1.053396E+03  1.000   100     1 1341.409430  1.00000  0.0000000  0.00000  0.00100
307000 1.053759E+03  1.000   100     2 1371.773925  0.92000  0.0000000  0.00000  0.00100
307500 1.054119E+03  1.000   100     1 1366.900660  1.00000  0.0000000  0.00000  0.00100
308000 1.054482E+03  1.000   100     1 1393.559790  1.00000  0.0000000  0.00000  0.00100
308500 1.054842E+03  1.000   100     1 1379.202896  1.00000  0.0000000  0.00000  0.00100
309000 1.055202E+03  1.000   100     2 1383.328544  0.99000  0.0000000  0.00000  0.00100
309500 1.055562E+03  1.000   100     1 1400.846151  1.00000  0.0000000  0.00000  0.00100
310000 1.055922E+03  1.000   100     1 1384.401060  1.00000  0.0000000  0.00000  0.00100
310500 1.056284E+03  1.000   100     1 1350.046423  1.00000  0.0000000  0.00000  0.00100
311000 1.056650E+03  1.000   100     1 1376.068977  1.00000  0.0000000  0.00000  0.00100
311500 1.057017E+03  1.000   100     1 1349.269916  1.00000  0.0000000  0.00000  0.00100
312000 1.057385E+03  1.000   100     1 1364.209358  1.00000  0.0000000  0.00000  0.00100
312500 1.057752E+03  1.000   100     2 1392.442860  0.99000  0.0000000  0.00000  0.00100
313000 1.058114E+03  1.000   100     1 1402.691252  1.00000  0.0000000  0.00000  0.00100
313500 1.058474E+03  1.000   100     1 1403.194719  1.00000  0.0000000  0.00000  0.00100
314000 1.058839E+03  1.000   100     1 1377.237697  1.00000  0.0000000  0.00000  0.00100
314500 1.059205E+03  1.000   100     1 1378.231979  1.00000  0.0000000  0.00000  0.00100
315000 1.059570E+03  1.000   100     1 1403.424932  1.00000  0.0000000  0.00000  0.00100
315500 1.059934E+03  1.000   100     2 1342.851398  0.99000  0.0000000  0.00000  0.00100
316000 1.060302E+03  1.000   100     2 1321.788649  0.99000  0.0000000  0.00000  0.00100
316500 1.060666E+03  1.000   100     2 1352.044025  0.99000  0.0000000  0.00000  0.00100
317000 1.061032E+03  1.000   100     1 1363.050108  1.00000  0.0000000  0.00000  0.00100
317500 1.061394E+03  1.000   100     1 1397.005594  1.00000  0.0000000  0.00000  0.00100
318000 1.061759E+03  1.000   100     1 1390.144222  1.00000  0.0000000  0.00000  0.00100
318500 1.062122E+03  1.000   100     1 1402.534016  1.00000  0.0000000  0.00000  0.00100
319000 1.062484E+03  1.000   100     1 1381.102225  1.00000  0.0000000  0.00000  0.00100
319500 1.062850E+03  1.000   100     1 1333.019332  1.00000  0.0000000  0.00000  0.00100
320000 1.063209E+03  1.000   100     1 1398.149459  1.00000  0.0000000  0.00000  0.00100
320500 1.063568E+03  1.000   100     1 1395.252195  1.00000  0.0000000  0.00000  0.00100
321000 1.063933E+03  1.000   100     1 1387.754295  1.00000  0.0000000  0.00000  0.00100
321500 1.064302E+03  1.000   100     1 1390.542988  1.00000  0.0000000  0.00000  0.00100
322000 1.064663E+03  1.000   100     1 1406.610298  1.00000  0.0000000  0.00000  0.00100
322500 1.065023E+03  1.000   100     1 1391.071836  1.00000  0.0000000  0.00000  0.00100
323000 1.065383E+03  1.000   100     1 1389.243075  1.00000  0.0000000  0.00000  0.00100
323500 1.065745E+03  1.000   100     1 1342.771904  1.00000  0.0000000  0.00000  0.00100
324000 1.066104E+03  1.000   100     1 1393.756557  1.00000  0.0000000  0.00000  0.00100
324500 1.066466E+03  1.000   100     1 1378.757859  1.00000  0.0000000  0.00000  0.00100
325000 1.066830E+03  1.000   100     2 1395.322622  0.99000  0.0000000  0.00000  0.00100
325500 1.067193E+03  1.000   100     1 1396.028751  1.00000  0.0000000  0.00000  0.00100
326000 1.067556E+03  1.000   100     1 1381.917381  1.00000  0.0000000  0.00000  0.00100
326500 1.067920E+03  1.000   100     1 1410.304670  1.00000  0.0000000  0.00000  0.00100
327000 1.068281E+03  1.000   100     2 1354.361913  0.99000  0.0000000  0.00000  0.00100
327500 1.068644E+03  1.000   100     2 1351.725615  0.99000  0.0000000  0.00000  0.00100
328000 1.069006E+03  1.000   100     1 1401.886050  1.00000  0.0000000  0.00000  0.00100
328500 1.069367E+03  1.000   100     1 1385.380011  1.00000  0.0000000  0.00000  0.00100
329000 1.069731E+03  1.000   100     1 1404.935948  1.00000  0.0000000  0.00000  0.00100
329500 1.070093E+03  1.000   100     2 1360.321708  0.99000  0.0000000  0.00000  0.00100
330000 1.070460E+03  1.000   100     1 1377.054541  1.00000  0.0000000  0.00000  0.00100
330500 1.070821E+03  1.000   100     1 1317.548769  1.00000  0.0000000  0.00000  0.00100
331000 1.071182E+03  1.000   100     2 1397.176643  0.98000  0.0000000  0.00000  0.00100
331500 1.071541E+03  1.000   100     1 1404.387183  1.00000  0.0000000  0.00000  0.00100
332000 1.071905E+03  1.000   100     2 1371.942537  0.99000  0.0000000  0.00000  0.00100
332500 1.072264E+03  1.000   100     1 1364.501695  1.00000  0.0000000  0.00000  0.00100
333000 1.072628E+03  1.000   100     1 1392.504270  1.00000  0.0000000  0.00000  0.00100
333500 1.072990E+03  1.000   100     1 1362.430941  1.00000  0.0000000  0.00000  0.00100
334000 1.073354E+03  1.000   100     1 1363.208963  1.00000  0.0000000  0.00000  0.00100
334500 1.073718E+03  1.000   100     1 1364.828335  1.00000  0.0000000  0.00000  0.00100
335000 1.074078E+03  1.000   100     1 1399.133115  1.00000  0.0000000  0.00000  0.00100
335500 1.074443E+03  1.000   100     1 1396.747924  1.00000  0.0000000  0.00000  0.00100
336000 1.074804E+03  1.000   100     1 1384.340238  1.00000  0.0000000  0.00000  0.00100
336500 1.075172E+03  1.000   100     1 1365.628250  1.00000  0.0000000  0.00000  0.00100
337000 1.075540E+03  1.000   100     1 1389.508634  1.00000  0.0000000  0.00000  0.00100
337500 1.075911E+03  1.000   100     1 1366.843265  1.00000  0.0000000  0.00000  0.00100
338000 1.076278E+03  1.000   100     2 1372.755762  0.97000  0.0000000  0.00000  0.00100
338500 1.076649E+03  1.000   100     1 1382.953288  1.00000  0.0000000  0.00000  0.00100
339000 1.077008E+03  1.000   100     1 1394.351011  1.00000  0.0000000  0.00000  0.00100
339500 1.077371E+03  1.000   100     1 1383.876675  1.00000  0.0000000  0.00000  0.00100
340000 1.077732E+03  1.000   100     1 1389.717740  1.00000  0.0000000  0.00000  0.00100
340500 1.078093E+03  1.000   100     1 1396.153060  1.00000  0.0000000  0.00000  0.00100
341000 1.078455E+03  1.000   100     1 1387.527739  1.00000  0.0000000  0.00000  0.00100
341500 1.078816E+03  1.000   100     2 1403.977171  0.84000  0.0000000  0.00000  0.00100
342000 1.079180E+03  1.000   100     1 1376.317450  1.00000  0.0000000  0.00000  0.00100
342500 1.079543E+03  1.000   100     1 1383.017280  1.00000  0.0000000  0.00000  0.00100
343000 1.079909E+03  1.000   100     1 1361.758738  1.00000  0.0000000  0.00000  0.00100
343500 1.080268E+03  1.000   100     2 1387.271346  0.99000  0.0000000  0.00000  0.00100
344000 1.080628E+03  1.000   100     2 1393.957945  0.99000  0.0000000  0.00000  0.00100
344500 1.080991E+03  1.000   100     1 1348.447736  1.00000  0.0000000  0.00000  0.00100
345000 1.081352E+03  1.000   100     1 1402.495928  1.00000  0.0000000  0.00000  0.00100
345500 1.081710E+03  1.000   100     2 1371.190998  0.99000  0.0000000  0.00000  0.00100
346000 1.082070E+03  1.000   100     1 1394.766655  1.00000  0.0000000  0.00000  0.00100
346500 1.082431E+03  1.000   100     2 1362.507653  0.99000  0.0000000  0.00000  0.00100
347000 1.082796E+03  1.000   100     1 1389.950815  1.00000  0.0000000  0.00000  0.00100
347500 1.083156E+03  1.000   100     1 1404.275830  1.00000  0.0000000  0.00000  0.00100
348000 1.083519E+03  1.000   100     1 1388.019152  1.00000  0.0000000  0.00000  0.00100
348500 1.083883E+03  1.000   100     1 1385.893190  1.00000  0.0000000  0.00000  0.00100
349000 1.084245E+03  1.000   100     1 1384.129172  1.00000  0.0000000  0.00000  0.00100
349500 1.084609E+03  1.000   100     1 1389.144015  1.00000  0.0000000  0.00000  0.00100
350000 1.084973E+03  1.000   100     1 1376.602451  1.00000  0.0000000  0.00000  0.00100
350500 1.085334E+03  1.000   100     1 1384.184971  1.00000  0.0000000  0.00000  0.00100
351000 1.085694E+03  1.000   100     1 1401.515718  1.00000  0.0000000  0.00000  0.00100
351500 1.086054E+03  1.000   100     1 1397.063157  1.00000  0.0000000  0.00000  0.00100
352000 1.086422E+03  1.000   100     1 1388.355287  1.00000  0.0000000  0.00000  0.00100
352500 1.086788E+03  1.000   100     1 1377.476265  1.00000  0.0000000  0.00000  0.00100
353000 1.087149E+03  1.000   100     1 1381.205545  1.00000  0.0000000  0.00000  0.00100
353500 1.087512E+03  1.000   100     1 1390.614980  1.00000  0.0000000  0.00000  0.00100
354000 1.087877E+03  1.000   100     1 1372.474657  1.00000  0.0000000  0.00000  0.00100
354500 1.088244E+03  1.000   100     1 1400.512601  1.00000  0.0000000  0.00000  0.00100
355000 1.088604E+03  1.000   100     1 1393.320433  1.00000  0.0000000  0.00000  0.00100
355500 1.088968E+03  1.000   100     1 1347.412242  1.00000  0.0000000  0.00000  0.00100
356000 1.089335E+03  1.000   100     2 1368.843494  0.99000  0.0000000  0.00000  0.00100
356500 1.089696E+03  1.000   100     2 1356.249232  0.99000  0.0000000  0.00000  0.00100
357000 1.090056E+03  1.000   100     1 1376.872112  1.00000  0.0000000  0.00000  0.00100
357500 1.090425E+03  1.000   100     1 1374.996140  1.00000  0.0000000  0.00000  0.00100
358000 1.090791E+03  1.000   100     1 1400.089554  1.00000  0.0000000  0.00000  0.00100
358500 1.091157E+03  1.000   100     1 1364.669800  1.00000  0.0000000  0.00000  0.00100
359000 1.091517E+03  1.000   100     2 1347.439950  0.99000  0.0000000  0.00000  0.00100
359500 1.091880E+03  1.000   100     1 1388.563834  1.00000  0.0000000  0.00000  0.00100
360000 1.092243E+03  1.000   100     1 1404.286563  1.00000  0.0000000  0.00000  0.00100
360500 1.092605E+03  1.000   100     2 1349.822179  0.99000  0.0000000  0.00000  0.00100
361000 1.092966E+03  1.000   100     1 1394.079868  1.00000  0.0000000  0.00000  0.00100
361500 1.093331E+03  1.000   100     1 1393.445652  1.00000  0.0000000  0.00000  0.00100
362000 1.093694E+03  1.000   100     1 1370.970055  1.00000  0.0000000  0.00000  0.00100
362500 1.094057E+03  1.000   100     1 1381.296403  1.00000  0.0000000  0.00000  0.00100
363000 1.094417E+03  1.000   100     1 1398.324571  1.00000  0.0000000  0.00000  0.00100
363500 1.094781E+03  1.000   100     1 1381.027836  1.00000  0.0000000  0.00000  0.00100
364000 1.095144E+03  1.000   100     2 1366.180688  0.99000  0.0000000  0.00000  0.00100
364500 1.095504E+03  1.000   100     2 1393.926119  0.92000  0.0000000  0.00000  0.00100
365000 1.095866E+03  1.000   100     2 1370.140671  0.99000  0.0000000  0.00000  0.00100
365500 1.096230E+03  1.000   100     1 1394.608741  1.00000  0.0000000  0.00000  0.00100
366000 1.096595E+03  1.000   100     1 1359.538341  1.00000  0.0000000  0.00000  0.00100
366500 1.096954E+03  1.000   100     1 1360.152154  1.00000  0.0000000  0.00000  0.00100
367000 1.097314E+03  1.000   100     1 1410.801607  1.00000  0.0000000  0.00000  0.00100
367500 1.097676E+03  1.000   100     2 1377.873830  0.99000  0.0000000  0.00000  0.00100
368000 1.098041E+03  1.000   100     1 1316.710665  1.00000  0.0000000  0.00000  0.00100
368500 1.098411E+03  1.000   100     1 1362.463389  1.00000  0.0000000  0.00000  0.00100
369000 1.098779E+03  1.000   100     1 1312.307970  1.00000  0.0000000  0.00000  0.00100
369500 1.099147E+03  1.000   100     1 1367.327654  1.00000  0.0000000  0.00000  0.00100
370000 1.099516E+03  1.000   100     1 1339.316589  1.00000  0.0000000  0.00000  0.00100
370500 1.099885E+03  1.000   100     3 1293.311254  0.98000  0.0000000  0.00000  0.00100
371000 1.100258E+03  1.000   100     1 1359.573476  1.00000  0.0000000  0.00000  0.00100
371500 1.100628E+03  1.000   100     1 1398.500324  1.00000  0.0000000  0.00000  0.00100
372000 1.100989E+03  1.000   100     1 1376.737503  1.00000  0.0000000  0.00000  0.00100
372500 1.101350E+03  1.000   100     1 1385.818770  1.00000  0.0000000  0.00000  0.00100
373000 1.101718E+03  1.000   100     2 1369.252015  0.99000  0.0000000  0.00000  0.00100
373500 1.102081E+03  1.000   100     1 1357.913573  1.00000  0.0000000  0.00000  0.00100
374000 1.102444E+03  1.000   100     1 1386.336678  1.00000  0.0000000  0.00000  0.00100
374500 1.102806E+03  1.000   100     2 1352.533773  0.99000  0.0000000  0.00000  0.00100
375000 1.103169E+03  1.000   100     1 1349.389250  1.00000  0.0000000  0.00000  0.00100
375500 1.103537E+03  1.000   100     1 1325.099013  1.00000  0.0000000  0.00000  0.00100
376000 1.103902E+03  1.000   100     2 1342.972914  0.99000  0.0000000  0.00000  0.00100
376500 1.104267E+03  1.000   100     2 1393.296633  0.86000  0.0000000  0.00000  0.00100
377000 1.104630E+03  1.000   100     1 1354.797892  1.00000  0.0000000  0.00000  0.00100
377500 1.104995E+03  1.000   100     1 1348.332402  1.00000  0.0000000  0.00000  0.00100
378000 1.105361E+03  1.000   100     2 1385.214960  0.99000  0.0000000  0.00000  0.00100
378500 1.105721E+03  1.000   100     2 1388.292095  0.99000  0.0000000  0.00000  0.00100
379000 1.106084E+03  1.000   100     1 1382.946837  1.00000  0.0000000  0.00000  0.00100
379500 1.106449E+03  1.000   100     1 1328.776467  1.00000  0.0000000  0.00000  0.00100
380000 1.106812E+03  1.000   100     1 1381.940223  1.00000  0.0000000  0.00000  0.00100
380500 1.107174E+03  1.000   100     2 1380.411273  0.99000  0.0000000  0.00000  0.00100
381000 1.107538E+03  1.000   100     1 1364.008101  1.00000  0.0000000  0.00000  0.00100
381500 1.107902E+03  1.000   100     1 1397.939401  1.00000  0.0000000  0.00000  0.00100
382000 1.108266E+03  1.000   100     2 1353.605841  0.99000  0.0000000  0.00000  0.00100
382500 1.108629E+03  1.000   100     1 1398.858998  1.00000  0.0000000  0.00000  0.00100
383000 1.108991E+03  1.000   100     1 1373.661319  1.00000  0.0000000  0.00000  0.00100
383500 1.109359E+03  1.000   100     1 1362.975754  1.00000  0.0000000  0.00000  0.00100
384000 1.109722E+03  1.000   100     2 1359.970952  0.99000  0.0000000  0.00000  0.00100
384500 1.110085E+03  1.000   100     1 1411.076529  1.00000  0.0000000  0.00000  0.00100
385000 1.110445E+03  1.000   100     1 1376.853132  1.00000  0.0000000  0.00000  0.00100
385500 1.110808E+03  1.000   100     1 1351.871763  1.00000  0.0000000  0.00000  0.00100
386000 1.111167E+03  1.000   100     2 1391.170215  0.99000  0.0000000  0.00000  0.00100
386500 1.111530E+03  1.000   100     1 1392.776910  1.00000  0.0000000  0.00000  0.00100
387000 1.111892E+03  1.000   100     1 1382.451083  1.00000  0.0000000  0.00000  0.00100
387500 1.112253E+03  1.000   100     2 1367.380116  0.99000  0.0000000  0.00000  0.00100
388000 1.112617E+03  1.000   100     1 1400.830608  1.00000  0.0000000  0.00000  0.00100
388500 1.112981E+03  1.000   100     2 1375.403503  0.99000  0.0000000  0.00000  0.00100
389000 1.113341E+03  1.000   100     1 1353.484346  1.00000  0.0000000  0.00000  0.00100
389500 1.113703E+03  1.000   100     1 1352.375208  1.00000  0.0000000  0.00000  0.00100
390000 1.114072E+03  1.000   100     1 1403.703123  1.00000  0.0000000  0.00000  0.00100
390500 1.114437E+03  1.000   100     3 1381.485727  0.86000  0.0000000  0.00000  0.00100
391000 1.114799E+03  1.000   100     1 1401.271676  1.00000  0.0000000  0.00000  0.00100
391500 1.115159E+03  1.000   100     1 1377.011789  1.00000  0.0000000  0.00000  0.00100
392000 1.115522E+03  1.000   100     1 1364.309687  1.00000  0.0000000  0.00000  0.00100
392500 1.115885E+03  1.000   100     1 1354.413742  1.00000  0.0000000  0.00000  0.00100
393000 1.116247E+03  1.000   100     1 1403.040797  1.00000  0.0000000  0.00000  0.00100
393500 1.116608E+03  1.000   100     1 1409.867203  1.00000  0.0000000  0.00000  0.00100
394000 1.116967E+03  1.000   100     1 1400.068609  1.00000  0.0000000  0.00000  0.00100
394500 1.117328E+03  1.000   100     1 1385.547255  1.00000  0.0000000  0.00000  0.00100
395000 1.117688E+03  1.000   100     1 1382.471187  1.00000  0.0000000  0.00000  0.00100
395500 1.118052E+03  1.000   100     1 1388.760483  1.00000  0.0000000  0.00000  0.00100
396000 1.118414E+03  1.000   100     1 1364.562674  1.00000  0.0000000  0.00000  0.00100
396500 1.118772E+03  1.000   100     1 1374.904114  1.00000  0.0000000  0.00000  0.00100
397000 1.119134E+03  1.000   100     1 1388.175692  1.00000  0.0000000  0.00000  0.00100
397500 1.119496E+03  1.000   100     1 1402.630665  1.00000  0.0000000  0.00000  0.00100
398000 1.119861E+03  1.000   100     2 1368.650209  0.99000  0.0000000  0.00000  0.00100
398500 1.120224E+03  1.000   100     1 1393.155537  1.00000  0.0000000  0.00000  0.00100
399000 1.120585E+03  1.000   100     1 1383.519354  1.00000  0.0000000  0.00000  0.00100
399500 1.120944E+03  1.000   100     2 1378.525927  0.99000  0.0000000  0.00000  0.00100
400000 1.121307E+03  1.000   100     1 1400.711728  1.00000  0.0000000  0.00000  0.00100
400500 1.121669E+03  1.000   100     1 1341.762744  1.00000  0.0000000  0.00000  0.00100
401000 1.122033E+03  1.000   100     2 1382.625059  0.97000  0.0000000  0.00000  0.00100
401500 1.122393E+03  1.000   100     1 1363.497725  1.00000  0.0000000  0.00000  0.00100
402000 1.122754E+03  1.000   100     1 1378.657107  1.00000  0.0000000  0.00000  0.00100
402500 1.123120E+03  1.000   100     2 1375.443942  0.99000  0.0000000  0.00000  0.00100
403000 1.123479E+03  1.000   100     1 1395.956709  1.00000  0.0000000  0.00000  0.00100
403500 1.123840E+03  1.000   100     1 1399.550657  1.00000  0.0000000  0.00000  0.00100
404000 1.124203E+03  1.000   100     1 1406.916223  1.00000  0.0000000  0.00000  0.00100
404500 1.124565E+03  1.000   100     1 1356.106837  1.00000  0.0000000  0.00000  0.00100
405000 1.124926E+03  1.000   100     1 1390.153428  1.00000  0.0000000  0.00000  0.00100
405500 1.125286E+03  1.000   100     2 1350.681307  0.99000  0.0000000  0.00000  0.00100
406000 1.125649E+03  1.000   100     1 1390.083232  1.00000  0.0000000  0.00000  0.00100
406500 1.126012E+03  1.000   100     1 1368.399581  1.00000  0.0000000  0.00000  0.00100
407000 1.126373E+03  1.000   100     1 1398.945731  1.00000  0.0000000  0.00000  0.00100
407500 1.126718E+03  1.000   100     1 1485.463098  1.00000  0.0000000  0.00000  0.00100
408000 1.127052E+03  1.000   100     1 1471.782034  1.00000  0.0000000  0.00000  0.00100
408500 1.127386E+03  1.000   100     1 1492.068184  1.00000  0.0000000  0.00000  0.00100
409000 1.127722E+03  1.000   100     1 1515.170371  1.00000  0.0000000  0.00000  0.00100
409500 1.128052E+03  1.000   100     1 1510.393507  1.00000  0.0000000  0.00000  0.00100
410000 1.128387E+03  1.000   100     1 1523.283117  1.00000  0.0000000  0.00000  0.00100
410500 1.128717E+03  1.000   100     2 1509.737196  0.99000  0.0000000  0.00000  0.00100
411000 1.129048E+03  1.000   100     3 1521.266614  0.98000  0.0000000  0.00000  0.00100
411500 1.129378E+03  1.000   100     1 1534.619284  1.00000  0.0000000  0.00000  0.00100
412000 1.129709E+03  1.000   100     1 1490.392504  1.00000  0.0000000  0.00000  0.00100
412500 1.130039E+03  1.000   100     1 1536.600352  1.00000  0.0000000  0.00000  0.00100
413000 1.130372E+03  1.000   100     1 1524.684104  1.00000  0.0000000  0.00000  0.00100
413500 1.130705E+03  1.000   100     1 1532.301637  1.00000  0.0000000  0.00000  0.00100
414000 1.131034E+03  1.000   100     1 1522.273486  1.00000  0.0000000  0.00000  0.00100
414500 1.131364E+03  1.000   100     1 1511.603435  1.00000  0.0000000  0.00000  0.00100
415000 1.131693E+03  1.000   100     2 1508.185323  0.99000  0.0000000  0.00000  0.00100
415500 1.132023E+03  1.000   100     1 1466.335154  1.00000  0.0000000  0.00000  0.00100
416000 1.132354E+03  1.000   100     1 1538.347739  1.00000  0.0000000  0.00000  0.00100
416500 1.132683E+03  1.000   100     2 1503.416523  0.99000  0.0000000  0.00000  0.00100
417000 1.133015E+03  1.000   100     2 1498.611412  0.99000  0.0000000  0.00000  0.00100
417500 1.133344E+03  1.000   100     2 1478.644772  0.99000  0.0000000  0.00000  0.00100
418000 1.133674E+03  1.000   100     1 1542.828369  1.00000  0.0000000  0.00000  0.00100
418500 1.134001E+03  1.000   100     1 1512.979785  1.00000  0.0000000  0.00000  0.00100
419000 1.134332E+03  1.000   100     1 1539.866072  1.00000  0.0000000  0.00000  0.00100
419500 1.134658E+03  1.000   100     2 1505.983100  0.99000  0.0000000  0.00000  0.00100
420000 1.134991E+03  1.000   100     2 1483.390499  0.99000  0.0000000  0.00000  0.00100
420500 1.135325E+03  1.000   100     1 1518.714711  1.00000  0.0000000  0.00000  0.00100
421000 1.135655E+03  1.000   100     1 1535.657506  1.00000  0.0000000  0.00000  0.00100
421500 1.135984E+03  1.000   100     2 1508.708542  0.99000  0.0000000  0.00000  0.00100
422000 1.136316E+03  1.000   100     1 1518.956725  1.00000  0.0000000  0.00000  0.00100
422500 1.136647E+03  1.000   100     1 1488.985428  1.00000  0.0000000  0.00000  0.00100
423000 1.136978E+03  1.000   100     2 1516.246966  0.99000  0.0000000  0.00000  0.00100
423500 1.137303E+03  1.000   100     1 1518.499540  1.00000  0.0000000  0.00000  0.00100
424000 1.137635E+03  1.000   100     1 1523.862099  1.00000  0.0000000  0.00000  0.00100
424500 1.137967E+03  1.000   100     1 1531.147604  1.00000  0.0000000  0.00000  0.00100
425000 1.138294E+03  1.000   100     1 1515.099362  1.00000  0.0000000  0.00000  0.00100
425500 1.138627E+03  1.000   100     1 1492.284893  1.00000  0.0000000  0.00000  0.00100
426000 1.138964E+03  1.000   100     1 1506.591561  1.00000  0.0000000  0.00000  0.00100
426500 1.139306E+03  1.000   100     1 1457.883671  1.00000  0.0000000  0.00000  0.00100
427000 1.139647E+03  1.000   100     1 1510.504792  1.00000  0.0000000  0.00000  0.00100
427500 1.139975E+03  1.000   100     1 1511.742762  1.00000  0.0000000  0.00000  0.00100
428000 1.140307E+03  1.000   100     1 1491.961098  1.00000  0.0000000  0.00000  0.00100
428500 1.140636E+03  1.000   100     1 1496.535365  1.00000  0.0000000  0.00000  0.00100
429000 1.140966E+03  1.000   100     2 1502.095426  0.99000  0.0000000  0.00000  0.00100
