0 0.000000E+00 6.217574E-06 1.881550E-07 4.056718E+03 0.000000E+00
0 2.789076E+01 6.217574E-06 4.841924E-06 4.056718E+03 0.000000E+00
1000 7.222623E+02 6.271511E-06 1.116572E-05 4.037762E+03 0.000000E+00
1250 7.545360E+02 4.411904E-05 7.799655E-05 5.717032E+02 0.000000E+00
1500 7.747438E+02 4.411904E-05 7.858070E-05 5.717032E+02 0.000000E+00
1750 7.898059E+02 6.245116E-04 7.818700E-04 3.241236E+01 0.000000E+00
2000 7.914013E+02 5.660571E-04 1.227872E-03 1.112056E+01 0.000000E+00
2250 7.927440E+02 5.617561E-04 1.188598E-03 1.109676E+01 0.000000E+00
2500 7.940627E+02 5.650443E-04 1.209660E-03 1.100783E+01 0.000000E+00
2750 7.953725E+02 5.650443E-04 1.250614E-03 1.100783E+01 0.000000E+00
3000 7.966991E+02 5.650443E-04 1.204552E-03 1.100783E+01 0.000000E+00
3250 7.980064E+02 5.657002E-04 1.227146E-03 1.099638E+01 0.000000E+00
3500 7.987179E+02 9.230977E-04 2.738714E-03 6.738077E+00 0.000000E+00
3750 7.993186E+02 9.230977E-04 2.666499E-03 6.738077E+00 0.000000E+00
4000 7.999359E+02 9.230977E-04 2.615375E-03 6.738077E+00 0.000000E+00
4250 8.005451E+02 9.230977E-04 2.602999E-03 6.738077E+00 0.000000E+00
4500 8.011604E+02 9.230977E-04 2.637881E-03 6.738077E+00 0.000000E+00
4750 8.017772E+02 9.230977E-04 2.651797E-03 6.738077E+00 0.000000E+00
5000 8.023924E+02 9.230977E-04 2.602499E-03 6.738077E+00 0.000000E+00
5250 8.030070E+02 9.230977E-04 2.652701E-03 6.738077E+00 0.000000E+00
5500 8.036199E+02 9.230977E-04 2.637989E-03 6.738077E+00 0.000000E+00
5750 8.042335E+02 9.230977E-04 2.649284E-03 6.738077E+00 0.000000E+00
6000 8.048479E+02 9.230977E-04 2.544970E-03 6.738077E+00 0.000000E+00
6250 8.054543E+02 9.230977E-04 2.687305E-03 6.738077E+00 0.000000E+00
6500 8.060640E+02 9.230977E-04 2.719227E-03 6.738077E+00 0.000000E+00
6750 8.066692E+02 9.230977E-04 2.645091E-03 6.738077E+00 0.000000E+00
7000 8.072685E+02 9.230977E-04 2.692167E-03 6.738077E+00 0.000000E+00
7250 8.078702E+02 9.230977E-04 2.756585E-03 6.738077E+00 0.000000E+00
7500 8.084741E+02 9.230977E-04 2.688664E-03 6.738077E+00 0.000000E+00
7750 8.090757E+02 9.206360E-04 2.631748E-03 6.762581E+00 0.000000E+00
8000 8.096716E+02 9.230977E-04 2.660656E-03 6.738077E+00 0.000000E+00
8250 8.102725E+02 9.230977E-04 2.648880E-03 6.738077E+00 0.000000E+00
8500 8.108637E+02 9.230977E-04 2.695906E-03 6.738077E+00 0.000000E+00
8750 8.114733E+02 9.230936E-04 2.650960E-03 6.738107E+00 0.000000E+00
9000 8.120654E+02 9.230977E-04 2.645144E-03 6.738077E+00 0.000000E+00
9250 8.126683E+02 9.230977E-04 2.710373E-03 6.738077E+00 0.000000E+00
9500 8.132689E+02 9.269086E-04 2.667515E-03 6.762970E+00 0.000000E+00
9750 8.138695E+02 9.230977E-04 2.653737E-03 6.738077E+00 0.000000E+00
10000 8.144641E+02 9.230977E-04 2.682200E-03 6.738077E+00 0.000000E+00
10500 8.155247E+02 4.686078E-04 7.354732E-03 2.226085E+00 0.000000E+00
11000 8.159591E+02 4.635665E-04 7.445238E-03 2.217903E+00 0.000000E+00
11500 8.163925E+02 4.635665E-04 7.517509E-03 2.217903E+00 0.000000E+00
12000 8.168254E+02 4.635665E-04 7.570745E-03 2.217903E+00 0.000000E+00
12500 8.172539E+02 4.635665E-04 7.517218E-03 2.217903E+00 0.000000E+00
13000 8.176841E+02 4.621218E-04 7.520987E-03 2.227944E+00 0.000000E+00
13500 8.181145E+02 4.635665E-04 7.534187E-03 2.217903E+00 0.000000E+00
14000 8.185398E+02 4.635665E-04 7.485877E-03 2.217903E+00 0.000000E+00
14500 8.189689E+02 4.635665E-04 7.804628E-03 2.217903E+00 0.000000E+00
15000 8.193923E+02 4.635665E-04 7.798197E-03 2.217903E+00 0.000000E+00
15500 8.198151E+02 4.635665E-04 7.520422E-03 2.217903E+00 0.000000E+00
16000 8.202363E+02 4.635665E-04 7.841843E-03 2.217903E+00 0.000000E+00
16500 8.206602E+02 4.635665E-04 7.840458E-03 2.217903E+00 0.000000E+00
17000 8.210804E+02 4.635665E-04 7.629480E-03 2.217903E+00 0.000000E+00
17500 8.215016E+02 4.635665E-04 7.596106E-03 2.217903E+00 0.000000E+00
18000 8.219276E+02 4.635665E-04 7.388630E-03 2.217903E+00 0.000000E+00
18500 8.223521E+02 4.635665E-04 7.584864E-03 2.217903E+00 0.000000E+00
19000 8.227776E+02 4.618684E-04 7.614283E-03 2.219658E+00 0.000000E+00
19500 8.231984E+02 4.635665E-04 7.645430E-03 2.217903E+00 0.000000E+00
20000 8.236199E+02 4.635665E-04 7.530323E-03 2.217903E+00 0.000000E+00
20500 8.240412E+02 4.622584E-04 7.587183E-03 2.226621E+00 0.000000E+00
21000 8.244641E+02 4.635665E-04 7.686488E-03 2.217903E+00 0.000000E+00
21500 8.248856E+02 4.634706E-04 7.563152E-03 2.228185E+00 0.000000E+00
22000 8.253041E+02 4.635665E-04 7.825380E-03 2.217903E+00 0.000000E+00
22500 8.257276E+02 4.635665E-04 7.628941E-03 2.217903E+00 0.000000E+00
23000 8.261555E+02 4.635665E-04 7.484057E-03 2.217903E+00 0.000000E+00
23500 8.265798E+02 4.635665E-04 7.652277E-03 2.217903E+00 0.000000E+00
24000 8.270043E+02 4.635665E-04 7.724298E-03 2.217903E+00 0.000000E+00
24500 8.274227E+02 4.635665E-04 7.803697E-03 2.217903E+00 0.000000E+00
25000 8.278436E+02 4.636083E-04 7.751585E-03 2.217705E+00 0.000000E+00
25500 8.282711E+02 4.635665E-04 7.647700E-03 2.217903E+00 0.000000E+00
26000 8.286967E+02 4.635665E-04 7.731242E-03 2.217903E+00 0.000000E+00
26500 8.291210E+02 4.635665E-04 7.688699E-03 2.217903E+00 0.000000E+00
27000 8.295436E+02 4.635665E-04 7.605217E-03 2.217903E+00 0.000000E+00
27500 8.299694E+02 4.635665E-04 7.712284E-03 2.217903E+00 0.000000E+00
28000 8.303847E+02 4.635665E-04 7.556897E-03 2.217903E+00 0.000000E+00
28500 8.308088E+02 4.635665E-04 7.595515E-03 2.217903E+00 0.000000E+00
29000 8.312357E+02 4.635665E-04 7.649194E-03 2.217903E+00 0.000000E+00
29500 8.316598E+02 4.635665E-04 7.931947E-03 2.217903E+00 0.000000E+00
30000 8.320871E+02 4.635665E-04 7.904114E-03 2.217903E+00 0.000000E+00
30500 8.325167E+02 4.635665E-04 7.794335E-03 2.217903E+00 0.000000E+00
31000 8.329437E+02 4.635665E-04 7.539762E-03 2.217903E+00 0.000000E+00
31500 8.333702E+02 4.632477E-04 7.639400E-03 2.219541E+00 0.000000E+00
32000 8.337987E+02 4.635665E-04 7.811917E-03 2.217903E+00 0.000000E+00
32500 8.342209E+02 4.598348E-04 7.547651E-03 2.309457E+00 0.000000E+00
33000 8.346405E+02 4.635665E-04 7.760287E-03 2.217903E+00 0.000000E+00
33500 8.350637E+02 4.635665E-04 7.429002E-03 2.217903E+00 0.000000E+00
34000 8.354849E+02 4.636398E-04 7.563493E-03 2.217558E+00 0.000000E+00
34500 8.359076E+02 4.622550E-04 7.572714E-03 2.226653E+00 0.000000E+00
35000 8.363279E+02 4.635665E-04 7.827288E-03 2.217903E+00 0.000000E+00
35500 8.367440E+02 4.635665E-04 7.675052E-03 2.217903E+00 0.000000E+00
36000 8.371659E+02 4.635665E-04 7.643441E-03 2.217903E+00 0.000000E+00
36500 8.375891E+02 4.613573E-04 7.379221E-03 2.280199E+00 0.000000E+00
37000 8.380165E+02 4.635665E-04 7.481530E-03 2.217903E+00 0.000000E+00
37500 8.384430E+02 4.635665E-04 7.818125E-03 2.217903E+00 0.000000E+00
38000 8.388652E+02 4.635665E-04 7.577511E-03 2.217903E+00 0.000000E+00
38500 8.392938E+02 4.635665E-04 7.946860E-03 2.217903E+00 0.000000E+00
39000 8.397211E+02 4.635665E-04 7.732617E-03 2.217903E+00 0.000000E+00
39500 8.401433E+02 4.635665E-04 7.486220E-03 2.217903E+00 0.000000E+00
40000 8.405789E+02 4.635665E-04 7.384445E-03 2.217903E+00 0.000000E+00
40500 8.410140E+02 4.635665E-04 7.509401E-03 2.217903E+00 0.000000E+00
41000 8.414557E+02 4.635665E-04 7.468002E-03 2.217903E+00 0.000000E+00
41500 8.418977E+02 4.635665E-04 7.323413E-03 2.217903E+00 0.000000E+00
42000 8.423491E+02 4.635665E-04 7.059849E-03 2.217903E+00 0.000000E+00
42500 8.427915E+02 4.635665E-04 7.395130E-03 2.217903E+00 0.000000E+00
43000 8.432285E+02 4.635665E-04 7.530180E-03 2.217903E+00 0.000000E+00
43500 8.436569E+02 4.635665E-04 7.530142E-03 2.217903E+00 0.000000E+00
44000 8.440850E+02 4.635665E-04 7.476103E-03 2.217903E+00 0.000000E+00
44500 8.445112E+02 4.636556E-04 7.431693E-03 2.260445E+00 0.000000E+00
45000 8.449338E+02 4.635645E-04 7.652134E-03 2.217912E+00 0.000000E+00
45500 8.453578E+02 4.635665E-04 7.642747E-03 2.217903E+00 0.000000E+00
46000 8.457839E+02 4.635665E-04 7.532903E-03 2.217903E+00 0.000000E+00
46500 8.462128E+02 4.635665E-04 7.738920E-03 2.217903E+00 0.000000E+00
47000 8.466370E+02 4.596785E-04 7.651268E-03 2.306073E+00 0.000000E+00
47500 8.470553E+02 4.635665E-04 7.583252E-03 2.217903E+00 0.000000E+00
48000 8.474802E+02 4.635665E-04 7.696218E-03 2.217903E+00 0.000000E+00
48500 8.479012E+02 4.635665E-04 7.542502E-03 2.217903E+00 0.000000E+00
49000 8.483283E+02 4.635665E-04 7.682540E-03 2.217903E+00 0.000000E+00
49500 8.487500E+02 4.635665E-04 7.471254E-03 2.217903E+00 0.000000E+00
50000 8.491669E+02 4.635665E-04 7.747640E-03 2.217903E+00 0.000000E+00
50500 8.495915E+02 4.635665E-04 7.745057E-03 2.217903E+00 0.000000E+00
51000 8.500105E+02 4.635665E-04 7.522510E-03 2.217903E+00 0.000000E+00
51500 8.504325E+02 4.635665E-04 7.639543E-03 2.217903E+00 0.000000E+00
52000 8.508522E+02 4.635665E-04 7.424200E-03 2.217903E+00 0.000000E+00
52500 8.512767E+02 4.640388E-04 7.516250E-03 2.215852E+00 0.000000E+00
53000 8.517041E+02 4.565334E-04 7.689840E-03 2.252317E+00 0.000000E+00
53500 8.521250E+02 4.532237E-04 7.591844E-03 2.268512E+00 0.000000E+00
54000 8.525418E+02 4.532237E-04 7.851356E-03 2.268512E+00 0.000000E+00
54500 8.529609E+02 4.532237E-04 7.657516E-03 2.268512E+00 0.000000E+00
55000 8.533821E+02 4.532237E-04 7.648961E-03 2.268512E+00 0.000000E+00
55500 8.538083E+02 4.532977E-04 7.301217E-03 2.268148E+00 0.000000E+00
56000 8.542291E+02 4.532237E-04 7.887018E-03 2.268512E+00 0.000000E+00
56500 8.546480E+02 4.532237E-04 7.683909E-03 2.268512E+00 0.000000E+00
57000 8.550690E+02 4.532237E-04 7.631695E-03 2.268512E+00 0.000000E+00
57500 8.554942E+02 4.532237E-04 7.849365E-03 2.268512E+00 0.000000E+00
58000 8.559123E+02 4.532237E-04 7.607724E-03 2.268512E+00 0.000000E+00
58500 8.563376E+02 4.532237E-04 7.515913E-03 2.268512E+00 0.000000E+00
59000 8.567660E+02 4.532237E-04 7.594988E-03 2.268512E+00 0.000000E+00
59500 8.571944E+02 4.532237E-04 7.769411E-03 2.268512E+00 0.000000E+00
60000 8.576228E+02 4.532237E-04 7.910476E-03 2.268512E+00 0.000000E+00
60500 8.580528E+02 4.532237E-04 7.710238E-03 2.268512E+00 0.000000E+00
61000 8.584795E+02 4.532237E-04 7.400996E-03 2.268512E+00 0.000000E+00
61500 8.589049E+02 4.532237E-04 7.824042E-03 2.268512E+00 0.000000E+00
62000 8.593316E+02 4.509401E-04 7.517708E-03 2.269697E+00 0.000000E+00
62500 8.597601E+02 4.532237E-04 7.787614E-03 2.268512E+00 0.000000E+00
63000 8.601754E+02 4.532237E-04 7.840255E-03 2.268512E+00 0.000000E+00
63500 8.605895E+02 4.532237E-04 7.557801E-03 2.268512E+00 0.000000E+00
64000 8.610065E+02 4.532237E-04 7.707396E-03 2.268512E+00 0.000000E+00
64500 8.614200E+02 4.534128E-04 7.543805E-03 2.267604E+00 0.000000E+00
65000 8.618353E+02 4.532237E-04 7.732753E-03 2.268512E+00 0.000000E+00
65500 8.622548E+02 4.530439E-04 7.787202E-03 2.269450E+00 0.000000E+00
66000 8.626767E+02 4.532237E-04 7.498710E-03 2.268512E+00 0.000000E+00
66500 8.630957E+02 4.532237E-04 7.678179E-03 2.268512E+00 0.000000E+00
67000 8.635177E+02 4.532237E-04 7.869786E-03 2.268512E+00 0.000000E+00
67500 8.639368E+02 4.532164E-04 7.724320E-03 2.268549E+00 0.000000E+00
68000 8.643552E+02 4.532237E-04 7.865038E-03 2.268512E+00 0.000000E+00
68500 8.647736E+02 4.532237E-04 7.856294E-03 2.268512E+00 0.000000E+00
69000 8.651946E+02 4.532237E-04 7.469269E-03 2.268512E+00 0.000000E+00
69500 8.656215E+02 4.532237E-04 7.636561E-03 2.268512E+00 0.000000E+00
70000 8.660476E+02 4.532237E-04 7.740405E-03 2.268512E+00 0.000000E+00
70500 8.664656E+02 4.543211E-04 7.571148E-03 2.264090E+00 0.000000E+00
71000 8.668911E+02 4.532237E-04 7.944562E-03 2.268512E+00 0.000000E+00
71500 8.673086E+02 4.532237E-04 7.535405E-03 2.268512E+00 0.000000E+00
72000 8.677302E+02 4.532237E-04 7.666179E-03 2.268512E+00 0.000000E+00
72500 8.681523E+02 4.532283E-04 7.734429E-03 2.268490E+00 0.000000E+00
73000 8.685709E+02 4.532237E-04 7.691375E-03 2.268512E+00 0.000000E+00
73500 8.689892E+02 4.532237E-04 7.656166E-03 2.268512E+00 0.000000E+00
74000 8.694068E+02 4.658820E-04 7.506117E-03 2.446003E+00 0.000000E+00
74500 8.698320E+02 4.532237E-04 7.865117E-03 2.268512E+00 0.000000E+00
75000 8.702542E+02 4.532237E-04 7.885358E-03 2.268512E+00 0.000000E+00
75500 8.706724E+02 4.532237E-04 7.647933E-03 2.268512E+00 0.000000E+00
76000 8.710861E+02 4.532237E-04 7.806649E-03 2.268512E+00 0.000000E+00
76500 8.715062E+02 4.514518E-04 7.831943E-03 2.271555E+00 0.000000E+00
77000 8.719235E+02 4.532237E-04 7.794593E-03 2.268512E+00 0.000000E+00
77500 8.723415E+02 4.532279E-04 7.462627E-03 2.268491E+00 0.000000E+00
78000 8.727619E+02 4.532237E-04 7.905825E-03 2.268512E+00 0.000000E+00
78500 8.731832E+02 4.532237E-04 7.734563E-03 2.268512E+00 0.000000E+00
79000 8.736082E+02 4.532237E-04 7.676380E-03 2.268512E+00 0.000000E+00
79500 8.740337E+02 4.532237E-04 7.353197E-03 2.268512E+00 0.000000E+00
80000 8.744519E+02 4.532237E-04 7.736044E-03 2.268512E+00 0.000000E+00
80500 8.748718E+02 4.536481E-04 7.642631E-03 2.268523E+00 0.000000E+00
81000 8.752892E+02 4.532237E-04 7.905679E-03 2.268512E+00 0.000000E+00
81500 8.757057E+02 4.532237E-04 7.733384E-03 2.268512E+00 0.000000E+00
82000 8.761230E+02 4.532237E-04 7.610785E-03 2.268512E+00 0.000000E+00
82500 8.765428E+02 4.532237E-04 7.832917E-03 2.268512E+00 0.000000E+00
83000 8.769599E+02 4.532237E-04 7.732427E-03 2.268512E+00 0.000000E+00
83500 8.773748E+02 4.532237E-04 7.611629E-03 2.268512E+00 0.000000E+00
84000 8.777940E+02 4.532237E-04 7.638818E-03 2.268512E+00 0.000000E+00
84500 8.782135E+02 4.532237E-04 7.595534E-03 2.268512E+00 0.000000E+00
85000 8.786367E+02 4.532237E-04 7.682579E-03 2.268512E+00 0.000000E+00
85500 8.790584E+02 4.532237E-04 7.876346E-03 2.268512E+00 0.000000E+00
86000 8.794750E+02 4.532237E-04 7.534329E-03 2.268512E+00 0.000000E+00
86500 8.798924E+02 4.532237E-04 7.699245E-03 2.268512E+00 0.000000E+00
87000 8.803099E+02 4.532237E-04 7.774385E-03 2.268512E+00 0.000000E+00
87500 8.807323E+02 4.532237E-04 7.669625E-03 2.268512E+00 0.000000E+00
88000 8.811520E+02 4.532237E-04 7.686670E-03 2.268512E+00 0.000000E+00
88500 8.815706E+02 4.532237E-04 7.802813E-03 2.268512E+00 0.000000E+00
89000 8.819878E+02 4.532237E-04 7.775832E-03 2.268512E+00 0.000000E+00
89500 8.824037E+02 4.534560E-04 7.581832E-03 2.298375E+00 0.000000E+00
90000 8.828324E+02 4.532237E-04 8.030310E-03 2.268512E+00 0.000000E+00
90500 8.832531E+02 4.532237E-04 7.796982E-03 2.268512E+00 0.000000E+00
91000 8.836716E+02 4.532237E-04 7.699515E-03 2.268512E+00 0.000000E+00
91500 8.840898E+02 4.532237E-04 7.730673E-03 2.268512E+00 0.000000E+00
92000 8.845063E+02 4.532237E-04 7.733420E-03 2.268512E+00 0.000000E+00
92500 8.849258E+02 4.532237E-04 7.880758E-03 2.268512E+00 0.000000E+00
93000 8.853442E+02 4.532237E-04 7.606703E-03 2.268512E+00 0.000000E+00
93500 8.857622E+02 4.532237E-04 7.815617E-03 2.268512E+00 0.000000E+00
94000 8.861799E+02 4.532237E-04 7.632100E-03 2.268512E+00 0.000000E+00
94500 8.865998E+02 4.532237E-04 7.802717E-03 2.268512E+00 0.000000E+00
95000 8.870169E+02 4.532237E-04 7.543546E-03 2.268512E+00 0.000000E+00
95500 8.874329E+02 4.532237E-04 7.753640E-03 2.268512E+00 0.000000E+00
96000 8.878499E+02 4.532237E-04 7.720996E-03 2.268512E+00 0.000000E+00
96500 8.882659E+02 4.532237E-04 7.586884E-03 2.268512E+00 0.000000E+00
97000 8.886830E+02 4.532237E-04 7.584494E-03 2.268512E+00 0.000000E+00
97500 8.891011E+02 4.532237E-04 7.939751E-03 2.268512E+00 0.000000E+00
98000 8.895185E+02 4.532237E-04 7.695122E-03 2.268512E+00 0.000000E+00
98500 8.899337E+02 4.532237E-04 7.617724E-03 2.268512E+00 0.000000E+00
99000 8.903508E+02 4.532237E-04 7.858993E-03 2.268512E+00 0.000000E+00
99500 8.907727E+02 4.532237E-04 7.382335E-03 2.268512E+00 0.000000E+00
100000 8.911944E+02 4.532237E-04 7.736993E-03 2.268512E+00 0.000000E+00
100500 8.916130E+02 4.532237E-04 7.708149E-03 2.268512E+00 0.000000E+00
101000 8.920307E+02 4.532237E-04 7.583713E-03 2.268512E+00 0.000000E+00
101500 8.924474E+02 4.532237E-04 7.600817E-03 2.268512E+00 0.000000E+00
102000 8.928651E+02 4.532237E-04 7.787583E-03 2.268512E+00 0.000000E+00
102500 8.932830E+02 4.532509E-04 7.753547E-03 2.268377E+00 0.000000E+00
103000 8.936962E+02 4.532237E-04 7.698957E-03 2.268512E+00 0.000000E+00
103500 8.941157E+02 4.532237E-04 7.636241E-03 2.268512E+00 0.000000E+00
104000 8.945367E+02 4.532237E-04 7.691709E-03 2.268512E+00 0.000000E+00
104500 8.949575E+02 4.532237E-04 7.912246E-03 2.268512E+00 0.000000E+00
105000 8.953733E+02 4.532237E-04 7.634261E-03 2.268512E+00 0.000000E+00
105500 8.957877E+02 4.510457E-04 7.575433E-03 2.277224E+00 0.000000E+00
106000 8.962056E+02 4.532237E-04 7.792258E-03 2.268512E+00 0.000000E+00
106500 8.966277E+02 4.506989E-04 7.626181E-03 2.254126E+00 0.000000E+00
107000 8.970456E+02 4.532237E-04 7.740956E-03 2.268512E+00 0.000000E+00
107500 8.974674E+02 4.532237E-04 7.694734E-03 2.268512E+00 0.000000E+00
108000 8.978846E+02 4.489849E-04 7.704976E-03 2.262758E+00 0.000000E+00
108500 8.983009E+02 4.532237E-04 7.746741E-03 2.268512E+00 0.000000E+00
109000 8.987214E+02 4.532237E-04 7.650182E-03 2.268512E+00 0.000000E+00
109500 8.991453E+02 4.532237E-04 7.843278E-03 2.268512E+00 0.000000E+00
110000 8.995604E+02 4.532237E-04 7.936392E-03 2.268512E+00 0.000000E+00
110500 8.999751E+02 4.532237E-04 7.713859E-03 2.268512E+00 0.000000E+00
111000 9.003923E+02 4.532237E-04 7.644165E-03 2.268512E+00 0.000000E+00
111500 9.008096E+02 4.499710E-04 7.605674E-03 2.326180E+00 0.000000E+00
112000 9.012220E+02 4.532237E-04 7.652895E-03 2.268512E+00 0.000000E+00
112500 9.016374E+02 4.532237E-04 7.719305E-03 2.268512E+00 0.000000E+00
113000 9.020608E+02 4.532237E-04 7.592139E-03 2.268512E+00 0.000000E+00
113500 9.024822E+02 4.532237E-04 7.874302E-03 2.268512E+00 0.000000E+00
114000 9.029020E+02 4.532237E-04 7.533757E-03 2.268512E+00 0.000000E+00
114500 9.033242E+02 4.532237E-04 7.699172E-03 2.268512E+00 0.000000E+00
115000 9.037419E+02 4.532237E-04 7.771434E-03 2.268512E+00 0.000000E+00
115500 9.041582E+02 4.532237E-04 7.676966E-03 2.268512E+00 0.000000E+00
116000 9.045759E+02 4.532237E-04 7.850314E-03 2.268512E+00 0.000000E+00
116500 9.049954E+02 4.532237E-04 7.647912E-03 2.268512E+00 0.000000E+00
117000 9.054166E+02 4.532237E-04 7.852441E-03 2.268512E+00 0.000000E+00
117500 9.058339E+02 4.535108E-04 7.499173E-03 2.267161E+00 0.000000E+00
118000 9.062513E+02 4.532237E-04 7.611191E-03 2.268512E+00 0.000000E+00
118500 9.066654E+02 4.532192E-04 7.532273E-03 2.268535E+00 0.000000E+00
119000 9.070840E+02 4.613421E-04 7.763270E-03 2.307093E+00 0.000000E+00
119500 9.075045E+02 4.532237E-04 7.763857E-03 2.268512E+00 0.000000E+00
120000 9.079286E+02 4.532237E-04 7.600476E-03 2.268512E+00 0.000000E+00
120500 9.083573E+02 4.532237E-04 7.593943E-03 2.268512E+00 0.000000E+00
121000 9.087834E+02 4.532237E-04 7.568419E-03 2.268512E+00 0.000000E+00
121500 9.092074E+02 4.538175E-04 7.504159E-03 2.265884E+00 0.000000E+00
122000 9.096334E+02 4.532237E-04 7.520205E-03 2.268512E+00 0.000000E+00
122500 9.100590E+02 4.561133E-04 7.345388E-03 2.268667E+00 0.000000E+00
123000 9.104873E+02 4.528347E-04 7.617444E-03 2.278991E+00 0.000000E+00
123500 9.109100E+02 4.532237E-04 7.551975E-03 2.268512E+00 0.000000E+00
124000 9.113254E+02 4.498415E-04 7.743035E-03 2.261360E+00 0.000000E+00
124500 9.117416E+02 4.532237E-04 7.894870E-03 2.268512E+00 0.000000E+00
125000 9.121584E+02 4.532237E-04 7.799770E-03 2.268512E+00 0.000000E+00
125500 9.125808E+02 4.532237E-04 7.744451E-03 2.268512E+00 0.000000E+00
126000 9.130029E+02 4.532237E-04 7.799719E-03 2.268512E+00 0.000000E+00
126500 9.134244E+02 4.553538E-04 7.548309E-03 2.261259E+00 0.000000E+00
127000 9.138499E+02 4.532237E-04 7.818733E-03 2.268512E+00 0.000000E+00
127500 9.142831E+02 4.532237E-04 7.551529E-03 2.268512E+00 0.000000E+00
128000 9.147106E+02 4.532237E-04 7.629863E-03 2.268512E+00 0.000000E+00
128500 9.151375E+02 4.532237E-04 7.917686E-03 2.268512E+00 0.000000E+00
129000 9.155643E+02 4.532237E-04 7.524300E-03 2.268512E+00 0.000000E+00
129500 9.159888E+02 4.539431E-04 7.469233E-03 2.267901E+00 0.000000E+00
130000 9.164133E+02 4.532237E-04 7.570223E-03 2.268512E+00 0.000000E+00
130500 9.168342E+02 4.532237E-04 7.653655E-03 2.268512E+00 0.000000E+00
131000 9.172591E+02 4.505740E-04 7.320954E-03 2.300442E+00 0.000000E+00
131500 9.176813E+02 4.532074E-04 7.675642E-03 2.268595E+00 0.000000E+00
132000 9.180999E+02 4.532237E-04 7.648862E-03 2.268512E+00 0.000000E+00
132500 9.185206E+02 4.532237E-04 7.701086E-03 2.268512E+00 0.000000E+00
133000 9.189390E+02 4.532237E-04 7.598433E-03 2.268512E+00 0.000000E+00
133500 9.193588E+02 4.532237E-04 7.546562E-03 2.268512E+00 0.000000E+00
134000 9.197781E+02 4.560569E-04 7.628403E-03 2.261566E+00 0.000000E+00
134500 9.201997E+02 5.289488E-04 7.533471E-03 2.289542E+00 0.000000E+00
135000 9.206204E+02 4.532237E-04 7.715146E-03 2.268512E+00 0.000000E+00
135500 9.210396E+02 4.532237E-04 7.607641E-03 2.268512E+00 0.000000E+00
136000 9.214569E+02 4.538118E-04 7.660452E-03 2.265907E+00 0.000000E+00
136500 9.218790E+02 4.532237E-04 7.734413E-03 2.268512E+00 0.000000E+00
137000 9.223011E+02 4.529188E-04 7.818735E-03 2.270149E+00 0.000000E+00
137500 9.227175E+02 4.532237E-04 7.731859E-03 2.268512E+00 0.000000E+00
138000 9.231349E+02 4.532237E-04 7.663511E-03 2.268512E+00 0.000000E+00
138500 9.235547E+02 4.532237E-04 7.904163E-03 2.268512E+00 0.000000E+00
139000 9.239723E+02 4.532237E-04 7.725631E-03 2.268512E+00 0.000000E+00
139500 9.243901E+02 4.532237E-04 7.647948E-03 2.268512E+00 0.000000E+00
140000 9.248086E+02 4.532237E-04 7.575105E-03 2.268512E+00 0.000000E+00
140500 9.252277E+02 4.531418E-04 7.809841E-03 2.268930E+00 0.000000E+00
141000 9.256489E+02 4.532237E-04 7.840845E-03 2.268512E+00 0.000000E+00
141500 9.260660E+02 4.532237E-04 7.863991E-03 2.268512E+00 0.000000E+00
142000 9.264855E+02 4.508083E-04 7.590780E-03 2.253856E+00 0.000000E+00
142500 9.269059E+02 4.532237E-04 8.031300E-03 2.268512E+00 0.000000E+00
143000 9.273257E+02 4.532237E-04 8.027942E-03 2.268512E+00 0.000000E+00
143500 9.277484E+02 4.532237E-04 7.848079E-03 2.268512E+00 0.000000E+00
144000 9.281694E+02 4.523818E-04 7.706580E-03 2.273688E+00 0.000000E+00
144500 9.285892E+02 4.532237E-04 7.823876E-03 2.268512E+00 0.000000E+00
145000 9.290084E+02 4.532237E-04 7.884721E-03 2.268512E+00 0.000000E+00
145500 9.294276E+02 4.501070E-04 7.762466E-03 2.318462E+00 0.000000E+00
146000 9.298474E+02 4.532237E-04 7.815347E-03 2.268512E+00 0.000000E+00
146500 9.302692E+02 4.527779E-04 7.761011E-03 2.270987E+00 0.000000E+00
147000 9.306937E+02 4.532237E-04 7.776282E-03 2.268512E+00 0.000000E+00
147500 9.311293E+02 4.532237E-04 7.619262E-03 2.268512E+00 0.000000E+00
148000 9.315677E+02 4.532237E-04 7.454746E-03 2.268512E+00 0.000000E+00
148500 9.319969E+02 4.532237E-04 7.612141E-03 2.268512E+00 0.000000E+00
149000 9.324234E+02 4.532237E-04 7.687192E-03 2.268512E+00 0.000000E+00
149500 9.328465E+02 4.532237E-04 7.488332E-03 2.268512E+00 0.000000E+00
150000 9.332718E+02 4.532237E-04 7.669207E-03 2.268512E+00 0.000000E+00
150500 9.336953E+02 4.571889E-04 7.654540E-03 2.280403E+00 0.000000E+00
151000 9.341230E+02 4.532237E-04 7.686001E-03 2.268512E+00 0.000000E+00
151500 9.345469E+02 4.532237E-04 7.846497E-03 2.268512E+00 0.000000E+00
152000 9.349678E+02 4.532237E-04 7.520210E-03 2.268512E+00 0.000000E+00
152500 9.353902E+02 4.532237E-04 7.729935E-03 2.268512E+00 0.000000E+00
153000 9.358062E+02 4.562404E-04 7.855996E-03 2.259447E+00 0.000000E+00
153500 9.362275E+02 4.532237E-04 7.755470E-03 2.268512E+00 0.000000E+00
154000 9.366448E+02 4.532237E-04 7.713286E-03 2.268512E+00 0.000000E+00
154500 9.370622E+02 4.580074E-04 7.495702E-03 2.256863E+00 0.000000E+00
155000 9.374828E+02 4.532237E-04 7.734139E-03 2.268512E+00 0.000000E+00
155500 9.379035E+02 4.543690E-04 7.584010E-03 2.263936E+00 0.000000E+00
156000 9.383220E+02 4.532237E-04 7.828351E-03 2.268512E+00 0.000000E+00
156500 9.387349E+02 4.532237E-04 7.693519E-03 2.268512E+00 0.000000E+00
157000 9.391523E+02 4.532237E-04 7.967524E-03 2.268512E+00 0.000000E+00
157500 9.395728E+02 4.532237E-04 7.926668E-03 2.268512E+00 0.000000E+00
158000 9.399906E+02 4.532237E-04 7.914358E-03 2.268512E+00 0.000000E+00
158500 9.404082E+02 4.531993E-04 7.597151E-03 2.279179E+00 0.000000E+00
159000 9.408307E+02 4.518337E-04 7.524259E-03 2.270311E+00 0.000000E+00
159500 9.412466E+02 4.518716E-04 7.516376E-03 2.278157E+00 0.000000E+00
160000 9.416675E+02 4.532237E-04 7.789933E-03 2.268512E+00 0.000000E+00
160500 9.420823E+02 4.532237E-04 7.722527E-03 2.268512E+00 0.000000E+00
161000 9.424986E+02 4.532237E-04 7.696722E-03 2.268512E+00 0.000000E+00
161500 9.429161E+02 4.532237E-04 7.775016E-03 2.268512E+00 0.000000E+00
162000 9.433387E+02 4.532237E-04 7.841874E-03 2.268512E+00 0.000000E+00
162500 9.437648E+02 4.532237E-04 7.598214E-03 2.268512E+00 0.000000E+00
163000 9.441816E+02 4.547341E-04 7.878997E-03 2.262842E+00 0.000000E+00
163500 9.446036E+02 4.532237E-04 7.770261E-03 2.268512E+00 0.000000E+00
164000 9.450196E+02 4.532237E-04 7.577164E-03 2.268512E+00 0.000000E+00
164500 9.454419E+02 4.532237E-04 7.576388E-03 2.268512E+00 0.000000E+00
165000 9.458622E+02 4.532237E-04 7.642586E-03 2.268512E+00 0.000000E+00
165500 9.462891E+02 4.532237E-04 7.916032E-03 2.268512E+00 0.000000E+00
166000 9.467125E+02 4.532237E-04 7.877077E-03 2.268512E+00 0.000000E+00
166500 9.471329E+02 4.532237E-04 7.912875E-03 2.268512E+00 0.000000E+00
167000 9.475524E+02 4.532237E-04 7.676310E-03 2.268512E+00 0.000000E+00
167500 9.479721E+02 4.532237E-04 7.525225E-03 2.268512E+00 0.000000E+00
168000 9.483976E+02 4.504620E-04 7.682330E-03 2.303899E+00 0.000000E+00
168500 9.488295E+02 4.532237E-04 7.536795E-03 2.268512E+00 0.000000E+00
169000 9.492668E+02 4.532237E-04 7.164051E-03 2.268512E+00 0.000000E+00
169500 9.497034E+02 4.532237E-04 7.642792E-03 2.268512E+00 0.000000E+00
170000 9.501332E+02 4.532237E-04 7.729407E-03 2.268512E+00 0.000000E+00
170500 9.505533E+02 4.532237E-04 7.696975E-03 2.268512E+00 0.000000E+00
171000 9.509744E+02 4.532237E-04 7.878539E-03 2.268512E+00 0.000000E+00
171500 9.513976E+02 4.532237E-04 7.864329E-03 2.268512E+00 0.000000E+00
172000 9.518148E+02 4.532237E-04 7.702053E-03 2.268512E+00 0.000000E+00
172500 9.522369E+02 4.532237E-04 7.707246E-03 2.268512E+00 0.000000E+00
173000 9.526664E+02 4.532237E-04 7.591429E-03 2.268512E+00 0.000000E+00
173500 9.530973E+02 4.532237E-04 7.674781E-03 2.268512E+00 0.000000E+00
174000 9.535203E+02 4.532237E-04 7.661556E-03 2.268512E+00 0.000000E+00
174500 9.539414E+02 4.532237E-04 7.858423E-03 2.268512E+00 0.000000E+00
175000 9.543628E+02 4.532237E-04 7.813001E-03 2.268512E+00 0.000000E+00
175500 9.547782E+02 4.532237E-04 7.777321E-03 2.268512E+00 0.000000E+00
176000 9.551976E+02 4.521757E-04 7.771816E-03 2.275336E+00 0.000000E+00
176500 9.556283E+02 4.520272E-04 7.620669E-03 2.276650E+00 0.000000E+00
177000 9.560578E+02 4.532237E-04 7.631177E-03 2.268512E+00 0.000000E+00
177500 9.564808E+02 4.532237E-04 7.649568E-03 2.268512E+00 0.000000E+00
178000 9.569109E+02 4.527945E-04 7.349319E-03 2.270885E+00 0.000000E+00
178500 9.573369E+02 4.532237E-04 7.573661E-03 2.268512E+00 0.000000E+00
179000 9.577615E+02 4.532237E-04 7.477314E-03 2.268512E+00 0.000000E+00
179500 9.581877E+02 4.532237E-04 7.519921E-03 2.268512E+00 0.000000E+00
180000 9.586131E+02 4.532237E-04 7.567407E-03 2.268512E+00 0.000000E+00
180500 9.590419E+02 4.532237E-04 7.620391E-03 2.268512E+00 0.000000E+00
181000 9.594690E+02 4.533202E-04 7.711457E-03 2.268039E+00 0.000000E+00
181500 9.598888E+02 4.532237E-04 7.691861E-03 2.268512E+00 0.000000E+00
182000 9.603139E+02 4.532237E-04 7.616090E-03 2.268512E+00 0.000000E+00
182500 9.607306E+02 4.532237E-04 7.642114E-03 2.268512E+00 0.000000E+00
183000 9.611504E+02 5.153483E-04 7.442601E-03 2.267227E+00 0.000000E+00
183500 9.615725E+02 4.532237E-04 7.668658E-03 2.268512E+00 0.000000E+00
184000 9.619877E+02 4.533211E-04 7.456046E-03 2.268035E+00 0.000000E+00
184500 9.624081E+02 4.532237E-04 7.608090E-03 2.268512E+00 0.000000E+00
185000 9.628292E+02 4.532237E-04 7.516646E-03 2.268512E+00 0.000000E+00
185500 9.632459E+02 4.532237E-04 7.718615E-03 2.268512E+00 0.000000E+00
186000 9.636669E+02 4.521512E-04 7.763913E-03 2.275545E+00 0.000000E+00
186500 9.640894E+02 4.532237E-04 7.863312E-03 2.268512E+00 0.000000E+00
187000 9.645126E+02 4.532237E-04 7.521266E-03 2.268512E+00 0.000000E+00
187500 9.649384E+02 4.532237E-04 7.684667E-03 2.268512E+00 0.000000E+00
188000 9.653603E+02 4.560687E-04 7.526583E-03 2.320688E+00 0.000000E+00
188500 9.657773E+02 4.532237E-04 7.587015E-03 2.268512E+00 0.000000E+00
189000 9.661980E+02 4.532237E-04 7.642966E-03 2.268512E+00 0.000000E+00
189500 9.666197E+02 4.532237E-04 7.726776E-03 2.268512E+00 0.000000E+00
190000 9.670430E+02 4.532237E-04 7.802225E-03 2.268512E+00 0.000000E+00
190500 9.674589E+02 4.532237E-04 7.724682E-03 2.268512E+00 0.000000E+00
191000 9.678752E+02 4.532237E-04 7.931991E-03 2.268512E+00 0.000000E+00
191500 9.682977E+02 4.532237E-04 7.628350E-03 2.268512E+00 0.000000E+00
192000 9.687217E+02 4.532237E-04 7.989962E-03 2.268512E+00 0.000000E+00
192500 9.691404E+02 4.532237E-04 7.877011E-03 2.268512E+00 0.000000E+00
193000 9.695553E+02 4.532237E-04 7.798414E-03 2.268512E+00 0.000000E+00
193500 9.699747E+02 4.532237E-04 7.449725E-03 2.268512E+00 0.000000E+00
194000 9.703895E+02 4.532237E-04 7.594011E-03 2.268512E+00 0.000000E+00
194500 9.708074E+02 4.532237E-04 7.746692E-03 2.268512E+00 0.000000E+00
195000 9.712274E+02 4.564563E-04 7.666911E-03 2.264997E+00 0.000000E+00
195500 9.716460E+02 4.528592E-04 7.587048E-03 2.270714E+00 0.000000E+00
196000 9.720642E+02 4.507636E-04 7.553532E-03 2.276225E+00 0.000000E+00
196500 9.724832E+02 4.515541E-04 7.383849E-03 2.272702E+00 0.000000E+00
197000 9.729095E+02 4.532237E-04 7.351242E-03 2.268512E+00 0.000000E+00
197500 9.733439E+02 4.532237E-04 7.289147E-03 2.268512E+00 0.000000E+00
198000 9.737777E+02 4.527862E-04 7.779409E-03 2.270936E+00 0.000000E+00
198500 9.741965E+02 4.532237E-04 7.574974E-03 2.268512E+00 0.000000E+00
199000 9.746133E+02 4.532237E-04 7.859441E-03 2.268512E+00 0.000000E+00
199500 9.750361E+02 4.532237E-04 8.042275E-03 2.268512E+00 0.000000E+00
200000 9.754553E+02 4.532237E-04 7.702468E-03 2.268512E+00 0.000000E+00
200500 9.758721E+02 4.532237E-04 7.624837E-03 2.268512E+00 0.000000E+00
201000 9.762916E+02 4.532237E-04 7.604948E-03 2.268512E+00 0.000000E+00
201500 9.767161E+02 4.532237E-04 7.672402E-03 2.268512E+00 0.000000E+00
202000 9.771363E+02 4.532237E-04 7.434320E-03 2.268512E+00 0.000000E+00
202500 9.775615E+02 4.532237E-04 7.811131E-03 2.268512E+00 0.000000E+00
203000 9.779845E+02 4.532237E-04 7.509310E-03 2.268512E+00 0.000000E+00
203500 9.784077E+02 4.532237E-04 7.654931E-03 2.268512E+00 0.000000E+00
204000 9.788310E+02 4.532237E-04 7.759948E-03 2.268512E+00 0.000000E+00
204500 9.792415E+02 4.290010E-04 9.192115E-03 2.396599E+00 0.000000E+00
205000 9.796034E+02 4.290010E-04 8.850418E-03 2.396599E+00 0.000000E+00
205500 9.799635E+02 4.290010E-04 8.998072E-03 2.396599E+00 0.000000E+00
206000 9.803300E+02 4.290010E-04 9.428926E-03 2.396599E+00 0.000000E+00
206500 9.806934E+02 4.290010E-04 8.714803E-03 2.396599E+00 0.000000E+00
207000 9.810579E+02 4.290010E-04 8.881366E-03 2.396599E+00 0.000000E+00
207500 9.814262E+02 4.290010E-04 8.894108E-03 2.396599E+00 0.000000E+00
208000 9.817886E+02 4.290010E-04 8.899558E-03 2.396599E+00 0.000000E+00
208500 9.821518E+02 4.290010E-04 8.949701E-03 2.396599E+00 0.000000E+00
209000 9.825179E+02 4.290010E-04 8.861862E-03 2.396599E+00 0.000000E+00
209500 9.828827E+02 4.290010E-04 8.898338E-03 2.396599E+00 0.000000E+00
210000 9.832431E+02 4.290010E-04 9.042652E-03 2.396599E+00 0.000000E+00
210500 9.836000E+02 4.290010E-04 8.896623E-03 2.396599E+00 0.000000E+00
211000 9.839614E+02 4.290010E-04 8.875850E-03 2.396599E+00 0.000000E+00
211500 9.843249E+02 4.290010E-04 8.869415E-03 2.396599E+00 0.000000E+00
212000 9.846875E+02 4.290010E-04 8.773170E-03 2.396599E+00 0.000000E+00
212500 9.850490E+02 4.286057E-04 8.960673E-03 2.399032E+00 0.000000E+00
213000 9.854089E+02 4.290010E-04 8.895528E-03 2.396599E+00 0.000000E+00
213500 9.857757E+02 4.288668E-04 8.651264E-03 2.399706E+00 0.000000E+00
214000 9.861357E+02 4.290010E-04 9.080635E-03 2.396599E+00 0.000000E+00
214500 9.864953E+02 4.290010E-04 9.129326E-03 2.396599E+00 0.000000E+00
215000 9.868595E+02 4.290010E-04 9.157628E-03 2.396599E+00 0.000000E+00
215500 9.872186E+02 4.290010E-04 8.994845E-03 2.396599E+00 0.000000E+00
216000 9.875824E+02 4.259462E-04 8.939501E-03 2.455866E+00 0.000000E+00
216500 9.879428E+02 4.298386E-04 8.942209E-03 2.392684E+00 0.000000E+00
217000 9.883057E+02 4.290010E-04 8.864974E-03 2.396599E+00 0.000000E+00
217500 9.886674E+02 4.290010E-04 8.903435E-03 2.396599E+00 0.000000E+00
218000 9.890290E+02 4.290010E-04 8.934693E-03 2.396599E+00 0.000000E+00
218500 9.893874E+02 4.290010E-04 8.930657E-03 2.396599E+00 0.000000E+00
219000 9.897458E+02 4.290010E-04 8.790106E-03 2.396599E+00 0.000000E+00
219500 9.901037E+02 4.290010E-04 9.056430E-03 2.396599E+00 0.000000E+00
220000 9.904697E+02 4.290010E-04 9.212039E-03 2.396599E+00 0.000000E+00
220500 9.908397E+02 4.290010E-04 8.917768E-03 2.396599E+00 0.000000E+00
221000 9.912107E+02 4.290010E-04 8.612047E-03 2.396599E+00 0.000000E+00
221500 9.915804E+02 4.290010E-04 9.031987E-03 2.396599E+00 0.000000E+00
222000 9.919398E+02 4.290010E-04 9.029279E-03 2.396599E+00 0.000000E+00
222500 9.922993E+02 4.290010E-04 8.960848E-03 2.396599E+00 0.000000E+00
223000 9.926609E+02 4.360742E-04 8.536991E-03 2.402846E+00 0.000000E+00
223500 9.930255E+02 4.290010E-04 8.834416E-03 2.396599E+00 0.000000E+00
224000 9.933902E+02 4.295188E-04 8.821025E-03 2.394018E+00 0.000000E+00
224500 9.937622E+02 4.290010E-04 8.871257E-03 2.396599E+00 0.000000E+00
225000 9.941296E+02 4.290010E-04 8.795529E-03 2.396599E+00 0.000000E+00
225500 9.944959E+02 4.290010E-04 8.895922E-03 2.396599E+00 0.000000E+00
226000 9.948659E+02 4.290010E-04 8.715483E-03 2.396599E+00 0.000000E+00
226500 9.952313E+02 4.290010E-04 8.660755E-03 2.396599E+00 0.000000E+00
227000 9.955960E+02 4.290010E-04 8.805723E-03 2.396599E+00 0.000000E+00
227500 9.959663E+02 4.290010E-04 9.178194E-03 2.396599E+00 0.000000E+00
228000 9.963337E+02 4.290010E-04 8.968801E-03 2.396599E+00 0.000000E+00
228500 9.966959E+02 4.290010E-04 9.068525E-03 2.396599E+00 0.000000E+00
229000 9.970556E+02 4.290010E-04 9.095471E-03 2.396599E+00 0.000000E+00
229500 9.974163E+02 4.290010E-04 8.860615E-03 2.396599E+00 0.000000E+00
230000 9.977789E+02 4.290010E-04 8.741216E-03 2.396599E+00 0.000000E+00
230500 9.981388E+02 4.290010E-04 8.966591E-03 2.396599E+00 0.000000E+00
231000 9.985018E+02 4.290010E-04 8.994766E-03 2.396599E+00 0.000000E+00
231500 9.988657E+02 4.290010E-04 9.018328E-03 2.396599E+00 0.000000E+00
232000 9.992333E+02 4.290010E-04 9.183090E-03 2.396599E+00 0.000000E+00
232500 9.996010E+02 4.290010E-04 8.858975E-03 2.396599E+00 0.000000E+00
233000 9.999667E+02 4.290010E-04 9.184125E-03 2.396599E+00 0.000000E+00
233500 1.000330E+03 4.290010E-04 9.022519E-03 2.396599E+00 0.000000E+00
234000 1.000690E+03 4.290010E-04 8.845855E-03 2.396599E+00 0.000000E+00
234500 1.001050E+03 4.272447E-04 8.813458E-03 2.398767E+00 0.000000E+00
235000 1.001414E+03 4.290010E-04 8.947150E-03 2.396599E+00 0.000000E+00
235500 1.001776E+03 4.290010E-04 8.837163E-03 2.396599E+00 0.000000E+00
236000 1.002141E+03 4.290010E-04 8.885841E-03 2.396599E+00 0.000000E+00
236500 1.002503E+03 4.290010E-04 8.941077E-03 2.396599E+00 0.000000E+00
237000 1.002864E+03 4.290010E-04 9.068197E-03 2.396599E+00 0.000000E+00
237500 1.003226E+03 4.290010E-04 9.118607E-03 2.396599E+00 0.000000E+00
238000 1.003590E+03 4.290010E-04 8.873367E-03 2.396599E+00 0.000000E+00
238500 1.003953E+03 4.290010E-04 8.729000E-03 2.396599E+00 0.000000E+00
239000 1.004318E+03 4.290010E-04 9.393682E-03 2.396599E+00 0.000000E+00
239500 1.004680E+03 4.290010E-04 9.209171E-03 2.396599E+00 0.000000E+00
240000 1.005046E+03 4.290010E-04 8.644905E-03 2.396599E+00 0.000000E+00
240500 1.005413E+03 4.290010E-04 8.755921E-03 2.396599E+00 0.000000E+00
241000 1.005779E+03 4.290010E-04 8.895834E-03 2.396599E+00 0.000000E+00
241500 1.006144E+03 4.290010E-04 8.681664E-03 2.396599E+00 0.000000E+00
242000 1.006507E+03 4.290010E-04 9.063433E-03 2.396599E+00 0.000000E+00
242500 1.006872E+03 4.290010E-04 8.712891E-03 2.396599E+00 0.000000E+00
243000 1.007233E+03 4.290010E-04 8.986127E-03 2.396599E+00 0.000000E+00
243500 1.007595E+03 4.290010E-04 8.820223E-03 2.396599E+00 0.000000E+00
244000 1.007960E+03 4.290010E-04 8.767601E-03 2.396599E+00 0.000000E+00
244500 1.008330E+03 4.290010E-04 9.004326E-03 2.396599E+00 0.000000E+00
245000 1.008701E+03 4.262610E-04 8.727032E-03 2.517056E+00 0.000000E+00
245500 1.009067E+03 4.290010E-04 8.767295E-03 2.396599E+00 0.000000E+00
246000 1.009427E+03 4.290010E-04 8.815328E-03 2.396599E+00 0.000000E+00
246500 1.009793E+03 4.290010E-04 9.172058E-03 2.396599E+00 0.000000E+00
247000 1.010158E+03 4.290010E-04 8.834679E-03 2.396599E+00 0.000000E+00
247500 1.010520E+03 4.290010E-04 8.880815E-03 2.396599E+00 0.000000E+00
248000 1.010886E+03 4.290010E-04 9.109182E-03 2.396599E+00 0.000000E+00
248500 1.011253E+03 4.290010E-04 8.808892E-03 2.396599E+00 0.000000E+00
249000 1.011618E+03 4.290010E-04 9.033162E-03 2.396599E+00 0.000000E+00
249500 1.011990E+03 4.290010E-04 8.687716E-03 2.396599E+00 0.000000E+00
250000 1.012352E+03 4.290010E-04 8.890240E-03 2.396599E+00 0.000000E+00
250500 1.012714E+03 4.290010E-04 8.765398E-03 2.396599E+00 0.000000E+00
251000 1.013075E+03 4.305134E-04 8.763609E-03 2.390352E+00 0.000000E+00
251500 1.013436E+03 4.290010E-04 9.029498E-03 2.396599E+00 0.000000E+00
252000 1.013798E+03 4.290010E-04 8.869292E-03 2.396599E+00 0.000000E+00
252500 1.014166E+03 4.658023E-04 8.859952E-03 2.422889E+00 0.000000E+00
253000 1.014529E+03 4.290010E-04 8.818003E-03 2.396599E+00 0.000000E+00
253500 1.014896E+03 4.290010E-04 8.978372E-03 2.396599E+00 0.000000E+00
254000 1.015257E+03 4.290010E-04 8.946466E-03 2.396599E+00 0.000000E+00
254500 1.015620E+03 4.290010E-04 8.951596E-03 2.396599E+00 0.000000E+00
255000 1.015989E+03 4.290010E-04 8.645345E-03 2.396599E+00 0.000000E+00
255500 1.016362E+03 4.290150E-04 8.646509E-03 2.396521E+00 0.000000E+00
256000 1.016727E+03 4.290010E-04 8.883762E-03 2.396599E+00 0.000000E+00
256500 1.017090E+03 4.290010E-04 9.078817E-03 2.396599E+00 0.000000E+00
257000 1.017454E+03 4.290010E-04 9.067508E-03 2.396599E+00 0.000000E+00
257500 1.017819E+03 4.290010E-04 9.117308E-03 2.396599E+00 0.000000E+00
258000 1.018176E+03 4.278499E-04 8.945933E-03 2.399450E+00 0.000000E+00
258500 1.018536E+03 4.290010E-04 9.120361E-03 2.396599E+00 0.000000E+00
259000 1.018896E+03 4.290010E-04 8.961359E-03 2.396599E+00 0.000000E+00
259500 1.019260E+03 4.290010E-04 8.957624E-03 2.396599E+00 0.000000E+00
260000 1.019619E+03 4.297309E-04 8.877497E-03 2.393114E+00 0.000000E+00
260500 1.019979E+03 4.290010E-04 8.942709E-03 2.396599E+00 0.000000E+00
261000 1.020343E+03 4.290010E-04 9.013426E-03 2.396599E+00 0.000000E+00
261500 1.020702E+03 4.290010E-04 9.141517E-03 2.396599E+00 0.000000E+00
262000 1.021064E+03 4.290010E-04 9.265142E-03 2.396599E+00 0.000000E+00
262500 1.021429E+03 4.290010E-04 9.132056E-03 2.396599E+00 0.000000E+00
263000 1.021796E+03 4.290010E-04 9.128951E-03 2.396599E+00 0.000000E+00
263500 1.022159E+03 4.290010E-04 8.884421E-03 2.396599E+00 0.000000E+00
264000 1.022521E+03 4.290010E-04 9.122049E-03 2.396599E+00 0.000000E+00
264500 1.022887E+03 4.275969E-04 9.047621E-03 2.408259E+00 0.000000E+00
265000 1.023249E+03 4.290010E-04 8.894409E-03 2.396599E+00 0.000000E+00
265500 1.023611E+03 4.281880E-04 8.747785E-03 2.402202E+00 0.000000E+00
266000 1.023971E+03 4.290010E-04 8.887217E-03 2.396599E+00 0.000000E+00
266500 1.024334E+03 4.290010E-04 8.865498E-03 2.396599E+00 0.000000E+00
267000 1.024699E+03 4.290010E-04 8.932017E-03 2.396599E+00 0.000000E+00
267500 1.025065E+03 4.290010E-04 8.923635E-03 2.396599E+00 0.000000E+00
268000 1.025430E+03 4.290010E-04 8.789564E-03 2.396599E+00 0.000000E+00
268500 1.025795E+03 4.290010E-04 8.654219E-03 2.396599E+00 0.000000E+00
269000 1.026156E+03 4.290010E-04 9.116987E-03 2.396599E+00 0.000000E+00
269500 1.026516E+03 4.290010E-04 8.939146E-03 2.396599E+00 0.000000E+00
270000 1.026877E+03 4.290010E-04 8.933719E-03 2.396599E+00 0.000000E+00
270500 1.027247E+03 4.290010E-04 8.803124E-03 2.396599E+00 0.000000E+00
271000 1.027608E+03 4.290010E-04 8.750776E-03 2.396599E+00 0.000000E+00
271500 1.027968E+03 4.290010E-04 9.220175E-03 2.396599E+00 0.000000E+00
272000 1.028330E+03 4.290010E-04 9.112680E-03 2.396599E+00 0.000000E+00
272500 1.028691E+03 4.290010E-04 8.774159E-03 2.396599E+00 0.000000E+00
273000 1.029053E+03 4.290010E-04 9.256523E-03 2.396599E+00 0.000000E+00
273500 1.029420E+03 4.285078E-04 8.524779E-03 2.399712E+00 0.000000E+00
274000 1.029785E+03 4.290010E-04 8.665114E-03 2.396599E+00 0.000000E+00
274500 1.030154E+03 4.290010E-04 8.845852E-03 2.396599E+00 0.000000E+00
275000 1.030520E+03 4.290010E-04 8.881494E-03 2.396599E+00 0.000000E+00
275500 1.030893E+03 4.290010E-04 8.655339E-03 2.396599E+00 0.000000E+00
276000 1.031260E+03 4.290010E-04 8.940100E-03 2.396599E+00 0.000000E+00
276500 1.031626E+03 4.295228E-04 8.816156E-03 2.406820E+00 0.000000E+00
277000 1.031989E+03 4.290010E-04 9.038613E-03 2.396599E+00 0.000000E+00
277500 1.032350E+03 4.290010E-04 9.011638E-03 2.396599E+00 0.000000E+00
278000 1.032711E+03 4.290010E-04 9.460366E-03 2.396599E+00 0.000000E+00
278500 1.033073E+03 4.308897E-04 9.111833E-03 2.396723E+00 0.000000E+00
279000 1.033437E+03 4.290010E-04 9.023803E-03 2.396599E+00 0.000000E+00
279500 1.033797E+03 4.290010E-04 9.182168E-03 2.396599E+00 0.000000E+00
280000 1.034157E+03 4.290010E-04 8.968392E-03 2.396599E+00 0.000000E+00
280500 1.034517E+03 4.290010E-04 9.116286E-03 2.396599E+00 0.000000E+00
281000 1.034882E+03 4.290010E-04 9.054668E-03 2.396599E+00 0.000000E+00
281500 1.035247E+03 4.392728E-04 8.599589E-03 2.392213E+00 0.000000E+00
282000 1.035607E+03 4.290010E-04 8.740648E-03 2.396599E+00 0.000000E+00
282500 1.035971E+03 4.290010E-04 8.663267E-03 2.396599E+00 0.000000E+00
283000 1.036335E+03 4.262203E-04 8.851112E-03 2.413133E+00 0.000000E+00
283500 1.036695E+03 4.290010E-04 8.793794E-03 2.396599E+00 0.000000E+00
284000 1.037058E+03 4.290010E-04 9.280128E-03 2.396599E+00 0.000000E+00
284500 1.037422E+03 4.290010E-04 9.074694E-03 2.396599E+00 0.000000E+00
285000 1.037788E+03 4.290010E-04 8.946989E-03 2.396599E+00 0.000000E+00
285500 1.038153E+03 4.290010E-04 9.132989E-03 2.396599E+00 0.000000E+00
286000 1.038515E+03 4.290010E-04 9.282865E-03 2.396599E+00 0.000000E+00
286500 1.038880E+03 4.261642E-04 8.898765E-03 2.436014E+00 0.000000E+00
287000 1.039243E+03 4.290010E-04 9.157152E-03 2.396599E+00 0.000000E+00
287500 1.039606E+03 4.290010E-04 9.035926E-03 2.396599E+00 0.000000E+00
288000 1.039967E+03 4.290010E-04 9.201651E-03 2.396599E+00 0.000000E+00
288500 1.040329E+03 4.290010E-04 9.073433E-03 2.396599E+00 0.000000E+00
289000 1.040688E+03 4.290010E-04 8.825250E-03 2.396599E+00 0.000000E+00
289500 1.041051E+03 4.290010E-04 8.984528E-03 2.396599E+00 0.000000E+00
290000 1.041416E+03 4.290010E-04 9.113556E-03 2.396599E+00 0.000000E+00
290500 1.041779E+03 4.290010E-04 8.725581E-03 2.396599E+00 0.000000E+00
291000 1.042144E+03 4.290010E-04 8.955624E-03 2.396599E+00 0.000000E+00
291500 1.042505E+03 4.290010E-04 9.143124E-03 2.396599E+00 0.000000E+00
292000 1.042871E+03 4.290010E-04 8.840890E-03 2.396599E+00 0.000000E+00
292500 1.043232E+03 4.290010E-04 8.806568E-03 2.396599E+00 0.000000E+00
293000 1.043593E+03 4.290010E-04 8.956132E-03 2.396599E+00 0.000000E+00
293500 1.043954E+03 4.290010E-04 8.926118E-03 2.396599E+00 0.000000E+00
294000 1.044320E+03 4.290010E-04 8.648681E-03 2.396599E+00 0.000000E+00
294500 1.044688E+03 4.290010E-04 9.053954E-03 2.396599E+00 0.000000E+00
295000 1.045053E+03 4.289722E-04 8.660509E-03 2.396761E+00 0.000000E+00
295500 1.045417E+03 4.290010E-04 9.081145E-03 2.396599E+00 0.000000E+00
296000 1.045776E+03 4.259760E-04 9.012513E-03 2.453910E+00 0.000000E+00
296500 1.046134E+03 4.300934E-04 8.993722E-03 2.400846E+00 0.000000E+00
297000 1.046498E+03 4.340152E-04 8.654579E-03 2.390670E+00 0.000000E+00
297500 1.046863E+03 4.308897E-04 8.685786E-03 2.396723E+00 0.000000E+00
298000 1.047225E+03 4.290010E-04 8.933334E-03 2.396599E+00 0.000000E+00
298500 1.047593E+03 4.290010E-04 8.798358E-03 2.396599E+00 0.000000E+00
299000 1.047955E+03 4.290010E-04 9.091847E-03 2.396599E+00 0.000000E+00
299500 1.048317E+03 4.358059E-04 9.013539E-03 2.398331E+00 0.000000E+00
300000 1.048678E+03 4.298470E-04 8.827000E-03 2.391485E+00 0.000000E+00
300500 1.049042E+03 4.290010E-04 8.852080E-03 2.396599E+00 0.000000E+00
301000 1.049402E+03 4.290009E-04 8.931555E-03 2.396600E+00 0.000000E+00
301500 1.049762E+03 4.290010E-04 8.948693E-03 2.396599E+00 0.000000E+00
302000 1.050123E+03 4.290010E-04 8.789532E-03 2.396599E+00 0.000000E+00
302500 1.050486E+03 4.290010E-04 9.166566E-03 2.396599E+00 0.000000E+00
303000 1.050849E+03 4.290010E-04 9.046764E-03 2.396599E+00 0.000000E+00
303500 1.051209E+03 4.290010E-04 8.792810E-03 2.396599E+00 0.000000E+00
304000 1.051570E+03 4.290010E-04 8.710870E-03 2.396599E+00 0.000000E+00
304500 1.051935E+03 4.290010E-04 8.896861E-03 2.396599E+00 0.000000E+00
305000 1.052300E+03 4.290010E-04 8.684164E-03 2.396599E+00 0.000000E+00
305500 1.052666E+03 4.290010E-04 8.806905E-03 2.396599E+00 0.000000E+00
306000 1.053032E+03 4.290010E-04 8.924806E-03 2.396599E+00 0.000000E+00
306500 1.053396E+03 4.290010E-04 8.944868E-03 2.396599E+00 0.000000E+00
307000 1.053759E+03 4.290010E-04 9.094839E-03 2.396599E+00 0.000000E+00
307500 1.054119E+03 4.290010E-04 9.063203E-03 2.396599E+00 0.000000E+00
308000 1.054482E+03 4.290010E-04 8.984688E-03 2.396599E+00 0.000000E+00
308500 1.054842E+03 4.290010E-04 9.182269E-03 2.396599E+00 0.000000E+00
309000 1.055202E+03 4.257213E-04 8.955830E-03 2.396503E+00 0.000000E+00
309500 1.055562E+03 4.290010E-04 8.875886E-03 2.396599E+00 0.000000E+00
310000 1.055922E+03 4.290010E-04 8.935031E-03 2.396599E+00 0.000000E+00
310500 1.056284E+03 4.290010E-04 9.331512E-03 2.396599E+00 0.000000E+00
311000 1.056650E+03 4.290010E-04 8.880046E-03 2.396599E+00 0.000000E+00
311500 1.057017E+03 4.290010E-04 8.996429E-03 2.396599E+00 0.000000E+00
312000 1.057385E+03 4.290010E-04 8.968872E-03 2.396599E+00 0.000000E+00
312500 1.057752E+03 4.292760E-04 8.977291E-03 2.395155E+00 0.000000E+00
313000 1.058114E+03 4.290010E-04 8.961669E-03 2.396599E+00 0.000000E+00
313500 1.058474E+03 4.290010E-04 9.024749E-03 2.396599E+00 0.000000E+00
314000 1.058839E+03 4.290010E-04 9.047537E-03 2.396599E+00 0.000000E+00
314500 1.059205E+03 4.290010E-04 8.956374E-03 2.396599E+00 0.000000E+00
315000 1.059570E+03 4.290010E-04 9.036464E-03 2.396599E+00 0.000000E+00
315500 1.059934E+03 4.297773E-04 8.739547E-03 2.445623E+00 0.000000E+00
316000 1.060302E+03 4.293578E-04 9.065488E-03 2.394759E+00 0.000000E+00
316500 1.060666E+03 4.296936E-04 8.725563E-03 2.393268E+00 0.000000E+00
317000 1.061032E+03 4.290010E-04 8.698538E-03 2.396599E+00 0.000000E+00
317500 1.061394E+03 4.290010E-04 9.126293E-03 2.396599E+00 0.000000E+00
318000 1.061759E+03 4.290010E-04 9.028974E-03 2.396599E+00 0.000000E+00
318500 1.062122E+03 4.290010E-04 8.894140E-03 2.396599E+00 0.000000E+00
319000 1.062484E+03 4.290010E-04 9.088722E-03 2.396599E+00 0.000000E+00
319500 1.062850E+03 4.290010E-04 9.201936E-03 2.396599E+00 0.000000E+00
320000 1.063209E+03 4.290010E-04 8.898269E-03 2.396599E+00 0.000000E+00
320500 1.063568E+03 4.290010E-04 8.845459E-03 2.396599E+00 0.000000E+00
321000 1.063933E+03 4.290010E-04 8.993153E-03 2.396599E+00 0.000000E+00
321500 1.064302E+03 4.290010E-04 8.997789E-03 2.396599E+00 0.000000E+00
322000 1.064663E+03 4.290010E-04 8.960770E-03 2.396599E+00 0.000000E+00
322500 1.065023E+03 4.290010E-04 9.145510E-03 2.396599E+00 0.000000E+00
323000 1.065383E+03 4.290010E-04 9.058932E-03 2.396599E+00 0.000000E+00
323500 1.065745E+03 4.290010E-04 8.769975E-03 2.396599E+00 0.000000E+00
324000 1.066104E+03 4.290010E-04 9.101326E-03 2.396599E+00 0.000000E+00
324500 1.066466E+03 4.290010E-04 8.917107E-03 2.396599E+00 0.000000E+00
325000 1.066830E+03 4.265469E-04 8.970917E-03 2.447475E+00 0.000000E+00
325500 1.067193E+03 4.290010E-04 8.996418E-03 2.396599E+00 0.000000E+00
326000 1.067556E+03 4.290010E-04 8.837635E-03 2.396599E+00 0.000000E+00
326500 1.067920E+03 4.290010E-04 8.951695E-03 2.396599E+00 0.000000E+00
327000 1.068281E+03 4.291728E-04 8.668062E-03 2.395676E+00 0.000000E+00
327500 1.068644E+03 4.292636E-04 8.678893E-03 2.418110E+00 0.000000E+00
328000 1.069006E+03 4.290010E-04 9.032701E-03 2.396599E+00 0.000000E+00
328500 1.069367E+03 4.290010E-04 8.893513E-03 2.396599E+00 0.000000E+00
329000 1.069731E+03 4.290010E-04 9.014884E-03 2.396599E+00 0.000000E+00
329500 1.070093E+03 4.304183E-04 9.032072E-03 2.390647E+00 0.000000E+00
330000 1.070460E+03 4.290010E-04 8.953383E-03 2.396599E+00 0.000000E+00
330500 1.070821E+03 4.290010E-04 8.801010E-03 2.396599E+00 0.000000E+00
331000 1.071182E+03 4.290010E-04 8.911519E-03 2.396599E+00 0.000000E+00
331500 1.071541E+03 4.290010E-04 9.081213E-03 2.396599E+00 0.000000E+00
332000 1.071905E+03 4.292849E-04 8.820465E-03 2.395111E+00 0.000000E+00
332500 1.072264E+03 4.290010E-04 9.093113E-03 2.396599E+00 0.000000E+00
333000 1.072628E+03 4.290010E-04 8.930125E-03 2.396599E+00 0.000000E+00
333500 1.072990E+03 4.290010E-04 8.957704E-03 2.396599E+00 0.000000E+00
334000 1.073354E+03 4.290010E-04 8.616627E-03 2.396599E+00 0.000000E+00
334500 1.073718E+03 4.290010E-04 8.822241E-03 2.396599E+00 0.000000E+00
335000 1.074078E+03 4.290010E-04 8.969263E-03 2.396599E+00 0.000000E+00
335500 1.074443E+03 4.290010E-04 8.871235E-03 2.396599E+00 0.000000E+00
336000 1.074804E+03 4.290010E-04 9.101730E-03 2.396599E+00 0.000000E+00
336500 1.075172E+03 4.290010E-04 8.816612E-03 2.396599E+00 0.000000E+00
337000 1.075540E+03 4.290010E-04 8.855848E-03 2.396599E+00 0.000000E+00
337500 1.075911E+03 4.290010E-04 8.919578E-03 2.396599E+00 0.000000E+00
338000 1.076278E+03 4.290010E-04 8.939962E-03 2.396599E+00 0.000000E+00
338500 1.076649E+03 4.290010E-04 8.867653E-03 2.396599E+00 0.000000E+00
339000 1.077008E+03 4.290010E-04 8.908277E-03 2.396599E+00 0.000000E+00
339500 1.077371E+03 4.290010E-04 8.927245E-03 2.396599E+00 0.000000E+00
340000 1.077732E+03 4.290010E-04 8.994272E-03 2.396599E+00 0.000000E+00
340500 1.078093E+03 4.290010E-04 9.022777E-03 2.396599E+00 0.000000E+00
341000 1.078455E+03 4.290010E-04 9.155760E-03 2.396599E+00 0.000000E+00
341500 1.078816E+03 4.290010E-04 8.911961E-03 2.396599E+00 0.000000E+00
342000 1.079180E+03 4.290010E-04 8.886121E-03 2.396599E+00 0.000000E+00
342500 1.079543E+03 4.290010E-04 8.742491E-03 2.396599E+00 0.000000E+00
343000 1.079909E+03 4.290010E-04 9.049612E-03 2.396599E+00 0.000000E+00
343500 1.080268E+03 4.275616E-04 8.817203E-03 2.399621E+00 0.000000E+00
344000 1.080628E+03 4.276028E-04 8.813353E-03 2.408186E+00 0.000000E+00
344500 1.080991E+03 4.290010E-04 9.238440E-03 2.396599E+00 0.000000E+00
345000 1.081352E+03 4.290010E-04 8.891674E-03 2.396599E+00 0.000000E+00
345500 1.081710E+03 4.284667E-04 8.872025E-03 2.400009E+00 0.000000E+00
346000 1.082070E+03 4.290010E-04 9.014901E-03 2.396599E+00 0.000000E+00
346500 1.082431E+03 4.295601E-04 8.760259E-03 2.393835E+00 0.000000E+00
347000 1.082796E+03 4.290010E-04 8.819675E-03 2.396599E+00 0.000000E+00
347500 1.083156E+03 4.290010E-04 8.997650E-03 2.396599E+00 0.000000E+00
348000 1.083519E+03 4.290010E-04 8.945132E-03 2.396599E+00 0.000000E+00
348500 1.083883E+03 4.290010E-04 8.925448E-03 2.396599E+00 0.000000E+00
349000 1.084245E+03 4.290010E-04 8.728778E-03 2.396599E+00 0.000000E+00
349500 1.084609E+03 4.290010E-04 8.830714E-03 2.396599E+00 0.000000E+00
350000 1.084973E+03 4.290010E-04 8.927502E-03 2.396599E+00 0.000000E+00
350500 1.085334E+03 4.290010E-04 8.767470E-03 2.396599E+00 0.000000E+00
351000 1.085694E+03 4.290010E-04 8.977639E-03 2.396599E+00 0.000000E+00
351500 1.086054E+03 4.290010E-04 8.952219E-03 2.396599E+00 0.000000E+00
352000 1.086422E+03 4.290010E-04 9.088960E-03 2.396599E+00 0.000000E+00
352500 1.086788E+03 4.290010E-04 9.066965E-03 2.396599E+00 0.000000E+00
353000 1.087149E+03 4.290010E-04 9.045559E-03 2.396599E+00 0.000000E+00
353500 1.087512E+03 4.290010E-04 8.889011E-03 2.396599E+00 0.000000E+00
354000 1.087877E+03 4.290010E-04 8.822364E-03 2.396599E+00 0.000000E+00
354500 1.088244E+03 4.290010E-04 8.941841E-03 2.396599E+00 0.000000E+00
355000 1.088604E+03 4.290010E-04 8.982178E-03 2.396599E+00 0.000000E+00
355500 1.088968E+03 4.290010E-04 8.624526E-03 2.396599E+00 0.000000E+00
356000 1.089335E+03 4.254907E-04 8.924989E-03 2.504498E+00 0.000000E+00
356500 1.089696E+03 4.271524E-04 8.832982E-03 2.379594E+00 0.000000E+00
357000 1.090056E+03 4.290010E-04 8.859251E-03 2.396599E+00 0.000000E+00
357500 1.090425E+03 4.290010E-04 8.890268E-03 2.396599E+00 0.000000E+00
358000 1.090791E+03 4.290010E-04 8.971605E-03 2.396599E+00 0.000000E+00
358500 1.091157E+03 4.290010E-04 8.651056E-03 2.396599E+00 0.000000E+00
359000 1.091517E+03 4.294275E-04 8.983985E-03 2.396485E+00 0.000000E+00
359500 1.091880E+03 4.290010E-04 9.228753E-03 2.396599E+00 0.000000E+00
360000 1.092243E+03 4.290010E-04 8.991454E-03 2.396599E+00 0.000000E+00
360500 1.092605E+03 4.288834E-04 8.904479E-03 2.443050E+00 0.000000E+00
361000 1.092966E+03 4.290010E-04 8.931313E-03 2.396599E+00 0.000000E+00
361500 1.093331E+03 4.290010E-04 9.085666E-03 2.396599E+00 0.000000E+00
362000 1.093694E+03 4.290010E-04 8.751957E-03 2.396599E+00 0.000000E+00
362500 1.094057E+03 4.290010E-04 8.990376E-03 2.396599E+00 0.000000E+00
363000 1.094417E+03 4.290010E-04 8.859677E-03 2.396599E+00 0.000000E+00
363500 1.094781E+03 4.290010E-04 9.037507E-03 2.396599E+00 0.000000E+00
364000 1.095144E+03 4.328119E-04 8.653093E-03 2.411922E+00 0.000000E+00
364500 1.095504E+03 4.290010E-04 8.991047E-03 2.396599E+00 0.000000E+00
365000 1.095866E+03 4.356759E-04 8.966389E-03 2.391141E+00 0.000000E+00
365500 1.096230E+03 4.290010E-04 9.021008E-03 2.396599E+00 0.000000E+00
366000 1.096595E+03 4.290010E-04 9.164793E-03 2.396599E+00 0.000000E+00
366500 1.096954E+03 4.290010E-04 8.829386E-03 2.396599E+00 0.000000E+00
367000 1.097314E+03 4.290010E-04 8.939595E-03 2.396599E+00 0.000000E+00
367500 1.097676E+03 4.290049E-04 8.943988E-03 2.396577E+00 0.000000E+00
368000 1.098041E+03 4.290010E-04 8.518152E-03 2.396599E+00 0.000000E+00
368500 1.098411E+03 4.290010E-04 8.996325E-03 2.396599E+00 0.000000E+00
369000 1.098779E+03 4.290010E-04 8.462988E-03 2.396599E+00 0.000000E+00
369500 1.099147E+03 4.290010E-04 8.700152E-03 2.396599E+00 0.000000E+00
370000 1.099516E+03 4.290010E-04 9.249111E-03 2.396599E+00 0.000000E+00
370500 1.099885E+03 4.287830E-04 8.423987E-03 2.443624E+00 0.000000E+00
371000 1.100258E+03 4.290010E-04 8.913433E-03 2.396599E+00 0.000000E+00
371500 1.100628E+03 4.290010E-04 9.018088E-03 2.396599E+00 0.000000E+00
372000 1.100989E+03 4.290010E-04 8.800494E-03 2.396599E+00 0.000000E+00
372500 1.101350E+03 4.290010E-04 8.789968E-03 2.396599E+00 0.000000E+00
373000 1.101718E+03 4.280973E-04 8.894279E-03 2.446568E+00 0.000000E+00
373500 1.102081E+03 4.290010E-04 8.652630E-03 2.396599E+00 0.000000E+00
374000 1.102444E+03 4.290010E-04 8.871669E-03 2.396599E+00 0.000000E+00
374500 1.102806E+03 4.287178E-04 8.783040E-03 2.403973E+00 0.000000E+00
375000 1.103169E+03 4.290010E-04 8.624685E-03 2.396599E+00 0.000000E+00
375500 1.103537E+03 4.290010E-04 8.677631E-03 2.396599E+00 0.000000E+00
376000 1.103902E+03 4.366637E-04 8.739525E-03 2.396250E+00 0.000000E+00
376500 1.104267E+03 4.290010E-04 9.131462E-03 2.396599E+00 0.000000E+00
377000 1.104630E+03 4.290010E-04 9.122261E-03 2.396599E+00 0.000000E+00
377500 1.104995E+03 4.290010E-04 9.274939E-03 2.396599E+00 0.000000E+00
378000 1.105361E+03 4.255653E-04 8.876722E-03 2.396688E+00 0.000000E+00
378500 1.105721E+03 4.357250E-04 8.955087E-03 2.381968E+00 0.000000E+00
379000 1.106084E+03 4.290010E-04 8.872212E-03 2.396599E+00 0.000000E+00
379500 1.106449E+03 4.290010E-04 9.352390E-03 2.396599E+00 0.000000E+00
380000 1.106812E+03 4.290010E-04 8.854978E-03 2.396599E+00 0.000000E+00
380500 1.107174E+03 4.256135E-04 9.034692E-03 2.388680E+00 0.000000E+00
381000 1.107538E+03 4.290010E-04 9.202072E-03 2.396599E+00 0.000000E+00
381500 1.107902E+03 4.290010E-04 8.937630E-03 2.396599E+00 0.000000E+00
382000 1.108266E+03 4.257213E-04 8.712727E-03 2.396503E+00 0.000000E+00
382500 1.108629E+03 4.290010E-04 8.930112E-03 2.396599E+00 0.000000E+00
383000 1.108991E+03 4.290010E-04 8.892435E-03 2.396599E+00 0.000000E+00
383500 1.109359E+03 4.290010E-04 8.694835E-03 2.396599E+00 0.000000E+00
384000 1.109722E+03 4.290010E-04 9.244915E-03 2.396599E+00 0.000000E+00
384500 1.110085E+03 4.290010E-04 8.944354E-03 2.396599E+00 0.000000E+00
385000 1.110445E+03 4.290010E-04 9.143088E-03 2.396599E+00 0.000000E+00
385500 1.110808E+03 4.290010E-04 9.383967E-03 2.396599E+00 0.000000E+00
386000 1.111167E+03 4.293669E-04 8.918711E-03 2.394715E+00 0.000000E+00
386500 1.111530E+03 4.290010E-04 9.060486E-03 2.396599E+00 0.000000E+00
387000 1.111892E+03 4.290010E-04 8.930574E-03 2.396599E+00 0.000000E+00
387500 1.112253E+03 4.299323E-04 8.713208E-03 2.392324E+00 0.000000E+00
388000 1.112617E+03 4.290010E-04 9.036629E-03 2.396599E+00 0.000000E+00
388500 1.112981E+03 4.290010E-04 8.760508E-03 2.396599E+00 0.000000E+00
389000 1.113341E+03 4.290010E-04 9.061527E-03 2.396599E+00 0.000000E+00
389500 1.113703E+03 4.290010E-04 8.587654E-03 2.396599E+00 0.000000E+00
390000 1.114072E+03 4.290010E-04 8.866552E-03 2.396599E+00 0.000000E+00
390500 1.114437E+03 4.271974E-04 8.846362E-03 2.413983E+00 0.000000E+00
391000 1.114799E+03 4.290010E-04 8.833777E-03 2.396599E+00 0.000000E+00
391500 1.115159E+03 4.290010E-04 9.194354E-03 2.396599E+00 0.000000E+00
392000 1.115522E+03 4.290010E-04 9.303546E-03 2.396599E+00 0.000000E+00
392500 1.115885E+03 4.290010E-04 8.908696E-03 2.396599E+00 0.000000E+00
393000 1.116247E+03 4.290010E-04 8.970626E-03 2.396599E+00 0.000000E+00
393500 1.116608E+03 4.290010E-04 8.975754E-03 2.396599E+00 0.000000E+00
394000 1.116967E+03 4.290010E-04 8.937415E-03 2.396599E+00 0.000000E+00
394500 1.117328E+03 4.290010E-04 8.881394E-03 2.396599E+00 0.000000E+00
395000 1.117688E+03 4.290010E-04 8.732011E-03 2.396599E+00 0.000000E+00
395500 1.118052E+03 4.290010E-04 9.214307E-03 2.396599E+00 0.000000E+00
396000 1.118414E+03 4.290010E-04 9.201827E-03 2.396599E+00 0.000000E+00
396500 1.118772E+03 4.290010E-04 9.218362E-03 2.396599E+00 0.000000E+00
397000 1.119134E+03 4.290010E-04 8.960498E-03 2.396599E+00 0.000000E+00
397500 1.119496E+03 4.290010E-04 8.990358E-03 2.396599E+00 0.000000E+00
398000 1.119861E+03 4.292151E-04 8.830944E-03 2.395008E+00 0.000000E+00
398500 1.120224E+03 4.290010E-04 8.834563E-03 2.396599E+00 0.000000E+00
399000 1.120585E+03 4.290010E-04 9.028312E-03 2.396599E+00 0.000000E+00
399500 1.120944E+03 4.300777E-04 8.774249E-03 2.395799E+00 0.000000E+00
400000 1.121307E+03 4.290010E-04 9.005099E-03 2.396599E+00 0.000000E+00
400500 1.121669E+03 4.290010E-04 9.131584E-03 2.396599E+00 0.000000E+00
401000 1.122033E+03 4.290010E-04 8.721214E-03 2.396599E+00 0.000000E+00
401500 1.122393E+03 4.290010E-04 8.921892E-03 2.396599E+00 0.000000E+00
402000 1.122754E+03 4.290010E-04 9.143385E-03 2.396599E+00 0.000000E+00
402500 1.123120E+03 4.285656E-04 8.715786E-03 2.388491E+00 0.000000E+00
403000 1.123479E+03 4.290010E-04 8.851470E-03 2.396599E+00 0.000000E+00
403500 1.123840E+03 4.290010E-04 8.829015E-03 2.396599E+00 0.000000E+00
404000 1.124203E+03 4.290010E-04 8.950818E-03 2.396599E+00 0.000000E+00
404500 1.124565E+03 4.290010E-04 8.925882E-03 2.396599E+00 0.000000E+00
405000 1.124926E+03 4.290010E-04 8.837820E-03 2.396599E+00 0.000000E+00
405500 1.125286E+03 4.291016E-04 9.086439E-03 2.396050E+00 0.000000E+00
406000 1.125649E+03 4.290010E-04 8.759825E-03 2.396599E+00 0.000000E+00
406500 1.126012E+03 4.290010E-04 8.968644E-03 2.396599E+00 0.000000E+00
407000 1.126373E+03 4.290010E-04 8.969730E-03 2.396599E+00 0.000000E+00
407500 1.126718E+03 5.608799E-04 9.958447E-03 2.005720E+00 0.000000E+00
408000 1.127052E+03 5.608799E-04 9.712676E-03 2.005720E+00 0.000000E+00
408500 1.127386E+03 5.608799E-04 9.619945E-03 2.005720E+00 0.000000E+00
409000 1.127722E+03 5.608799E-04 9.666015E-03 2.005720E+00 0.000000E+00
409500 1.128052E+03 5.608799E-04 9.497152E-03 2.005720E+00 0.000000E+00
410000 1.128387E+03 5.608799E-04 9.908663E-03 2.005720E+00 0.000000E+00
410500 1.128717E+03 5.676515E-04 9.808503E-03 2.000795E+00 0.000000E+00
411000 1.129048E+03 5.591592E-04 9.896880E-03 2.006673E+00 0.000000E+00
411500 1.129378E+03 5.608799E-04 9.871915E-03 2.005720E+00 0.000000E+00
412000 1.129709E+03 5.608799E-04 9.480853E-03 2.005720E+00 0.000000E+00
412500 1.130039E+03 5.608799E-04 9.996492E-03 2.005720E+00 0.000000E+00
413000 1.130372E+03 5.608799E-04 9.975325E-03 2.005720E+00 0.000000E+00
413500 1.130705E+03 5.608799E-04 9.753756E-03 2.005720E+00 0.000000E+00
414000 1.131034E+03 5.608799E-04 9.694347E-03 2.005720E+00 0.000000E+00
414500 1.131364E+03 5.608799E-04 9.945733E-03 2.005720E+00 0.000000E+00
415000 1.131693E+03 5.646527E-04 9.538999E-03 2.007079E+00 0.000000E+00
415500 1.132023E+03 5.608799E-04 1.007208E-02 2.005720E+00 0.000000E+00
416000 1.132354E+03 5.608799E-04 9.889276E-03 2.005720E+00 0.000000E+00
416500 1.132683E+03 5.649856E-04 9.819919E-03 2.017777E+00 0.000000E+00
417000 1.133015E+03 5.602107E-04 9.500041E-03 2.008438E+00 0.000000E+00
417500 1.133344E+03 5.602029E-04 9.867384E-03 2.008473E+00 0.000000E+00
418000 1.133674E+03 5.608799E-04 9.918454E-03 2.005720E+00 0.000000E+00
418500 1.134001E+03 5.608799E-04 9.776281E-03 2.005720E+00 0.000000E+00
419000 1.134332E+03 5.608799E-04 9.800265E-03 2.005720E+00 0.000000E+00
419500 1.134658E+03 5.620720E-04 9.893378E-03 2.005867E+00 0.000000E+00
420000 1.134991E+03 5.619332E-04 9.861936E-03 2.006082E+00 0.000000E+00
420500 1.135325E+03 5.608799E-04 9.838820E-03 2.005720E+00 0.000000E+00
421000 1.135655E+03 5.608799E-04 1.001583E-02 2.005720E+00 0.000000E+00
421500 1.135984E+03 5.589698E-04 9.911289E-03 2.016078E+00 0.000000E+00
422000 1.136316E+03 5.608799E-04 9.913372E-03 2.005720E+00 0.000000E+00
422500 1.136647E+03 5.608799E-04 1.017524E-02 2.005720E+00 0.000000E+00
423000 1.136978E+03 5.598495E-04 9.738448E-03 2.008573E+00 0.000000E+00
423500 1.137303E+03 5.608799E-04 9.749698E-03 2.005720E+00 0.000000E+00
424000 1.137635E+03 5.608799E-04 9.975438E-03 2.005720E+00 0.000000E+00
424500 1.137967E+03 5.608799E-04 9.821670E-03 2.005720E+00 0.000000E+00
425000 1.138294E+03 5.608799E-04 9.613319E-03 2.005720E+00 0.000000E+00
425500 1.138627E+03 5.608799E-04 9.661544E-03 2.005720E+00 0.000000E+00
426000 1.138964E+03 5.608799E-04 9.565148E-03 2.005720E+00 0.000000E+00
426500 1.139306E+03 5.608799E-04 9.498791E-03 2.005720E+00 0.000000E+00
427000 1.139647E+03 5.608799E-04 1.000701E-02 2.005720E+00 0.000000E+00
427500 1.139975E+03 5.608799E-04 9.733248E-03 2.005720E+00 0.000000E+00
428000 1.140307E+03 5.608799E-04 1.004400E-02 2.005720E+00 0.000000E+00
428500 1.140636E+03 5.608799E-04 1.009667E-02 2.005720E+00 0.000000E+00
429000 1.140966E+03 5.745114E-04 9.786064E-03 2.002371E+00 0.000000E+00
