0 0.000000E+00 0.0000000000E+00 0.0000000000E+00 0.0000000000E+00
0 1.846178E+02 0.0000000000E+00 0.0000000000E+00 0.0000000000E+00
50 7.993729E+03 0.0000000000E+00 0.0000000000E+00 0.0000000000E+00
100 8.499670E+03 0.0000000000E+00 0.0000000000E+00 0.0000000000E+00
150 8.518640E+03 0.0000000000E+00 7.3524168934E-03 3.6762084467E-03
200 8.532786E+03 0.0000000000E+00 0.0000000000E+00 0.0000000000E+00
250 8.546691E+03 8.6215272635E-03 8.6215272635E-03 8.6215272635E-03
300 8.560231E+03 0.0000000000E+00 0.0000000000E+00 0.0000000000E+00
350 8.571961E+03 0.0000000000E+00 0.0000000000E+00 0.0000000000E+00
400 8.578692E+03 0.0000000000E+00 0.0000000000E+00 0.0000000000E+00
450 8.583082E+03 0.0000000000E+00 0.0000000000E+00 0.0000000000E+00
500 8.586992E+03 1.0324791184E-02 3.6310775785E-03 6.9779343813E-03
550 8.590073E+03 7.2621551570E-03 7.2621551570E-03 7.2621551570E-03
600 8.592704E+03 2.1224330222E-02 2.1224330222E-02 2.1224330222E-02
650 8.595376E+03 0.0000000000E+00 7.3524168934E-03 3.6762084467E-03
700 8.597768E+03 2.2929654287E-02 4.5859308574E-02 3.4394481430E-02
750 8.599678E+03 0.0000000000E+00 0.0000000000E+00 0.0000000000E+00
800 8.601491E+03 4.2021519211E-02 4.2021519211E-02 4.2021519211E-02
850 8.603017E+03 0.0000000000E+00 0.0000000000E+00 0.0000000000E+00
900 8.604530E+03 0.0000000000E+00 0.0000000000E+00 0.0000000000E+00
950 8.606078E+03 0.0000000000E+00 0.0000000000E+00 0.0000000000E+00
1000 8.607608E+03 0.0000000000E+00 0.0000000000E+00 0.0000000000E+00
1050 8.609100E+03 3.6310775785E-03 3.6310775785E-03 3.6310775785E-03
1100 8.610641E+03 0.0000000000E+00 0.0000000000E+00 0.0000000000E+00
1150 8.612168E+03 0.0000000000E+00 0.0000000000E+00 0.0000000000E+00
1200 8.613684E+03 0.0000000000E+00 0.0000000000E+00 0.0000000000E+00
1250 8.615231E+03 0.0000000000E+00 0.0000000000E+00 0.0000000000E+00
1300 8.616786E+03 2.3146188296E-02 1.9515110718E-02 2.1330649507E-02
1350 8.617789E+03 0.0000000000E+00 8.4062047330E-03 4.2031023665E-03
1400 8.618763E+03 2.0741305859E-03 2.6669098216E-02 1.4371614401E-02
1450 8.619731E+03 0.0000000000E+00 1.9035431191E-02 9.5177155954E-03
1500 8.620713E+03 2.0741305859E-03 0.0000000000E+00 1.0370652930E-03
1550 8.621706E+03 0.0000000000E+00 0.0000000000E+00 0.0000000000E+00
1600 8.622694E+03 0.0000000000E+00 0.0000000000E+00 0.0000000000E+00
1650 8.623665E+03 0.0000000000E+00 0.0000000000E+00 0.0000000000E+00
1700 8.624628E+03 8.6215272635E-03 4.9904496851E-03 6.8059884743E-03
1750 8.625631E+03 1.0324791184E-02 2.0649582368E-02 1.5487186776E-02
1800 8.626655E+03 0.0000000000E+00 0.0000000000E+00 0.0000000000E+00
1850 8.627658E+03 0.0000000000E+00 0.0000000000E+00 0.0000000000E+00
1900 8.628666E+03 2.4594967630E-02 2.4594967630E-02 2.4594967630E-02
1950 8.629681E+03 3.6310775785E-03 3.6310775785E-03 3.6310775785E-03
2000 8.630680E+03 0.0000000000E+00 0.0000000000E+00 0.0000000000E+00
2050 8.631674E+03 0.0000000000E+00 3.6310775785E-03 1.8155387892E-03
2100 8.632661E+03 0.0000000000E+00 2.0741305859E-03 1.0370652930E-03
2150 8.633667E+03 2.2301915476E-02 0.0000000000E+00 1.1150957738E-02
2200 8.634637E+03 2.4405766240E-02 0.0000000000E+00 1.2202883120E-02
2250 8.635618E+03 6.2201545415E-03 1.9054056389E-02 1.2637105465E-02
2300 8.636547E+03 0.0000000000E+00 0.0000000000E+00 0.0000000000E+00
2350 8.637443E+03 0.0000000000E+00 0.0000000000E+00 0.0000000000E+00
2400 8.638285E+03 0.0000000000E+00 0.0000000000E+00 0.0000000000E+00
2450 8.639147E+03 0.0000000000E+00 0.0000000000E+00 0.0000000000E+00
2500 8.639997E+03 0.0000000000E+00 0.0000000000E+00 0.0000000000E+00
2550 8.640835E+03 0.0000000000E+00 0.0000000000E+00 0.0000000000E+00
2600 8.641682E+03 0.0000000000E+00 0.0000000000E+00 0.0000000000E+00
2650 8.642520E+03 0.0000000000E+00 0.0000000000E+00 0.0000000000E+00
2700 8.643356E+03 7.3524168934E-03 7.3524168934E-03 7.3524168934E-03
2750 8.644203E+03 6.2201545415E-03 6.2201545415E-03 6.2201545415E-03
2800 8.645064E+03 3.6310775785E-03 3.6310775785E-03 3.6310775785E-03
2850 8.645907E+03 2.0741305859E-03 1.7072777781E-02 9.5734541836E-03
2900 8.646749E+03 0.0000000000E+00 7.3524168934E-03 3.6762084467E-03
2950 8.647579E+03 3.6310775785E-03 3.6310775785E-03 3.6310775785E-03
3000 8.648434E+03 4.9904496851E-03 4.9904496851E-03 4.9904496851E-03
3050 8.649290E+03 0.0000000000E+00 0.0000000000E+00 0.0000000000E+00
3100 8.650170E+03 0.0000000000E+00 0.0000000000E+00 0.0000000000E+00
3150 8.651027E+03 2.0741305859E-03 0.0000000000E+00 1.0370652930E-03
3200 8.651881E+03 0.0000000000E+00 0.0000000000E+00 0.0000000000E+00
3250 8.652689E+03 0.0000000000E+00 0.0000000000E+00 0.0000000000E+00
3300 8.653469E+03 2.0741305859E-03 2.0741305859E-03 2.0741305859E-03
3350 8.654245E+03 0.0000000000E+00 0.0000000000E+00 0.0000000000E+00
3400 8.655015E+03 8.4062047330E-03 0.0000000000E+00 4.2031023665E-03
3450 8.655802E+03 3.0477072712E-02 4.9904496851E-03 1.7733761198E-02
3500 8.656556E+03 0.0000000000E+00 0.0000000000E+00 0.0000000000E+00
3550 8.657316E+03 0.0000000000E+00 0.0000000000E+00 0.0000000000E+00
3600 8.658099E+03 0.0000000000E+00 0.0000000000E+00 0.0000000000E+00
3650 8.658894E+03 1.4998647195E-02 0.0000000000E+00 7.4993235977E-03
3700 8.659672E+03 0.0000000000E+00 0.0000000000E+00 0.0000000000E+00
3750 8.660464E+03 0.0000000000E+00 0.0000000000E+00 0.0000000000E+00
3800 8.661250E+03 0.0000000000E+00 0.0000000000E+00 0.0000000000E+00
3850 8.662041E+03 0.0000000000E+00 0.0000000000E+00 0.0000000000E+00
3900 8.662829E+03 0.0000000000E+00 0.0000000000E+00 0.0000000000E+00
3950 8.663618E+03 0.0000000000E+00 0.0000000000E+00 0.0000000000E+00
4000 8.664375E+03 4.1482611718E-03 4.1482611718E-03 4.1482611718E-03
4050 8.665159E+03 7.0645802710E-03 7.0645802710E-03 7.0645802710E-03
4100 8.665943E+03 2.0741305859E-03 9.4265474793E-03 5.7503390326E-03
4150 8.666723E+03 0.0000000000E+00 9.3940346771E-03 4.6970173385E-03
4200 8.667484E+03 0.0000000000E+00 0.0000000000E+00 0.0000000000E+00
4250 8.668256E+03 0.0000000000E+00 0.0000000000E+00 0.0000000000E+00
4300 8.669015E+03 1.1205103604E-02 1.1205103604E-02 1.1205103604E-02
4350 8.669806E+03 0.0000000000E+00 0.0000000000E+00 0.0000000000E+00
4400 8.670580E+03 0.0000000000E+00 0.0000000000E+00 0.0000000000E+00
4450 8.671352E+03 1.0480335319E-02 1.0480335319E-02 1.0480335319E-02
4500 8.672111E+03 0.0000000000E+00 0.0000000000E+00 0.0000000000E+00
4550 8.672902E+03 1.0324791184E-02 1.0324791184E-02 1.0324791184E-02
4600 8.673687E+03 0.0000000000E+00 0.0000000000E+00 0.0000000000E+00
4650 8.674483E+03 0.0000000000E+00 0.0000000000E+00 0.0000000000E+00
4700 8.675265E+03 5.6976876705E-03 5.7052081644E-03 5.7014479174E-03
4750 8.676036E+03 0.0000000000E+00 0.0000000000E+00 0.0000000000E+00
4800 8.676812E+03 2.3636487880E-02 2.3636487880E-02 2.3636487880E-02
4850 8.677570E+03 0.0000000000E+00 0.0000000000E+00 0.0000000000E+00
4900 8.678361E+03 0.0000000000E+00 0.0000000000E+00 0.0000000000E+00
4950 8.679126E+03 0.0000000000E+00 0.0000000000E+00 0.0000000000E+00
5000 8.679910E+03 0.0000000000E+00 0.0000000000E+00 0.0000000000E+00
5050 8.680699E+03 2.0741305859E-03 0.0000000000E+00 1.0370652930E-03
5100 8.681502E+03 8.4062047330E-03 1.4626359275E-02 1.1516282004E-02
5150 8.682273E+03 0.0000000000E+00 0.0000000000E+00 0.0000000000E+00
5200 8.683053E+03 0.0000000000E+00 0.0000000000E+00 0.0000000000E+00
5250 8.683838E+03 0.0000000000E+00 0.0000000000E+00 0.0000000000E+00
5300 8.684610E+03 2.3742052957E-02 2.3742052957E-02 2.3742052957E-02
5350 8.685311E+03 3.6310775785E-03 3.6310775785E-03 3.6310775785E-03
5400 8.686018E+03 0.0000000000E+00 0.0000000000E+00 0.0000000000E+00
5450 8.686719E+03 0.0000000000E+00 0.0000000000E+00 0.0000000000E+00
5500 8.687434E+03 3.6310775785E-03 2.8939037802E-02 1.6285057690E-02
5550 8.688135E+03 0.0000000000E+00 1.2040111229E-02 6.0200556147E-03
5600 8.688842E+03 0.0000000000E+00 0.0000000000E+00 0.0000000000E+00
5650 8.689548E+03 0.0000000000E+00 0.0000000000E+00 0.0000000000E+00
5700 8.690237E+03 3.6310775785E-03 3.6310775785E-03 3.6310775785E-03
5750 8.690949E+03 0.0000000000E+00 2.0827227996E-02 1.0413613998E-02
5800 8.691628E+03 0.0000000000E+00 0.0000000000E+00 0.0000000000E+00
5850 8.692332E+03 0.0000000000E+00 0.0000000000E+00 0.0000000000E+00
5900 8.693004E+03 4.9904496851E-03 4.9904496851E-03 4.9904496851E-03
5950 8.693715E+03 2.7209466254E-02 2.7209466254E-02 2.7209466254E-02
6000 8.694418E+03 2.5404807197E-02 2.5404807197E-02 2.5404807197E-02
6050 8.695108E+03 2.2901358582E-02 2.2901358582E-02 2.2901358582E-02
6100 8.695771E+03 0.0000000000E+00 0.0000000000E+00 0.0000000000E+00
6150 8.696419E+03 0.0000000000E+00 0.0000000000E+00 0.0000000000E+00
6200 8.697062E+03 0.0000000000E+00 0.0000000000E+00 0.0000000000E+00
6250 8.697718E+03 2.5068835528E-02 2.5068835528E-02 2.5068835528E-02
6300 8.698373E+03 6.2201545415E-03 6.2201545415E-03 6.2201545415E-03
6350 8.699022E+03 2.2929654287E-02 0.0000000000E+00 1.1464827143E-02
6400 8.699678E+03 0.0000000000E+00 0.0000000000E+00 0.0000000000E+00
6450 8.700326E+03 2.0741305859E-03 2.0741305859E-03 2.0741305859E-03
6500 8.700977E+03 7.2621551570E-03 1.6656189834E-02 1.1959172496E-02
6550 8.701624E+03 2.0741305859E-03 2.2484499073E-02 1.2279314829E-02
6600 8.702277E+03 0.0000000000E+00 0.0000000000E+00 0.0000000000E+00
6650 8.702913E+03 2.0741305859E-03 2.0741305859E-03 2.0741305859E-03
6700 8.703573E+03 0.0000000000E+00 0.0000000000E+00 0.0000000000E+00
6750 8.704219E+03 0.0000000000E+00 1.3589814990E-02 6.7949074948E-03
6800 8.704870E+03 0.0000000000E+00 0.0000000000E+00 0.0000000000E+00
6850 8.705521E+03 0.0000000000E+00 0.0000000000E+00 0.0000000000E+00
6900 8.706179E+03 0.0000000000E+00 0.0000000000E+00 0.0000000000E+00
6950 8.706826E+03 0.0000000000E+00 0.0000000000E+00 0.0000000000E+00
7000 8.707476E+03 0.0000000000E+00 0.0000000000E+00 0.0000000000E+00
7050 8.708136E+03 3.7066845541E-02 1.8533422770E-02 2.7800134155E-02
7100 8.708779E+03 1.2833901848E-02 0.0000000000E+00 6.4169509240E-03
7150 8.709423E+03 0.0000000000E+00 0.0000000000E+00 0.0000000000E+00
7200 8.710065E+03 2.3742052957E-02 2.3742052957E-02 2.3742052957E-02
7250 8.710711E+03 0.0000000000E+00 0.0000000000E+00 0.0000000000E+00
7300 8.711356E+03 4.1482611718E-03 0.0000000000E+00 2.0741305859E-03
7350 8.712016E+03 0.0000000000E+00 2.5068835528E-02 1.2534417764E-02
7400 8.712662E+03 0.0000000000E+00 1.0324791184E-02 5.1623955921E-03
7450 8.713314E+03 0.0000000000E+00 0.0000000000E+00 0.0000000000E+00
7500 8.713974E+03 0.0000000000E+00 0.0000000000E+00 0.0000000000E+00
7550 8.714616E+03 0.0000000000E+00 0.0000000000E+00 0.0000000000E+00
7600 8.715253E+03 0.0000000000E+00 0.0000000000E+00 0.0000000000E+00
7650 8.715913E+03 0.0000000000E+00 0.0000000000E+00 0.0000000000E+00
7700 8.716576E+03 0.0000000000E+00 4.9904496851E-03 2.4952248425E-03
7750 8.717228E+03 0.0000000000E+00 0.0000000000E+00 0.0000000000E+00
7800 8.717874E+03 8.4062047330E-03 8.4062047330E-03 8.4062047330E-03
7850 8.718511E+03 0.0000000000E+00 0.0000000000E+00 0.0000000000E+00
7900 8.719160E+03 0.0000000000E+00 0.0000000000E+00 0.0000000000E+00
7950 8.719813E+03 0.0000000000E+00 0.0000000000E+00 0.0000000000E+00
8000 8.720463E+03 9.9808993701E-03 4.9904496851E-03 7.4856745276E-03
8050 8.721103E+03 4.9041567599E-02 4.9041567599E-02 4.9041567599E-02
8100 8.721748E+03 3.4841393332E-02 2.8621238790E-02 3.1731316061E-02
8150 8.722390E+03 4.5423279275E-02 4.5423279275E-02 4.5423279275E-02
8200 8.723040E+03 4.8811532480E-02 4.8811532480E-02 4.8811532480E-02
8250 8.723708E+03 1.5655891404E-02 1.5655891404E-02 1.5655891404E-02
8300 8.724361E+03 0.0000000000E+00 0.0000000000E+00 0.0000000000E+00
8350 8.724986E+03 0.0000000000E+00 0.0000000000E+00 0.0000000000E+00
8400 8.725638E+03 0.0000000000E+00 0.0000000000E+00 0.0000000000E+00
8450 8.726283E+03 2.0827227996E-02 0.0000000000E+00 1.0413613998E-02
8500 8.726943E+03 0.0000000000E+00 0.0000000000E+00 0.0000000000E+00
8550 8.727596E+03 0.0000000000E+00 0.0000000000E+00 0.0000000000E+00
8600 8.728265E+03 0.0000000000E+00 0.0000000000E+00 0.0000000000E+00
8650 8.728905E+03 0.0000000000E+00 0.0000000000E+00 0.0000000000E+00
8700 8.729574E+03 0.0000000000E+00 0.0000000000E+00 0.0000000000E+00
8750 8.730263E+03 1.9533148397E-02 0.0000000000E+00 9.7665741984E-03
8800 8.730927E+03 4.9904496851E-03 4.9904496851E-03 4.9904496851E-03
8850 8.731601E+03 4.9904496851E-03 4.9904496851E-03 4.9904496851E-03
8900 8.732258E+03 0.0000000000E+00 0.0000000000E+00 0.0000000000E+00
8950 8.732913E+03 0.0000000000E+00 0.0000000000E+00 0.0000000000E+00
9000 8.733567E+03 0.0000000000E+00 0.0000000000E+00 0.0000000000E+00
9050 8.734235E+03 4.1482611718E-03 2.0741305859E-03 3.1111958789E-03
9100 8.734892E+03 0.0000000000E+00 0.0000000000E+00 0.0000000000E+00
9150 8.735529E+03 1.9515110718E-02 1.9515110718E-02 1.9515110718E-02
9200 8.736166E+03 2.4926356475E-02 2.4926356475E-02 2.4926356475E-02
9250 8.736792E+03 0.0000000000E+00 0.0000000000E+00 0.0000000000E+00
9300 8.737442E+03 0.0000000000E+00 0.0000000000E+00 0.0000000000E+00
9350 8.738061E+03 3.6310775785E-03 3.6310775785E-03 3.6310775785E-03
9400 8.738694E+03 0.0000000000E+00 0.0000000000E+00 0.0000000000E+00
9450 8.739340E+03 0.0000000000E+00 0.0000000000E+00 0.0000000000E+00
9500 8.739976E+03 7.3524168934E-03 7.3524168934E-03 7.3524168934E-03
9550 8.740612E+03 0.0000000000E+00 0.0000000000E+00 0.0000000000E+00
9600 8.741239E+03 0.0000000000E+00 0.0000000000E+00 0.0000000000E+00
9650 8.741860E+03 0.0000000000E+00 0.0000000000E+00 0.0000000000E+00
9700 8.742491E+03 0.0000000000E+00 0.0000000000E+00 0.0000000000E+00
9750 8.743133E+03 7.3524168934E-03 7.3524168934E-03 7.3524168934E-03
9800 8.743780E+03 0.0000000000E+00 0.0000000000E+00 0.0000000000E+00
9850 8.744420E+03 2.0741305859E-03 2.0741305859E-03 2.0741305859E-03
9900 8.745041E+03 2.1961232821E-02 0.0000000000E+00 1.0980616411E-02
9950 8.745658E+03 2.5486623027E-02 0.0000000000E+00 1.2743311513E-02
10000 8.746279E+03 1.3589814990E-02 1.5663945576E-02 1.4626880283E-02
10050 8.746916E+03 1.0324791184E-02 1.0324791184E-02 1.0324791184E-02
10100 8.747537E+03 0.0000000000E+00 2.0741305859E-03 1.0370652930E-03
10150 8.748146E+03 0.0000000000E+00 0.0000000000E+00 0.0000000000E+00
10200 8.748768E+03 0.0000000000E+00 0.0000000000E+00 0.0000000000E+00
10250 8.749394E+03 1.3284734812E-02 1.3284734812E-02 1.3284734812E-02
10300 8.749996E+03 1.9973197899E-02 1.9973197899E-02 1.9973197899E-02
10350 8.750604E+03 3.7497279379E-02 3.7803728967E-02 3.7650504173E-02
10400 8.751219E+03 2.0741305859E-03 0.0000000000E+00 1.0370652930E-03
10450 8.751832E+03 0.0000000000E+00 0.0000000000E+00 0.0000000000E+00
10500 8.752471E+03 2.3523872455E-02 4.9904496851E-03 1.4257161070E-02
10550 8.753119E+03 1.4998647195E-02 0.0000000000E+00 7.4993235977E-03
10600 8.753749E+03 0.0000000000E+00 0.0000000000E+00 0.0000000000E+00
10650 8.754379E+03 7.3524168934E-03 7.3524168934E-03 7.3524168934E-03
10700 8.754995E+03 0.0000000000E+00 0.0000000000E+00 0.0000000000E+00
10750 8.755613E+03 0.0000000000E+00 0.0000000000E+00 0.0000000000E+00
10800 8.756234E+03 0.0000000000E+00 0.0000000000E+00 0.0000000000E+00
10850 8.756855E+03 4.0219756119E-02 4.0219756119E-02 4.0219756119E-02
10900 8.757488E+03 4.7484105914E-02 4.7484105914E-02 4.7484105914E-02
10950 8.758112E+03 0.0000000000E+00 0.0000000000E+00 0.0000000000E+00
11000 8.758730E+03 2.0741305859E-03 5.7052081644E-03 3.8896693751E-03
11050 8.759357E+03 2.5068835528E-02 2.5068835528E-02 2.5068835528E-02
11100 8.759973E+03 1.2833901848E-02 1.2833901848E-02 1.2833901848E-02
11150 8.760604E+03 0.0000000000E+00 0.0000000000E+00 0.0000000000E+00
11200 8.761217E+03 8.4062047330E-03 8.4062047330E-03 8.4062047330E-03
11250 8.761846E+03 2.5068835528E-02 2.5068835528E-02 2.5068835528E-02
11300 8.762456E+03 0.0000000000E+00 0.0000000000E+00 0.0000000000E+00
11350 8.763067E+03 2.0741305859E-03 2.0741305859E-03 2.0741305859E-03
11400 8.763681E+03 0.0000000000E+00 0.0000000000E+00 0.0000000000E+00
11450 8.764291E+03 1.2833901848E-02 0.0000000000E+00 6.4169509240E-03
11500 8.764880E+03 3.6310775785E-03 3.6310775785E-03 3.6310775785E-03
11550 8.765472E+03 0.0000000000E+00 0.0000000000E+00 0.0000000000E+00
11600 8.766070E+03 0.0000000000E+00 0.0000000000E+00 0.0000000000E+00
11650 8.766662E+03 0.0000000000E+00 0.0000000000E+00 0.0000000000E+00
11700 8.767273E+03 0.0000000000E+00 1.9973197899E-02 9.9865989497E-03
11750 8.767855E+03 4.9904496851E-03 4.9904496851E-03 4.9904496851E-03
11800 8.768445E+03 3.6310775785E-03 3.6310775785E-03 3.6310775785E-03
11850 8.769039E+03 2.0741305859E-03 2.0741305859E-03 2.0741305859E-03
11900 8.769649E+03 0.0000000000E+00 0.0000000000E+00 0.0000000000E+00
11950 8.770244E+03 1.2833901848E-02 1.2833901848E-02 1.2833901848E-02
12000 8.770842E+03 2.5486623027E-02 5.0973246053E-02 3.8229934540E-02
12050 8.771429E+03 2.0827227996E-02 4.1654455993E-02 3.1240841995E-02
12100 8.772011E+03 3.1195294465E-02 4.8079969535E-02 3.9637632000E-02
12150 8.772612E+03 0.0000000000E+00 0.0000000000E+00 0.0000000000E+00
12200 8.773204E+03 2.0827227996E-02 0.0000000000E+00 1.0413613998E-02
12250 8.773813E+03 1.6884675070E-02 0.0000000000E+00 8.4423375350E-03
12300 8.774424E+03 0.0000000000E+00 0.0000000000E+00 0.0000000000E+00
12350 8.775023E+03 2.0827227996E-02 2.0827227996E-02 2.0827227996E-02
12400 8.775625E+03 0.0000000000E+00 0.0000000000E+00 0.0000000000E+00
12450 8.776222E+03 2.9074617646E-02 2.7000487060E-02 2.8037552353E-02
12500 8.776813E+03 3.9360650767E-02 2.7534714606E-02 3.3447682686E-02
12550 8.777409E+03 0.0000000000E+00 0.0000000000E+00 0.0000000000E+00
12600 8.778012E+03 0.0000000000E+00 0.0000000000E+00 0.0000000000E+00
12650 8.778596E+03 0.0000000000E+00 0.0000000000E+00 0.0000000000E+00
12700 8.779188E+03 0.0000000000E+00 0.0000000000E+00 0.0000000000E+00
12750 8.779768E+03 0.0000000000E+00 0.0000000000E+00 0.0000000000E+00
12800 8.780356E+03 0.0000000000E+00 0.0000000000E+00 0.0000000000E+00
12850 8.780939E+03 0.0000000000E+00 0.0000000000E+00 0.0000000000E+00
12900 8.781526E+03 0.0000000000E+00 0.0000000000E+00 0.0000000000E+00
12950 8.782101E+03 0.0000000000E+00 0.0000000000E+00 0.0000000000E+00
13000 8.782700E+03 0.0000000000E+00 0.0000000000E+00 0.0000000000E+00
13050 8.783269E+03 0.0000000000E+00 0.0000000000E+00 0.0000000000E+00
13100 8.783852E+03 0.0000000000E+00 0.0000000000E+00 0.0000000000E+00
13150 8.784440E+03 4.9904496851E-03 0.0000000000E+00 2.4952248425E-03
13200 8.785034E+03 0.0000000000E+00 0.0000000000E+00 0.0000000000E+00
13250 8.785621E+03 0.0000000000E+00 0.0000000000E+00 0.0000000000E+00
13300 8.786197E+03 1.4384484362E-02 3.7009088932E-02 2.5696786647E-02
13350 8.786777E+03 0.0000000000E+00 0.0000000000E+00 0.0000000000E+00
13400 8.787357E+03 0.0000000000E+00 0.0000000000E+00 0.0000000000E+00
13450 8.787934E+03 0.0000000000E+00 0.0000000000E+00 0.0000000000E+00
13500 8.788511E+03 0.0000000000E+00 0.0000000000E+00 0.0000000000E+00
13550 8.789110E+03 0.0000000000E+00 0.0000000000E+00 0.0000000000E+00
13600 8.789693E+03 0.0000000000E+00 0.0000000000E+00 0.0000000000E+00
13650 8.790277E+03 0.0000000000E+00 0.0000000000E+00 0.0000000000E+00
13700 8.790871E+03 0.0000000000E+00 0.0000000000E+00 0.0000000000E+00
13750 8.791461E+03 4.9904496851E-03 4.9904496851E-03 4.9904496851E-03
13800 8.792026E+03 0.0000000000E+00 0.0000000000E+00 0.0000000000E+00
13850 8.792617E+03 1.3589814990E-02 1.5663945576E-02 1.4626880283E-02
13900 8.793220E+03 0.0000000000E+00 0.0000000000E+00 0.0000000000E+00
13950 8.793819E+03 3.6310775785E-03 1.7220892568E-02 1.0425985073E-02
14000 8.794419E+03 2.0741305859E-03 2.0741305859E-03 2.0741305859E-03
14050 8.794991E+03 2.0741305859E-03 0.0000000000E+00 1.0370652930E-03
14100 8.795603E+03 0.0000000000E+00 1.3589814990E-02 6.7949074948E-03
14150 8.796184E+03 0.0000000000E+00 0.0000000000E+00 0.0000000000E+00
14200 8.796760E+03 0.0000000000E+00 0.0000000000E+00 0.0000000000E+00
14250 8.797339E+03 0.0000000000E+00 0.0000000000E+00 0.0000000000E+00
14300 8.797932E+03 2.0741305859E-03 0.0000000000E+00 1.0370652930E-03
14350 8.798522E+03 0.0000000000E+00 0.0000000000E+00 0.0000000000E+00
14400 8.799112E+03 2.0741305859E-03 2.0741305859E-03 2.0741305859E-03
14450 8.799707E+03 0.0000000000E+00 0.0000000000E+00 0.0000000000E+00
14500 8.800298E+03 1.4310619395E-02 1.4310619395E-02 1.4310619395E-02
14550 8.800898E+03 4.9904496851E-03 8.6215272635E-03 6.8059884743E-03
14600 8.801463E+03 6.2201545415E-03 6.2201545415E-03 6.2201545415E-03
14650 8.802046E+03 2.2351064089E-02 1.4998647195E-02 1.8674855642E-02
14700 8.802624E+03 0.0000000000E+00 0.0000000000E+00 0.0000000000E+00
14750 8.803213E+03 0.0000000000E+00 0.0000000000E+00 0.0000000000E+00
14800 8.803800E+03 0.0000000000E+00 2.0741305859E-03 1.0370652930E-03
14850 8.804379E+03 1.4310619395E-02 1.4310619395E-02 1.4310619395E-02
14900 8.804968E+03 7.3524168934E-03 7.3524168934E-03 7.3524168934E-03
14950 8.805559E+03 2.0741305859E-03 0.0000000000E+00 1.0370652930E-03
15000 8.806139E+03 8.2942851274E-03 8.2942851274E-03 8.2942851274E-03
15050 8.806731E+03 4.9904496851E-03 4.9904496851E-03 4.9904496851E-03
15100 8.807331E+03 4.1482611718E-03 0.0000000000E+00 2.0741305859E-03
15150 8.807936E+03 0.0000000000E+00 0.0000000000E+00 0.0000000000E+00
15200 8.808522E+03 0.0000000000E+00 0.0000000000E+00 0.0000000000E+00
15250 8.809109E+03 0.0000000000E+00 2.0741305859E-03 1.0370652930E-03
15300 8.809700E+03 0.0000000000E+00 0.0000000000E+00 0.0000000000E+00
15350 8.810298E+03 0.0000000000E+00 0.0000000000E+00 0.0000000000E+00
15400 8.810879E+03 0.0000000000E+00 0.0000000000E+00 0.0000000000E+00
15450 8.811477E+03 0.0000000000E+00 2.3217387597E-02 1.1608693798E-02
15500 8.812057E+03 2.0741305859E-03 2.0741305859E-03 2.0741305859E-03
15550 8.812651E+03 0.0000000000E+00 0.0000000000E+00 0.0000000000E+00
15600 8.813245E+03 2.5486623027E-02 0.0000000000E+00 1.2743311513E-02
15650 8.813838E+03 1.9035431191E-02 0.0000000000E+00 9.5177155954E-03
15700 8.814435E+03 8.4062047330E-03 0.0000000000E+00 4.2031023665E-03
15750 8.815020E+03 1.0324791184E-02 1.0324791184E-02 1.0324791184E-02
15800 8.815622E+03 2.5642481380E-02 2.5642481380E-02 2.5642481380E-02
15850 8.816205E+03 2.4594967630E-02 2.4594967630E-02 2.4594967630E-02
15900 8.816797E+03 2.4376046062E-02 2.4376046062E-02 2.4376046062E-02
15950 8.817414E+03 2.2929654287E-02 2.2929654287E-02 2.2929654287E-02
16000 8.818023E+03 3.5405776708E-02 3.5405776708E-02 3.5405776708E-02
16050 8.818625E+03 1.9973197899E-02 1.9973197899E-02 1.9973197899E-02
16100 8.819235E+03 0.0000000000E+00 0.0000000000E+00 0.0000000000E+00
16150 8.819846E+03 0.0000000000E+00 0.0000000000E+00 0.0000000000E+00
16200 8.820422E+03 0.0000000000E+00 0.0000000000E+00 0.0000000000E+00
16250 8.821012E+03 2.3742052957E-02 2.8732502642E-02 2.6237277799E-02
16300 8.821599E+03 2.0741305859E-03 2.0741305859E-03 2.0741305859E-03
16350 8.822206E+03 7.3524168934E-03 7.3524168934E-03 7.3524168934E-03
16400 8.822809E+03 7.3524168934E-03 0.0000000000E+00 3.6762084467E-03
16450 8.823396E+03 0.0000000000E+00 0.0000000000E+00 0.0000000000E+00
16500 8.823990E+03 0.0000000000E+00 0.0000000000E+00 0.0000000000E+00
16550 8.824593E+03 0.0000000000E+00 1.3589814990E-02 6.7949074948E-03
16600 8.825175E+03 0.0000000000E+00 0.0000000000E+00 0.0000000000E+00
16650 8.825766E+03 2.0741305859E-03 0.0000000000E+00 1.0370652930E-03
16700 8.826337E+03 0.0000000000E+00 0.0000000000E+00 0.0000000000E+00
16750 8.826927E+03 3.2122499678E-02 3.2122499678E-02 3.2122499678E-02
16800 8.827534E+03 0.0000000000E+00 0.0000000000E+00 0.0000000000E+00
16850 8.828131E+03 2.0741305859E-03 0.0000000000E+00 1.0370652930E-03
16900 8.828740E+03 0.0000000000E+00 0.0000000000E+00 0.0000000000E+00
16950 8.829335E+03 1.3396654418E-02 8.4062047330E-03 1.0901429576E-02
17000 8.829917E+03 0.0000000000E+00 0.0000000000E+00 0.0000000000E+00
17050 8.830509E+03 0.0000000000E+00 0.0000000000E+00 0.0000000000E+00
17100 8.831112E+03 0.0000000000E+00 0.0000000000E+00 0.0000000000E+00
17150 8.831684E+03 1.3542295849E-02 1.3542295849E-02 1.3542295849E-02
17200 8.832274E+03 0.0000000000E+00 0.0000000000E+00 0.0000000000E+00
17250 8.832866E+03 0.0000000000E+00 0.0000000000E+00 0.0000000000E+00
17300 8.833457E+03 3.6310775785E-03 3.6310775785E-03 3.6310775785E-03
17350 8.834042E+03 2.0741305859E-03 2.0741305859E-03 2.0741305859E-03
17400 8.834642E+03 0.0000000000E+00 0.0000000000E+00 0.0000000000E+00
17450 8.835235E+03 2.0741305859E-03 2.0741305859E-03 2.0741305859E-03
17500 8.835824E+03 0.0000000000E+00 0.0000000000E+00 0.0000000000E+00
17550 8.836432E+03 0.0000000000E+00 0.0000000000E+00 0.0000000000E+00
17600 8.837024E+03 1.3589814990E-02 1.3589814990E-02 1.3589814990E-02
17650 8.837627E+03 1.5655891404E-02 0.0000000000E+00 7.8279457021E-03
17700 8.838206E+03 2.0741305859E-03 1.2398921770E-02 7.2365261780E-03
17750 8.838802E+03 0.0000000000E+00 0.0000000000E+00 0.0000000000E+00
17800 8.839399E+03 0.0000000000E+00 0.0000000000E+00 0.0000000000E+00
17850 8.840004E+03 0.0000000000E+00 0.0000000000E+00 0.0000000000E+00
17900 8.840617E+03 8.4062047330E-03 0.0000000000E+00 4.2031023665E-03
17950 8.841196E+03 0.0000000000E+00 0.0000000000E+00 0.0000000000E+00
18000 8.841785E+03 6.2201545415E-03 6.2201545415E-03 6.2201545415E-03
18050 8.842382E+03 3.6310775785E-03 3.6310775785E-03 3.6310775785E-03
18100 8.842978E+03 0.0000000000E+00 0.0000000000E+00 0.0000000000E+00
18150 8.843566E+03 2.0741305859E-03 9.4265474793E-03 5.7503390326E-03
18200 8.844158E+03 0.0000000000E+00 0.0000000000E+00 0.0000000000E+00
18250 8.844746E+03 1.1205103604E-02 1.1205103604E-02 1.1205103604E-02
18300 8.845343E+03 0.0000000000E+00 0.0000000000E+00 0.0000000000E+00
18350 8.845966E+03 0.0000000000E+00 0.0000000000E+00 0.0000000000E+00
18400 8.846554E+03 0.0000000000E+00 0.0000000000E+00 0.0000000000E+00
18450 8.847126E+03 0.0000000000E+00 2.0741305859E-03 1.0370652930E-03
18500 8.847715E+03 0.0000000000E+00 0.0000000000E+00 0.0000000000E+00
18550 8.848306E+03 2.0741305859E-03 2.0741305859E-03 2.0741305859E-03
18600 8.848899E+03 0.0000000000E+00 0.0000000000E+00 0.0000000000E+00
18650 8.849483E+03 0.0000000000E+00 0.0000000000E+00 0.0000000000E+00
18700 8.850087E+03 2.0741305859E-03 2.0741305859E-03 2.0741305859E-03
18750 8.850680E+03 4.1482611718E-03 2.0741305859E-03 3.1111958789E-03
18800 8.851263E+03 0.0000000000E+00 0.0000000000E+00 0.0000000000E+00
18850 8.851857E+03 4.9904496851E-03 0.0000000000E+00 2.4952248425E-03
18900 8.852460E+03 0.0000000000E+00 0.0000000000E+00 0.0000000000E+00
18950 8.853039E+03 2.0741305859E-03 2.0741305859E-03 2.0741305859E-03
19000 8.853620E+03 9.3940346771E-03 9.3940346771E-03 9.3940346771E-03
19050 8.854216E+03 2.5553471159E-02 2.5553471159E-02 2.5553471159E-02
19100 8.854802E+03 6.2201545415E-03 6.2201545415E-03 6.2201545415E-03
19150 8.855398E+03 0.0000000000E+00 0.0000000000E+00 0.0000000000E+00
19200 8.855992E+03 0.0000000000E+00 0.0000000000E+00 0.0000000000E+00
19250 8.856574E+03 2.5068835528E-02 0.0000000000E+00 1.2534417764E-02
19300 8.857175E+03 2.5642481380E-02 0.0000000000E+00 1.2821240690E-02
19350 8.857771E+03 1.7832752212E-02 9.4265474793E-03 1.3629649846E-02
19400 8.858361E+03 2.5486623027E-02 0.0000000000E+00 1.2743311513E-02
19450 8.858959E+03 8.4062047330E-03 0.0000000000E+00 4.2031023665E-03
19500 8.859553E+03 0.0000000000E+00 0.0000000000E+00 0.0000000000E+00
19550 8.860137E+03 3.2736698140E-02 2.7746248455E-02 3.0241473297E-02
19600 8.860729E+03 3.0662592771E-02 3.0662592771E-02 3.0662592771E-02
19650 8.861306E+03 3.6310775785E-03 0.0000000000E+00 1.8155387892E-03
19700 8.861900E+03 0.0000000000E+00 0.0000000000E+00 0.0000000000E+00
19750 8.862481E+03 0.0000000000E+00 8.4062047330E-03 4.2031023665E-03
19800 8.863065E+03 0.0000000000E+00 0.0000000000E+00 0.0000000000E+00
19850 8.863651E+03 0.0000000000E+00 0.0000000000E+00 0.0000000000E+00
19900 8.864237E+03 0.0000000000E+00 0.0000000000E+00 0.0000000000E+00
19950 8.864820E+03 0.0000000000E+00 1.2833901848E-02 6.4169509240E-03
20000 8.865396E+03 0.0000000000E+00 0.0000000000E+00 0.0000000000E+00
20050 8.865983E+03 2.1663036288E-02 2.1663036288E-02 2.1663036288E-02
20100 8.866591E+03 2.0741305859E-03 2.0741305859E-03 2.0741305859E-03
20150 8.867208E+03 0.0000000000E+00 0.0000000000E+00 0.0000000000E+00
20200 8.867822E+03 0.0000000000E+00 0.0000000000E+00 0.0000000000E+00
20250 8.868415E+03 0.0000000000E+00 0.0000000000E+00 0.0000000000E+00
20300 8.869003E+03 2.0741305859E-03 0.0000000000E+00 1.0370652930E-03
20350 8.869607E+03 3.6310775785E-03 3.6310775785E-03 3.6310775785E-03
20400 8.870193E+03 0.0000000000E+00 0.0000000000E+00 0.0000000000E+00
20450 8.870799E+03 0.0000000000E+00 0.0000000000E+00 0.0000000000E+00
20500 8.871385E+03 3.1869333039E-02 1.9035431191E-02 2.5452382115E-02
20550 8.871995E+03 4.9904496851E-03 4.9904496851E-03 4.9904496851E-03
20600 8.872580E+03 2.0741305859E-03 2.0741305859E-03 2.0741305859E-03
20650 8.873168E+03 0.0000000000E+00 0.0000000000E+00 0.0000000000E+00
20700 8.873761E+03 0.0000000000E+00 0.0000000000E+00 0.0000000000E+00
20750 8.874347E+03 0.0000000000E+00 0.0000000000E+00 0.0000000000E+00
20800 8.874943E+03 4.9904496851E-03 4.9904496851E-03 4.9904496851E-03
20850 8.875538E+03 1.7459017811E-02 1.7459017811E-02 1.7459017811E-02
20900 8.876114E+03 1.2040111229E-02 1.2040111229E-02 1.2040111229E-02
20950 8.876695E+03 0.0000000000E+00 0.0000000000E+00 0.0000000000E+00
21000 8.877265E+03 0.0000000000E+00 1.4998647195E-02 7.4993235977E-03
21050 8.877855E+03 0.0000000000E+00 0.0000000000E+00 0.0000000000E+00
21100 8.878436E+03 7.3524168934E-03 7.3524168934E-03 7.3524168934E-03
21150 8.879029E+03 9.4265474793E-03 9.4265474793E-03 9.4265474793E-03
21200 8.879611E+03 4.9904496851E-03 4.9904496851E-03 4.9904496851E-03
21250 8.880204E+03 0.0000000000E+00 0.0000000000E+00 0.0000000000E+00
21300 8.880795E+03 0.0000000000E+00 0.0000000000E+00 0.0000000000E+00
21350 8.881372E+03 0.0000000000E+00 0.0000000000E+00 0.0000000000E+00
21400 8.881960E+03 0.0000000000E+00 0.0000000000E+00 0.0000000000E+00
21450 8.882546E+03 0.0000000000E+00 0.0000000000E+00 0.0000000000E+00
21500 8.883139E+03 0.0000000000E+00 0.0000000000E+00 0.0000000000E+00
21550 8.883734E+03 0.0000000000E+00 0.0000000000E+00 0.0000000000E+00
21600 8.884332E+03 2.4963647585E-02 2.4963647585E-02 2.4963647585E-02
21650 8.884920E+03 2.8514322140E-02 2.8514322140E-02 2.8514322140E-02
21700 8.885536E+03 6.2201545415E-03 6.2201545415E-03 6.2201545415E-03
21750 8.886123E+03 1.1205103604E-02 1.1205103604E-02 1.1205103604E-02
21800 8.886715E+03 0.0000000000E+00 0.0000000000E+00 0.0000000000E+00
21850 8.887318E+03 0.0000000000E+00 0.0000000000E+00 0.0000000000E+00
21900 8.887930E+03 1.6458614948E-02 1.6458614948E-02 1.6458614948E-02
21950 8.888535E+03 2.0741305859E-03 2.0741305859E-03 2.0741305859E-03
22000 8.889123E+03 2.1961232821E-02 0.0000000000E+00 1.0980616411E-02
22050 8.889712E+03 0.0000000000E+00 0.0000000000E+00 0.0000000000E+00
22100 8.890310E+03 2.5506202334E-02 2.5506202334E-02 2.5506202334E-02
22150 8.890904E+03 0.0000000000E+00 0.0000000000E+00 0.0000000000E+00
22200 8.891485E+03 0.0000000000E+00 0.0000000000E+00 0.0000000000E+00
22250 8.892071E+03 0.0000000000E+00 0.0000000000E+00 0.0000000000E+00
22300 8.892669E+03 2.0741305859E-03 0.0000000000E+00 1.0370652930E-03
22350 8.893260E+03 0.0000000000E+00 0.0000000000E+00 0.0000000000E+00
22400 8.893864E+03 1.9035431191E-02 1.9035431191E-02 1.9035431191E-02
22450 8.894478E+03 3.3414299636E-02 2.7716611966E-02 3.0565455801E-02
22500 8.895079E+03 2.4200673103E-02 2.4200673103E-02 2.4200673103E-02
22550 8.895696E+03 0.0000000000E+00 0.0000000000E+00 0.0000000000E+00
22600 8.896311E+03 0.0000000000E+00 0.0000000000E+00 0.0000000000E+00
22650 8.896929E+03 0.0000000000E+00 0.0000000000E+00 0.0000000000E+00
22700 8.897535E+03 2.0741305859E-03 2.0741305859E-03 2.0741305859E-03
22750 8.898159E+03 0.0000000000E+00 0.0000000000E+00 0.0000000000E+00
22800 8.898766E+03 4.9904496851E-03 0.0000000000E+00 2.4952248425E-03
22850 8.899374E+03 1.4998647195E-02 4.9904496851E-03 9.9945484402E-03
22900 8.899990E+03 3.6310775785E-03 3.6310775785E-03 3.6310775785E-03
22950 8.900609E+03 8.4062047330E-03 8.4062047330E-03 8.4062047330E-03
23000 8.901229E+03 0.0000000000E+00 0.0000000000E+00 0.0000000000E+00
23050 8.901844E+03 0.0000000000E+00 0.0000000000E+00 0.0000000000E+00
23100 8.902451E+03 0.0000000000E+00 0.0000000000E+00 0.0000000000E+00
23150 8.903065E+03 3.6310775785E-03 7.2621551570E-03 5.4466163677E-03
23200 8.903672E+03 0.0000000000E+00 1.6284070986E-02 8.1420354931E-03
23250 8.904314E+03 0.0000000000E+00 0.0000000000E+00 0.0000000000E+00
23300 8.904931E+03 0.0000000000E+00 0.0000000000E+00 0.0000000000E+00
23350 8.905543E+03 0.0000000000E+00 0.0000000000E+00 0.0000000000E+00
23400 8.906163E+03 0.0000000000E+00 0.0000000000E+00 0.0000000000E+00
23450 8.906775E+03 4.1482611718E-03 3.6310775785E-03 3.8896693751E-03
23500 8.907404E+03 4.9904496851E-03 4.9904496851E-03 4.9904496851E-03
23550 8.908029E+03 2.0741305859E-03 2.0741305859E-03 2.0741305859E-03
23600 8.908655E+03 0.0000000000E+00 0.0000000000E+00 0.0000000000E+00
23650 8.909267E+03 0.0000000000E+00 0.0000000000E+00 0.0000000000E+00
23700 8.909874E+03 0.0000000000E+00 0.0000000000E+00 0.0000000000E+00
23750 8.910501E+03 0.0000000000E+00 0.0000000000E+00 0.0000000000E+00
23800 8.911115E+03 0.0000000000E+00 0.0000000000E+00 0.0000000000E+00
23850 8.911751E+03 7.0645802710E-03 4.9904496851E-03 6.0275149780E-03
23900 8.912370E+03 0.0000000000E+00 0.0000000000E+00 0.0000000000E+00
23950 8.912965E+03 0.0000000000E+00 2.0741305859E-03 1.0370652930E-03
24000 8.913581E+03 0.0000000000E+00 0.0000000000E+00 0.0000000000E+00
24050 8.914187E+03 0.0000000000E+00 0.0000000000E+00 0.0000000000E+00
24100 8.914800E+03 0.0000000000E+00 0.0000000000E+00 0.0000000000E+00
24150 8.915402E+03 0.0000000000E+00 0.0000000000E+00 0.0000000000E+00
24200 8.916001E+03 4.9904496851E-03 4.9904496851E-03 4.9904496851E-03
24250 8.916598E+03 2.0741305859E-03 2.0741305859E-03 2.0741305859E-03
24300 8.917206E+03 2.1961232821E-02 0.0000000000E+00 1.0980616411E-02
24350 8.917826E+03 2.8007123640E-02 5.7052081644E-03 1.6856165902E-02
24400 8.918455E+03 2.4768447567E-02 0.0000000000E+00 1.2384223783E-02
24450 8.919077E+03 0.0000000000E+00 3.6310775785E-03 1.8155387892E-03
24500 8.919719E+03 0.0000000000E+00 0.0000000000E+00 0.0000000000E+00
24550 8.920351E+03 1.1205103604E-02 1.1205103604E-02 1.1205103604E-02
24600 8.920982E+03 4.9904496851E-03 3.6310775785E-03 4.3107636318E-03
24650 8.921625E+03 0.0000000000E+00 0.0000000000E+00 0.0000000000E+00
24700 8.922249E+03 2.0741305859E-03 2.0741305859E-03 2.0741305859E-03
24750 8.922870E+03 0.0000000000E+00 0.0000000000E+00 0.0000000000E+00
24800 8.923496E+03 0.0000000000E+00 0.0000000000E+00 0.0000000000E+00
24850 8.924122E+03 0.0000000000E+00 0.0000000000E+00 0.0000000000E+00
24900 8.924740E+03 0.0000000000E+00 0.0000000000E+00 0.0000000000E+00
24950 8.925374E+03 0.0000000000E+00 0.0000000000E+00 0.0000000000E+00
25000 8.926003E+03 0.0000000000E+00 0.0000000000E+00 0.0000000000E+00
25050 8.926631E+03 2.0741305859E-03 0.0000000000E+00 1.0370652930E-03
25100 8.927281E+03 0.0000000000E+00 0.0000000000E+00 0.0000000000E+00
25150 8.927921E+03 3.6310775785E-03 3.6310775785E-03 3.6310775785E-03
25200 8.928559E+03 2.0741305859E-03 2.0741305859E-03 2.0741305859E-03
25250 8.929188E+03 0.0000000000E+00 0.0000000000E+00 0.0000000000E+00
25300 8.929829E+03 2.9121513124E-02 2.9121513124E-02 2.9121513124E-02
25350 8.930451E+03 2.5642481380E-02 2.5642481380E-02 2.5642481380E-02
25400 8.931075E+03 3.6310775785E-03 3.6310775785E-03 3.6310775785E-03
25450 8.931700E+03 0.0000000000E+00 0.0000000000E+00 0.0000000000E+00
25500 8.932340E+03 0.0000000000E+00 0.0000000000E+00 0.0000000000E+00
25550 8.932979E+03 4.9904496851E-03 4.9904496851E-03 4.9904496851E-03
25600 8.933610E+03 0.0000000000E+00 0.0000000000E+00 0.0000000000E+00
25650 8.934235E+03 0.0000000000E+00 0.0000000000E+00 0.0000000000E+00
25700 8.934869E+03 3.6310775785E-03 3.6310775785E-03 3.6310775785E-03
25750 8.935513E+03 0.0000000000E+00 0.0000000000E+00 0.0000000000E+00
25800 8.936147E+03 4.9904496851E-03 4.9904496851E-03 4.9904496851E-03
25850 8.936777E+03 0.0000000000E+00 0.0000000000E+00 0.0000000000E+00
25900 8.937408E+03 0.0000000000E+00 0.0000000000E+00 0.0000000000E+00
25950 8.938038E+03 1.0324791184E-02 0.0000000000E+00 5.1623955921E-03
26000 8.938663E+03 2.0741305859E-03 2.0741305859E-03 2.0741305859E-03
26050 8.939292E+03 0.0000000000E+00 0.0000000000E+00 0.0000000000E+00
26100 8.939947E+03 2.5068835528E-02 2.5068835528E-02 2.5068835528E-02
26150 8.940584E+03 0.0000000000E+00 0.0000000000E+00 0.0000000000E+00
26200 8.941220E+03 0.0000000000E+00 0.0000000000E+00 0.0000000000E+00
26250 8.941838E+03 0.0000000000E+00 0.0000000000E+00 0.0000000000E+00
26300 8.942455E+03 0.0000000000E+00 0.0000000000E+00 0.0000000000E+00
26350 8.943105E+03 2.0741305859E-03 0.0000000000E+00 1.0370652930E-03
26400 8.943738E+03 0.0000000000E+00 0.0000000000E+00 0.0000000000E+00
26450 8.944353E+03 0.0000000000E+00 0.0000000000E+00 0.0000000000E+00
26500 8.944978E+03 0.0000000000E+00 0.0000000000E+00 0.0000000000E+00
26550 8.945611E+03 1.1205103604E-02 1.1205103604E-02 1.1205103604E-02
26600 8.946223E+03 0.0000000000E+00 0.0000000000E+00 0.0000000000E+00
26650 8.946865E+03 1.3025112256E-02 1.3025112256E-02 1.3025112256E-02
26700 8.947490E+03 0.0000000000E+00 0.0000000000E+00 0.0000000000E+00
26750 8.948111E+03 2.0741305859E-03 2.0741305859E-03 2.0741305859E-03
26800 8.948739E+03 0.0000000000E+00 0.0000000000E+00 0.0000000000E+00
26850 8.949380E+03 3.6310775785E-03 3.6310775785E-03 3.6310775785E-03
26900 8.949998E+03 0.0000000000E+00 0.0000000000E+00 0.0000000000E+00
26950 8.950638E+03 0.0000000000E+00 0.0000000000E+00 0.0000000000E+00
27000 8.951259E+03 2.0741305859E-03 2.0741305859E-03 2.0741305859E-03
27050 8.951886E+03 0.0000000000E+00 0.0000000000E+00 0.0000000000E+00
27100 8.952512E+03 0.0000000000E+00 4.9904496851E-03 2.4952248425E-03
27150 8.953142E+03 1.4998647195E-02 0.0000000000E+00 7.4993235977E-03
27200 8.953784E+03 1.2833901848E-02 1.2833901848E-02 1.2833901848E-02
27250 8.954418E+03 0.0000000000E+00 0.0000000000E+00 0.0000000000E+00
27300 8.955030E+03 2.0741305859E-03 4.1482611718E-03 3.1111958789E-03
27350 8.955656E+03 0.0000000000E+00 0.0000000000E+00 0.0000000000E+00
27400 8.956304E+03 0.0000000000E+00 0.0000000000E+00 0.0000000000E+00
27450 8.956930E+03 0.0000000000E+00 0.0000000000E+00 0.0000000000E+00
27500 8.957578E+03 0.0000000000E+00 0.0000000000E+00 0.0000000000E+00
27550 8.958210E+03 0.0000000000E+00 0.0000000000E+00 0.0000000000E+00
27600 8.958834E+03 0.0000000000E+00 0.0000000000E+00 0.0000000000E+00
27650 8.959468E+03 0.0000000000E+00 0.0000000000E+00 0.0000000000E+00
27700 8.960100E+03 0.0000000000E+00 0.0000000000E+00 0.0000000000E+00
27750 8.960744E+03 2.4594967630E-02 2.4594967630E-02 2.4594967630E-02
27800 8.961383E+03 0.0000000000E+00 0.0000000000E+00 0.0000000000E+00
27850 8.962032E+03 0.0000000000E+00 2.5307960223E-02 1.2653980112E-02
27900 8.962671E+03 2.0741305859E-03 2.0741305859E-03 2.0741305859E-03
27950 8.963307E+03 0.0000000000E+00 0.0000000000E+00 0.0000000000E+00
28000 8.963940E+03 1.2040111229E-02 1.2040111229E-02 1.2040111229E-02
28050 8.964567E+03 2.4035363407E-02 2.4035363407E-02 2.4035363407E-02
28100 8.965187E+03 5.0239658824E-02 2.7615054255E-02 3.8927356539E-02
28150 8.965817E+03 2.0741305859E-03 2.0741305859E-03 2.0741305859E-03
28200 8.966442E+03 0.0000000000E+00 0.0000000000E+00 0.0000000000E+00
28250 8.967053E+03 0.0000000000E+00 0.0000000000E+00 0.0000000000E+00
28300 8.967680E+03 0.0000000000E+00 0.0000000000E+00 0.0000000000E+00
28350 8.968299E+03 0.0000000000E+00 0.0000000000E+00 0.0000000000E+00
28400 8.968916E+03 7.3524168934E-03 7.3524168934E-03 7.3524168934E-03
28450 8.969542E+03 0.0000000000E+00 0.0000000000E+00 0.0000000000E+00
28500 8.970161E+03 0.0000000000E+00 0.0000000000E+00 0.0000000000E+00
28550 8.970778E+03 0.0000000000E+00 0.0000000000E+00 0.0000000000E+00
28600 8.971393E+03 0.0000000000E+00 0.0000000000E+00 0.0000000000E+00
28650 8.972007E+03 0.0000000000E+00 0.0000000000E+00 0.0000000000E+00
28700 8.972628E+03 9.8512321200E-03 9.8512321200E-03 9.8512321200E-03
28750 8.973243E+03 8.4062047330E-03 8.4062047330E-03 8.4062047330E-03
28800 8.973867E+03 2.3742052957E-02 2.3742052957E-02 2.3742052957E-02
28850 8.974478E+03 0.0000000000E+00 0.0000000000E+00 0.0000000000E+00
28900 8.975095E+03 1.4310619395E-02 0.0000000000E+00 7.1553096975E-03
28950 8.975734E+03 2.5068835528E-02 0.0000000000E+00 1.2534417764E-02
29000 8.976373E+03 1.1205103604E-02 0.0000000000E+00 5.6025518022E-03
29050 8.976993E+03 2.0741305859E-03 2.0741305859E-03 2.0741305859E-03
29100 8.977632E+03 0.0000000000E+00 0.0000000000E+00 0.0000000000E+00
29150 8.978252E+03 2.0741305859E-03 2.0741305859E-03 2.0741305859E-03
29200 8.978884E+03 0.0000000000E+00 0.0000000000E+00 0.0000000000E+00
29250 8.979524E+03 0.0000000000E+00 0.0000000000E+00 0.0000000000E+00
29300 8.980138E+03 0.0000000000E+00 1.1205103604E-02 5.6025518022E-03
29350 8.980761E+03 0.0000000000E+00 0.0000000000E+00 0.0000000000E+00
29400 8.981388E+03 0.0000000000E+00 4.9904496851E-03 2.4952248425E-03
29450 8.982019E+03 0.0000000000E+00 0.0000000000E+00 0.0000000000E+00
29500 8.982663E+03 0.0000000000E+00 0.0000000000E+00 0.0000000000E+00
29550 8.983307E+03 0.0000000000E+00 0.0000000000E+00 0.0000000000E+00
29600 8.983933E+03 0.0000000000E+00 0.0000000000E+00 0.0000000000E+00
29650 8.984556E+03 0.0000000000E+00 0.0000000000E+00 0.0000000000E+00
29700 8.985188E+03 0.0000000000E+00 0.0000000000E+00 0.0000000000E+00
29750 8.985813E+03 0.0000000000E+00 6.2201545415E-03 3.1100772708E-03
29800 8.986440E+03 0.0000000000E+00 0.0000000000E+00 0.0000000000E+00
29850 8.987068E+03 0.0000000000E+00 0.0000000000E+00 0.0000000000E+00
29900 8.987694E+03 0.0000000000E+00 0.0000000000E+00 0.0000000000E+00
29950 8.988329E+03 0.0000000000E+00 0.0000000000E+00 0.0000000000E+00
30000 8.988955E+03 4.9904496851E-03 1.3589814990E-02 9.2901323374E-03
30050 8.989570E+03 6.2201545415E-03 0.0000000000E+00 3.1100772708E-03
30100 8.990189E+03 0.0000000000E+00 0.0000000000E+00 0.0000000000E+00
30150 8.990806E+03 0.0000000000E+00 0.0000000000E+00 0.0000000000E+00
30200 8.991419E+03 0.0000000000E+00 0.0000000000E+00 0.0000000000E+00
30250 8.992050E+03 2.3488096440E-02 2.3488096440E-02 2.3488096440E-02
30300 8.992686E+03 2.0741305859E-03 8.2942851274E-03 5.1842078567E-03
30350 8.993332E+03 0.0000000000E+00 0.0000000000E+00 0.0000000000E+00
30400 8.993942E+03 0.0000000000E+00 0.0000000000E+00 0.0000000000E+00
30450 8.994570E+03 3.6310775785E-03 3.6310775785E-03 3.6310775785E-03
30500 8.995202E+03 0.0000000000E+00 0.0000000000E+00 0.0000000000E+00
30550 8.995819E+03 2.0741305859E-03 2.0741305859E-03 2.0741305859E-03
30600 8.996441E+03 0.0000000000E+00 0.0000000000E+00 0.0000000000E+00
30650 8.997083E+03 3.6310775785E-03 3.6310775785E-03 3.6310775785E-03
30700 8.997698E+03 0.0000000000E+00 0.0000000000E+00 0.0000000000E+00
30750 8.998350E+03 0.0000000000E+00 0.0000000000E+00 0.0000000000E+00
30800 8.998986E+03 0.0000000000E+00 0.0000000000E+00 0.0000000000E+00
30850 8.999623E+03 0.0000000000E+00 0.0000000000E+00 0.0000000000E+00
30900 9.000255E+03 0.0000000000E+00 0.0000000000E+00 0.0000000000E+00
30950 9.000876E+03 0.0000000000E+00 0.0000000000E+00 0.0000000000E+00
31000 9.001504E+03 0.0000000000E+00 0.0000000000E+00 0.0000000000E+00
31050 9.002124E+03 0.0000000000E+00 0.0000000000E+00 0.0000000000E+00
31100 9.002752E+03 2.0741305859E-03 2.0741305859E-03 2.0741305859E-03
31150 9.003377E+03 0.0000000000E+00 0.0000000000E+00 0.0000000000E+00
31200 9.003987E+03 8.4062047330E-03 8.4062047330E-03 8.4062047330E-03
31250 9.004608E+03 0.0000000000E+00 1.2833901848E-02 6.4169509240E-03
31300 9.005220E+03 0.0000000000E+00 0.0000000000E+00 0.0000000000E+00
31350 9.005849E+03 3.6310775785E-03 3.6310775785E-03 3.6310775785E-03
31400 9.006481E+03 0.0000000000E+00 0.0000000000E+00 0.0000000000E+00
31450 9.007099E+03 0.0000000000E+00 0.0000000000E+00 0.0000000000E+00
31500 9.007723E+03 0.0000000000E+00 0.0000000000E+00 0.0000000000E+00
31550 9.008365E+03 0.0000000000E+00 0.0000000000E+00 0.0000000000E+00
31600 9.008981E+03 2.0741305859E-03 2.0741305859E-03 2.0741305859E-03
31650 9.009604E+03 0.0000000000E+00 0.0000000000E+00 0.0000000000E+00
31700 9.010220E+03 0.0000000000E+00 1.1205103604E-02 5.6025518022E-03
31750 9.010845E+03 0.0000000000E+00 0.0000000000E+00 0.0000000000E+00
31800 9.011476E+03 3.6310775785E-03 0.0000000000E+00 1.8155387892E-03
31850 9.012107E+03 0.0000000000E+00 0.0000000000E+00 0.0000000000E+00
31900 9.012725E+03 1.5655891404E-02 0.0000000000E+00 7.8279457021E-03
31950 9.013341E+03 0.0000000000E+00 0.0000000000E+00 0.0000000000E+00
32000 9.013982E+03 1.7824351533E-02 1.7692764953E-02 1.7758558243E-02
32050 9.014608E+03 0.0000000000E+00 2.0827227996E-02 1.0413613998E-02
32100 9.015236E+03 0.0000000000E+00 0.0000000000E+00 0.0000000000E+00
32150 9.015848E+03 0.0000000000E+00 0.0000000000E+00 0.0000000000E+00
32200 9.016491E+03 0.0000000000E+00 0.0000000000E+00 0.0000000000E+00
32250 9.017107E+03 0.0000000000E+00 0.0000000000E+00 0.0000000000E+00
32300 9.017715E+03 0.0000000000E+00 0.0000000000E+00 0.0000000000E+00
32350 9.018338E+03 0.0000000000E+00 0.0000000000E+00 0.0000000000E+00
32400 9.018959E+03 1.3589814990E-02 1.3589814990E-02 1.3589814990E-02
32450 9.019577E+03 1.1468165263E-02 1.1468165263E-02 1.1468165263E-02
32500 9.020206E+03 0.0000000000E+00 0.0000000000E+00 0.0000000000E+00
32550 9.020828E+03 0.0000000000E+00 0.0000000000E+00 0.0000000000E+00
32600 9.021445E+03 0.0000000000E+00 0.0000000000E+00 0.0000000000E+00
32650 9.022087E+03 0.0000000000E+00 0.0000000000E+00 0.0000000000E+00
32700 9.022737E+03 0.0000000000E+00 0.0000000000E+00 0.0000000000E+00
32750 9.023367E+03 7.0645802710E-03 1.2055029956E-02 9.5598051135E-03
32800 9.023983E+03 1.1205103604E-02 1.1205103604E-02 1.1205103604E-02
32850 9.024618E+03 0.0000000000E+00 0.0000000000E+00 0.0000000000E+00
32900 9.025251E+03 0.0000000000E+00 0.0000000000E+00 0.0000000000E+00
32950 9.025886E+03 0.0000000000E+00 0.0000000000E+00 0.0000000000E+00
33000 9.026489E+03 4.9904496851E-03 4.9904496851E-03 4.9904496851E-03
33050 9.027118E+03 2.4768447567E-02 2.4768447567E-02 2.4768447567E-02
33100 9.027731E+03 0.0000000000E+00 0.0000000000E+00 0.0000000000E+00
33150 9.028341E+03 3.6310775785E-03 3.6310775785E-03 3.6310775785E-03
33200 9.028942E+03 1.6284070986E-02 2.0345191956E-02 1.8314631471E-02
33250 9.029557E+03 0.0000000000E+00 0.0000000000E+00 0.0000000000E+00
33300 9.030173E+03 6.2201545415E-03 6.2201545415E-03 6.2201545415E-03
33350 9.030785E+03 0.0000000000E+00 4.9904496851E-03 2.4952248425E-03
33400 9.031389E+03 3.6310775785E-03 3.6310775785E-03 3.6310775785E-03
33450 9.032010E+03 2.0741305859E-03 8.2942851274E-03 5.1842078567E-03
33500 9.032623E+03 0.0000000000E+00 0.0000000000E+00 0.0000000000E+00
33550 9.033245E+03 0.0000000000E+00 0.0000000000E+00 0.0000000000E+00
33600 9.033860E+03 2.0741305859E-03 0.0000000000E+00 1.0370652930E-03
33650 9.034480E+03 0.0000000000E+00 0.0000000000E+00 0.0000000000E+00
33700 9.035087E+03 0.0000000000E+00 0.0000000000E+00 0.0000000000E+00
33750 9.035698E+03 0.0000000000E+00 9.3940346771E-03 4.6970173385E-03
33800 9.036303E+03 0.0000000000E+00 2.9117700605E-02 1.4558850303E-02
33850 9.036918E+03 0.0000000000E+00 0.0000000000E+00 0.0000000000E+00
33900 9.037543E+03 0.0000000000E+00 0.0000000000E+00 0.0000000000E+00
33950 9.038164E+03 0.0000000000E+00 0.0000000000E+00 0.0000000000E+00
34000 9.038780E+03 0.0000000000E+00 0.0000000000E+00 0.0000000000E+00
34050 9.039403E+03 2.0741305859E-03 2.0741305859E-03 2.0741305859E-03
34100 9.040035E+03 0.0000000000E+00 0.0000000000E+00 0.0000000000E+00
34150 9.040659E+03 0.0000000000E+00 0.0000000000E+00 0.0000000000E+00
34200 9.041287E+03 0.0000000000E+00 0.0000000000E+00 0.0000000000E+00
34250 9.041923E+03 4.9904496851E-03 2.4025880876E-02 1.4508165280E-02
34300 9.042538E+03 0.0000000000E+00 0.0000000000E+00 0.0000000000E+00
34350 9.043169E+03 0.0000000000E+00 0.0000000000E+00 0.0000000000E+00
34400 9.043797E+03 4.9904496851E-03 4.9904496851E-03 4.9904496851E-03
34450 9.044415E+03 0.0000000000E+00 3.6310775785E-03 1.8155387892E-03
34500 9.045033E+03 2.0741305859E-03 2.0741305859E-03 2.0741305859E-03
34550 9.045651E+03 0.0000000000E+00 0.0000000000E+00 0.0000000000E+00
34600 9.046252E+03 0.0000000000E+00 0.0000000000E+00 0.0000000000E+00
34650 9.046874E+03 0.0000000000E+00 0.0000000000E+00 0.0000000000E+00
34700 9.047505E+03 0.0000000000E+00 0.0000000000E+00 0.0000000000E+00
34750 9.048151E+03 0.0000000000E+00 0.0000000000E+00 0.0000000000E+00
34800 9.048780E+03 0.0000000000E+00 0.0000000000E+00 0.0000000000E+00
34850 9.049406E+03 0.0000000000E+00 0.0000000000E+00 0.0000000000E+00
34900 9.050024E+03 2.1602178271E-02 2.1602178271E-02 2.1602178271E-02
34950 9.050632E+03 0.0000000000E+00 0.0000000000E+00 0.0000000000E+00
35000 9.051240E+03 0.0000000000E+00 0.0000000000E+00 0.0000000000E+00
35050 9.051845E+03 1.9301069080E-02 1.4310619395E-02 1.6805844238E-02
35100 9.052452E+03 2.0741305859E-03 2.0741305859E-03 2.0741305859E-03
35150 9.053058E+03 0.0000000000E+00 8.4062047330E-03 4.2031023665E-03
35200 9.053669E+03 0.0000000000E+00 0.0000000000E+00 0.0000000000E+00
35250 9.054287E+03 0.0000000000E+00 0.0000000000E+00 0.0000000000E+00
35300 9.054895E+03 1.8008257863E-02 1.8008257863E-02 1.8008257863E-02
35350 9.055488E+03 0.0000000000E+00 0.0000000000E+00 0.0000000000E+00
35400 9.056083E+03 0.0000000000E+00 0.0000000000E+00 0.0000000000E+00
35450 9.056684E+03 0.0000000000E+00 0.0000000000E+00 0.0000000000E+00
35500 9.057294E+03 0.0000000000E+00 0.0000000000E+00 0.0000000000E+00
35550 9.057895E+03 0.0000000000E+00 0.0000000000E+00 0.0000000000E+00
35600 9.058517E+03 0.0000000000E+00 1.8533422770E-02 9.2667113852E-03
35650 9.059109E+03 2.0741305859E-03 2.4035363407E-02 1.3054746996E-02
35700 9.059723E+03 0.0000000000E+00 0.0000000000E+00 0.0000000000E+00
35750 9.060352E+03 2.0741305859E-03 0.0000000000E+00 1.0370652930E-03
35800 9.060950E+03 0.0000000000E+00 0.0000000000E+00 0.0000000000E+00
35850 9.061555E+03 0.0000000000E+00 0.0000000000E+00 0.0000000000E+00
35900 9.062165E+03 1.6884675070E-02 1.6884675070E-02 1.6884675070E-02
35950 9.062765E+03 2.2301915476E-02 2.2301915476E-02 2.2301915476E-02
36000 9.063373E+03 1.0480335319E-02 8.4062047330E-03 9.4432700260E-03
36050 9.063986E+03 2.5255585732E-02 2.5255585732E-02 2.5255585732E-02
36100 9.064590E+03 2.4405766240E-02 2.6479896826E-02 2.5442831533E-02
36150 9.065193E+03 2.7920103972E-02 2.7920103972E-02 2.7920103972E-02
36200 9.065793E+03 0.0000000000E+00 0.0000000000E+00 0.0000000000E+00
36250 9.066391E+03 0.0000000000E+00 0.0000000000E+00 0.0000000000E+00
36300 9.067012E+03 0.0000000000E+00 0.0000000000E+00 0.0000000000E+00
36350 9.067623E+03 0.0000000000E+00 3.6310775785E-03 1.8155387892E-03
36400 9.068212E+03 0.0000000000E+00 0.0000000000E+00 0.0000000000E+00
36450 9.068835E+03 0.0000000000E+00 0.0000000000E+00 0.0000000000E+00
36500 9.069428E+03 2.0741305859E-03 2.0741305859E-03 2.0741305859E-03
36550 9.070037E+03 0.0000000000E+00 0.0000000000E+00 0.0000000000E+00
36600 9.070658E+03 0.0000000000E+00 0.0000000000E+00 0.0000000000E+00
36650 9.071258E+03 0.0000000000E+00 3.6310775785E-03 1.8155387892E-03
36700 9.071870E+03 2.0741305859E-03 2.0741305859E-03 2.0741305859E-03
36750 9.072474E+03 0.0000000000E+00 0.0000000000E+00 0.0000000000E+00
36800 9.073098E+03 0.0000000000E+00 3.6310775785E-03 1.8155387892E-03
36850 9.073695E+03 0.0000000000E+00 1.4998647195E-02 7.4993235977E-03
36900 9.074305E+03 2.0741305859E-03 9.3940346771E-03 5.7340826315E-03
36950 9.074901E+03 0.0000000000E+00 0.0000000000E+00 0.0000000000E+00
37000 9.075507E+03 2.3742052957E-02 2.3742052957E-02 2.3742052957E-02
37050 9.076120E+03 5.7052081644E-03 5.7052081644E-03 5.7052081644E-03
37100 9.076723E+03 0.0000000000E+00 0.0000000000E+00 0.0000000000E+00
37150 9.077341E+03 0.0000000000E+00 0.0000000000E+00 0.0000000000E+00
37200 9.077967E+03 0.0000000000E+00 0.0000000000E+00 0.0000000000E+00
37250 9.078578E+03 1.3025112256E-02 1.3025112256E-02 1.3025112256E-02
37300 9.079184E+03 0.0000000000E+00 0.0000000000E+00 0.0000000000E+00
37350 9.079782E+03 2.0741305859E-03 2.0741305859E-03 2.0741305859E-03
37400 9.080395E+03 8.2942851274E-03 2.5753302938E-02 1.7023794033E-02
37450 9.081005E+03 2.0741305859E-03 2.0741305859E-03 2.0741305859E-03
37500 9.081627E+03 3.6310775785E-03 3.6310775785E-03 3.6310775785E-03
37550 9.082224E+03 8.4062047330E-03 8.4062047330E-03 8.4062047330E-03
37600 9.082855E+03 4.8509636808E-02 4.8509636808E-02 4.8509636808E-02
37650 9.083477E+03 4.8606439343E-02 4.8606439343E-02 4.8606439343E-02
37700 9.084113E+03 0.0000000000E+00 0.0000000000E+00 0.0000000000E+00
37750 9.084709E+03 0.0000000000E+00 2.0741305859E-03 1.0370652930E-03
37800 9.085317E+03 1.2040111229E-02 1.2040111229E-02 1.2040111229E-02
37850 9.085917E+03 0.0000000000E+00 8.4062047330E-03 4.2031023665E-03
37900 9.086517E+03 0.0000000000E+00 0.0000000000E+00 0.0000000000E+00
37950 9.087121E+03 2.5553471159E-02 2.5553471159E-02 2.5553471159E-02
38000 9.087730E+03 0.0000000000E+00 0.0000000000E+00 0.0000000000E+00
38050 9.088324E+03 0.0000000000E+00 0.0000000000E+00 0.0000000000E+00
38100 9.088940E+03 6.2201545415E-03 6.2201545415E-03 6.2201545415E-03
38150 9.089544E+03 0.0000000000E+00 0.0000000000E+00 0.0000000000E+00
38200 9.090152E+03 0.0000000000E+00 0.0000000000E+00 0.0000000000E+00
38250 9.090768E+03 2.0741305859E-03 2.0741305859E-03 2.0741305859E-03
38300 9.091369E+03 2.0741305859E-03 2.0741305859E-03 2.0741305859E-03
38350 9.091977E+03 3.6310775785E-03 0.0000000000E+00 1.8155387892E-03
38400 9.092570E+03 0.0000000000E+00 0.0000000000E+00 0.0000000000E+00
38450 9.093183E+03 7.3524168934E-03 0.0000000000E+00 3.6762084467E-03
38500 9.093781E+03 0.0000000000E+00 0.0000000000E+00 0.0000000000E+00
38550 9.094373E+03 0.0000000000E+00 0.0000000000E+00 0.0000000000E+00
38600 9.094969E+03 0.0000000000E+00 0.0000000000E+00 0.0000000000E+00
38650 9.095572E+03 8.6215272635E-03 8.6215272635E-03 8.6215272635E-03
38700 9.096173E+03 0.0000000000E+00 0.0000000000E+00 0.0000000000E+00
38750 9.096773E+03 0.0000000000E+00 0.0000000000E+00 0.0000000000E+00
38800 9.097375E+03 4.9904496851E-03 4.9904496851E-03 4.9904496851E-03
38850 9.097987E+03 2.5562227026E-02 2.7636357612E-02 2.6599292319E-02
38900 9.098584E+03 0.0000000000E+00 0.0000000000E+00 0.0000000000E+00
38950 9.099190E+03 8.4062047330E-03 8.4062047330E-03 8.4062047330E-03
39000 9.099813E+03 0.0000000000E+00 0.0000000000E+00 0.0000000000E+00
39050 9.100440E+03 2.0741305859E-03 2.0741305859E-03 2.0741305859E-03
39100 9.101041E+03 0.0000000000E+00 0.0000000000E+00 0.0000000000E+00
39150 9.101656E+03 3.6310775785E-03 3.6310775785E-03 3.6310775785E-03
39200 9.102268E+03 0.0000000000E+00 0.0000000000E+00 0.0000000000E+00
39250 9.102880E+03 0.0000000000E+00 0.0000000000E+00 0.0000000000E+00
39300 9.103482E+03 0.0000000000E+00 0.0000000000E+00 0.0000000000E+00
39350 9.104090E+03 2.5642481380E-02 0.0000000000E+00 1.2821240690E-02
39400 9.104688E+03 1.0324791184E-02 0.0000000000E+00 5.1623955921E-03
39450 9.105295E+03 2.0741305859E-03 2.0741305859E-03 2.0741305859E-03
39500 9.105899E+03 8.4062047330E-03 8.4062047330E-03 8.4062047330E-03
39550 9.106503E+03 3.6310775785E-03 3.6310775785E-03 3.6310775785E-03
39600 9.107105E+03 2.0446315962E-02 8.4062047330E-03 1.4426260348E-02
39650 9.107702E+03 2.0741305859E-03 2.0741305859E-03 2.0741305859E-03
39700 9.108297E+03 3.6310775785E-03 3.6310775785E-03 3.6310775785E-03
39750 9.108915E+03 3.6310775785E-03 3.6310775785E-03 3.6310775785E-03
39800 9.109538E+03 0.0000000000E+00 0.0000000000E+00 0.0000000000E+00
39850 9.110155E+03 0.0000000000E+00 0.0000000000E+00 0.0000000000E+00
39900 9.110754E+03 3.6310775785E-03 3.6310775785E-03 3.6310775785E-03
39950 9.111357E+03 2.0741305859E-03 2.0741305859E-03 2.0741305859E-03
40000 9.111966E+03 0.0000000000E+00 0.0000000000E+00 0.0000000000E+00
40050 9.112573E+03 0.0000000000E+00 0.0000000000E+00 0.0000000000E+00
40100 9.113169E+03 0.0000000000E+00 0.0000000000E+00 0.0000000000E+00
40150 9.113759E+03 0.0000000000E+00 0.0000000000E+00 0.0000000000E+00
40200 9.114368E+03 2.7716611966E-02 2.0741305859E-03 1.4895371276E-02
40250 9.114974E+03 1.0324791184E-02 1.0324791184E-02 1.0324791184E-02
40300 9.115570E+03 7.3524168934E-03 7.3524168934E-03 7.3524168934E-03
40350 9.116169E+03 1.7030560914E-02 1.7030560914E-02 1.7030560914E-02
40400 9.116784E+03 0.0000000000E+00 0.0000000000E+00 0.0000000000E+00
40450 9.117387E+03 2.9236489947E-02 0.0000000000E+00 1.4618244973E-02
40500 9.117985E+03 2.5404807197E-02 3.6310775785E-03 1.4517942388E-02
40550 9.118589E+03 0.0000000000E+00 0.0000000000E+00 0.0000000000E+00
40600 9.119197E+03 0.0000000000E+00 0.0000000000E+00 0.0000000000E+00
40650 9.119783E+03 8.4062047330E-03 8.4062047330E-03 8.4062047330E-03
40700 9.120377E+03 0.0000000000E+00 0.0000000000E+00 0.0000000000E+00
40750 9.120968E+03 2.0741305859E-03 2.0741305859E-03 2.0741305859E-03
40800 9.121551E+03 0.0000000000E+00 0.0000000000E+00 0.0000000000E+00
40850 9.122158E+03 3.2316064478E-02 7.3524168934E-03 1.9834240686E-02
40900 9.122749E+03 0.0000000000E+00 0.0000000000E+00 0.0000000000E+00
40950 9.123341E+03 0.0000000000E+00 0.0000000000E+00 0.0000000000E+00
41000 9.123925E+03 0.0000000000E+00 0.0000000000E+00 0.0000000000E+00
41050 9.124531E+03 4.1482611718E-03 2.0741305859E-03 3.1111958789E-03
41100 9.125149E+03 8.4062047330E-03 1.2037282312E-02 1.0221743522E-02
41150 9.125760E+03 0.0000000000E+00 0.0000000000E+00 0.0000000000E+00
41200 9.126393E+03 0.0000000000E+00 0.0000000000E+00 0.0000000000E+00
41250 9.127011E+03 0.0000000000E+00 0.0000000000E+00 0.0000000000E+00
41300 9.127648E+03 0.0000000000E+00 0.0000000000E+00 0.0000000000E+00
41350 9.128289E+03 0.0000000000E+00 0.0000000000E+00 0.0000000000E+00
41400 9.128930E+03 0.0000000000E+00 0.0000000000E+00 0.0000000000E+00
41450 9.129563E+03 0.0000000000E+00 0.0000000000E+00 0.0000000000E+00
41500 9.130195E+03 2.8827078799E-02 3.3817528484E-02 3.1322303642E-02
41550 9.130831E+03 0.0000000000E+00 0.0000000000E+00 0.0000000000E+00
41600 9.131435E+03 7.3524168934E-03 7.3524168934E-03 7.3524168934E-03
41650 9.132064E+03 2.0741305859E-03 2.0741305859E-03 2.0741305859E-03
41700 9.132681E+03 0.0000000000E+00 0.0000000000E+00 0.0000000000E+00
41750 9.133315E+03 0.0000000000E+00 0.0000000000E+00 0.0000000000E+00
41800 9.133959E+03 0.0000000000E+00 0.0000000000E+00 0.0000000000E+00
41850 9.134578E+03 0.0000000000E+00 0.0000000000E+00 0.0000000000E+00
41900 9.135185E+03 2.0741305859E-03 0.0000000000E+00 1.0370652930E-03
41950 9.135803E+03 0.0000000000E+00 0.0000000000E+00 0.0000000000E+00
42000 9.136449E+03 2.2929654287E-02 0.0000000000E+00 1.1464827143E-02
42050 9.137073E+03 2.4768447567E-02 0.0000000000E+00 1.2384223783E-02
42100 9.137688E+03 1.6884675070E-02 0.0000000000E+00 8.4423375350E-03
42150 9.138318E+03 2.0741305859E-03 0.0000000000E+00 1.0370652930E-03
42200 9.138943E+03 7.3524168934E-03 7.3524168934E-03 7.3524168934E-03
42250 9.139565E+03 0.0000000000E+00 0.0000000000E+00 0.0000000000E+00
42300 9.140186E+03 1.7425258146E-02 1.1205103604E-02 1.4315180875E-02
42350 9.140828E+03 1.3396654418E-02 1.3396654418E-02 1.3396654418E-02
42400 9.141427E+03 6.2201545415E-03 6.2201545415E-03 6.2201545415E-03
42450 9.142047E+03 3.3409989606E-02 3.3409989606E-02 3.3409989606E-02
42500 9.142682E+03 0.0000000000E+00 0.0000000000E+00 0.0000000000E+00
42550 9.143300E+03 6.2201545415E-03 6.2201545415E-03 6.2201545415E-03
42600 9.143913E+03 0.0000000000E+00 0.0000000000E+00 0.0000000000E+00
42650 9.144524E+03 0.0000000000E+00 0.0000000000E+00 0.0000000000E+00
42700 9.145131E+03 0.0000000000E+00 0.0000000000E+00 0.0000000000E+00
42750 9.145746E+03 0.0000000000E+00 0.0000000000E+00 0.0000000000E+00
42800 9.146364E+03 2.0741305859E-03 2.0741305859E-03 2.0741305859E-03
42850 9.146980E+03 0.0000000000E+00 2.0741305859E-03 1.0370652930E-03
42900 9.147584E+03 3.6310775785E-03 3.6310775785E-03 3.6310775785E-03
42950 9.148173E+03 0.0000000000E+00 0.0000000000E+00 0.0000000000E+00
43000 9.148774E+03 0.0000000000E+00 0.0000000000E+00 0.0000000000E+00
43050 9.149369E+03 0.0000000000E+00 0.0000000000E+00 0.0000000000E+00
43100 9.149990E+03 0.0000000000E+00 0.0000000000E+00 0.0000000000E+00
43150 9.150613E+03 0.0000000000E+00 0.0000000000E+00 0.0000000000E+00
43200 9.151207E+03 1.9515110718E-02 1.9515110718E-02 1.9515110718E-02
43250 9.151825E+03 0.0000000000E+00 0.0000000000E+00 0.0000000000E+00
43300 9.152423E+03 0.0000000000E+00 0.0000000000E+00 0.0000000000E+00
43350 9.153012E+03 3.6310775785E-03 3.6310775785E-03 3.6310775785E-03
43400 9.153607E+03 0.0000000000E+00 0.0000000000E+00 0.0000000000E+00
43450 9.154216E+03 4.9904496851E-03 4.9904496851E-03 4.9904496851E-03
43500 9.154827E+03 0.0000000000E+00 0.0000000000E+00 0.0000000000E+00
43550 9.155430E+03 0.0000000000E+00 0.0000000000E+00 0.0000000000E+00
43600 9.156038E+03 1.9499388732E-02 1.3279234190E-02 1.6389311461E-02
43650 9.156651E+03 0.0000000000E+00 0.0000000000E+00 0.0000000000E+00
43700 9.157267E+03 0.0000000000E+00 0.0000000000E+00 0.0000000000E+00
43750 9.157876E+03 0.0000000000E+00 3.6310775785E-03 1.8155387892E-03
43800 9.158485E+03 0.0000000000E+00 0.0000000000E+00 0.0000000000E+00
43850 9.159101E+03 0.0000000000E+00 0.0000000000E+00 0.0000000000E+00
43900 9.159706E+03 0.0000000000E+00 0.0000000000E+00 0.0000000000E+00
43950 9.160333E+03 0.0000000000E+00 0.0000000000E+00 0.0000000000E+00
44000 9.160956E+03 0.0000000000E+00 0.0000000000E+00 0.0000000000E+00
44050 9.161582E+03 0.0000000000E+00 0.0000000000E+00 0.0000000000E+00
44100 9.162195E+03 2.0082388448E-02 2.0741305859E-03 1.1078259517E-02
44150 9.162808E+03 0.0000000000E+00 0.0000000000E+00 0.0000000000E+00
44200 9.163420E+03 2.0741305859E-03 2.0741305859E-03 2.0741305859E-03
44250 9.164028E+03 1.6201053912E-02 1.6201053912E-02 1.6201053912E-02
44300 9.164633E+03 0.0000000000E+00 0.0000000000E+00 0.0000000000E+00
44350 9.165246E+03 0.0000000000E+00 0.0000000000E+00 0.0000000000E+00
44400 9.165850E+03 0.0000000000E+00 0.0000000000E+00 0.0000000000E+00
44450 9.166460E+03 2.0741305859E-03 2.0741305859E-03 2.0741305859E-03
44500 9.167078E+03 0.0000000000E+00 0.0000000000E+00 0.0000000000E+00
44550 9.167676E+03 0.0000000000E+00 0.0000000000E+00 0.0000000000E+00
44600 9.168283E+03 2.7478937783E-02 2.7478937783E-02 2.7478937783E-02
44650 9.168885E+03 2.5486623027E-02 2.5486623027E-02 2.5486623027E-02
44700 9.169482E+03 9.3940346771E-03 9.3940346771E-03 9.3940346771E-03
44750 9.170088E+03 2.0741305859E-03 2.0741305859E-03 2.0741305859E-03
44800 9.170694E+03 0.0000000000E+00 0.0000000000E+00 0.0000000000E+00
44850 9.171291E+03 3.6310775785E-03 3.6310775785E-03 3.6310775785E-03
44900 9.171903E+03 0.0000000000E+00 0.0000000000E+00 0.0000000000E+00
44950 9.172509E+03 2.0741305859E-03 2.0741305859E-03 2.0741305859E-03
45000 9.173103E+03 0.0000000000E+00 0.0000000000E+00 0.0000000000E+00
45050 9.173700E+03 0.0000000000E+00 0.0000000000E+00 0.0000000000E+00
45100 9.174306E+03 9.1387108569E-03 7.0645802710E-03 8.1016455639E-03
45150 9.174919E+03 0.0000000000E+00 0.0000000000E+00 0.0000000000E+00
45200 9.175548E+03 8.4062047330E-03 1.0480335319E-02 9.4432700260E-03
45250 9.176167E+03 0.0000000000E+00 0.0000000000E+00 0.0000000000E+00
45300 9.176783E+03 3.6310775785E-03 0.0000000000E+00 1.8155387892E-03
45350 9.177397E+03 1.6029999349E-02 1.6029999349E-02 1.6029999349E-02
45400 9.178009E+03 4.9904496851E-03 1.5315240869E-02 1.0152845277E-02
45450 9.178629E+03 0.0000000000E+00 0.0000000000E+00 0.0000000000E+00
45500 9.179222E+03 0.0000000000E+00 0.0000000000E+00 0.0000000000E+00
45550 9.179825E+03 2.0741305859E-03 4.1482611718E-03 3.1111958789E-03
45600 9.180447E+03 2.2624604570E-02 2.2624604570E-02 2.2624604570E-02
45650 9.181064E+03 0.0000000000E+00 0.0000000000E+00 0.0000000000E+00
45700 9.181671E+03 0.0000000000E+00 0.0000000000E+00 0.0000000000E+00
45750 9.182290E+03 0.0000000000E+00 0.0000000000E+00 0.0000000000E+00
45800 9.182916E+03 0.0000000000E+00 0.0000000000E+00 0.0000000000E+00
45850 9.183536E+03 0.0000000000E+00 0.0000000000E+00 0.0000000000E+00
45900 9.184158E+03 0.0000000000E+00 0.0000000000E+00 0.0000000000E+00
45950 9.184779E+03 0.0000000000E+00 0.0000000000E+00 0.0000000000E+00
46000 9.185395E+03 2.0741305859E-03 2.0741305859E-03 2.0741305859E-03
46050 9.186029E+03 0.0000000000E+00 0.0000000000E+00 0.0000000000E+00
46100 9.186643E+03 0.0000000000E+00 0.0000000000E+00 0.0000000000E+00
46150 9.187238E+03 1.9515110718E-02 0.0000000000E+00 9.7575553589E-03
46200 9.187857E+03 3.6310775785E-03 0.0000000000E+00 1.8155387892E-03
46250 9.188466E+03 9.3940346771E-03 9.3940346771E-03 9.3940346771E-03
46300 9.189084E+03 0.0000000000E+00 0.0000000000E+00 0.0000000000E+00
46350 9.189709E+03 3.6310775785E-03 3.6310775785E-03 3.6310775785E-03
46400 9.190315E+03 0.0000000000E+00 2.0741305859E-03 1.0370652930E-03
46450 9.190917E+03 0.0000000000E+00 0.0000000000E+00 0.0000000000E+00
46500 9.191536E+03 2.0741305859E-03 2.0741305859E-03 2.0741305859E-03
46550 9.192148E+03 2.0741305859E-03 2.0741305859E-03 2.0741305859E-03
46600 9.192750E+03 0.0000000000E+00 0.0000000000E+00 0.0000000000E+00
46650 9.193398E+03 0.0000000000E+00 0.0000000000E+00 0.0000000000E+00
46700 9.194019E+03 0.0000000000E+00 0.0000000000E+00 0.0000000000E+00
46750 9.194625E+03 0.0000000000E+00 0.0000000000E+00 0.0000000000E+00
46800 9.195244E+03 0.0000000000E+00 0.0000000000E+00 0.0000000000E+00
46850 9.195866E+03 0.0000000000E+00 0.0000000000E+00 0.0000000000E+00
46900 9.196489E+03 2.0741305859E-03 2.0741305859E-03 2.0741305859E-03
46950 9.197103E+03 0.0000000000E+00 0.0000000000E+00 0.0000000000E+00
47000 9.197717E+03 0.0000000000E+00 0.0000000000E+00 0.0000000000E+00
47050 9.198317E+03 9.3940346771E-03 9.3940346771E-03 9.3940346771E-03
