     0 0.000000E+00  1.000   100     1  0.005000  1.00000  0.0000000  0.00000  0.00100
     0 1.846178E+02  1.000   100     1  0.005000  1.00000  0.0000000  0.00000  0.00100
    50 7.993729E+03  1.000   100     1  0.016902  1.00000  0.0000000  0.00000  0.00100
   100 8.499670E+03  1.000   100     1  2.495685  1.00000  0.0000000  0.00000  0.00100
   150 8.518640E+03  1.000   100     2  3.519140  0.95000  0.0000000  0.00000  0.00100
   200 8.532786E+03  1.000   100     1  3.593027  1.00000  0.0000000  0.00000  0.00100
   250 8.546691E+03  1.000   100     3  3.586796  0.95000  0.0000000  0.00000  0.00100
   300 8.560231E+03  1.000   100     1  3.674709  1.00000  0.0000000  0.00000  0.00100
   350 8.571961E+03  1.000   100     1  7.717256  1.00000  0.0000000  0.00000  0.00100
   400 8.578692E+03  1.000   100     1  7.677836  1.00000  0.0000000  0.00000  0.00100
   450 8.583082E+03  1.000   100     1 12.509256  1.00000  0.0000000  0.00000  0.00100
   500 8.586992E+03  1.000   100     3 12.560640  0.90000  0.0000000  0.00000  0.00100
   550 8.590073E+03  1.000   100     4 18.984092  0.94000  0.0000000  0.00000  0.00100
   600 8.592704E+03  1.000   100     2 19.297249  0.74000  0.0000000  0.00000  0.00100
   650 8.595376E+03  1.000   100     2 18.719855  0.95000  0.0000000  0.00000  0.00100
   700 8.597768E+03  1.000   100     2 25.779451  0.69000  0.0000000  0.00000  0.00100
   750 8.599678E+03  1.000   100     1 27.418042  1.00000  0.0000000  0.00000  0.00100
   800 8.601491E+03  1.000   100     3 29.958095  0.47000  0.0000000  0.00000  0.00100
   850 8.603017E+03  1.000   100     1 33.154820  1.00000  0.0000000  0.00000  0.00100
   900 8.604530E+03  1.000   100     1 32.623317  1.00000  0.0000000  0.00000  0.00100
   950 8.606078E+03  1.000   100     1 33.018167  1.00000  0.0000000  0.00000  0.00100
  1000 8.607608E+03  1.000   100     1 33.104555  1.00000  0.0000000  0.00000  0.00100
  1050 8.609100E+03  1.000   100     2 32.915224  0.98000  0.0000000  0.00000  0.00100
  1100 8.610641E+03  1.000   100     1 32.647604  1.00000  0.0000000  0.00000  0.00100
  1150 8.612168E+03  1.000   100     1 32.716573  1.00000  0.0000000  0.00000  0.00100
  1200 8.613684E+03  1.000   100     1 32.707666  1.00000  0.0000000  0.00000  0.00100
  1250 8.615231E+03  1.000   100     1 33.028775  1.00000  0.0000000  0.00000  0.00100
  1300 8.616786E+03  1.000   100     3 36.821218  0.76000  0.0000000  0.00000  0.00100
  1350 8.617789E+03  1.000   100     2 51.056326  0.94000  0.0000000  0.00000  0.00100
  1400 8.618763E+03  1.000   100     3 51.439681  0.61000  0.0000000  0.00000  0.00100
  1450 8.619731E+03  1.000   100     2 50.255965  0.79000  0.0000000  0.00000  0.00100
  1500 8.620713E+03  1.000   100     2 51.296459  0.99000  0.0000000  0.00000  0.00100
  1550 8.621706E+03  1.000   100     1 51.098475  1.00000  0.0000000  0.00000  0.00100
  1600 8.622694E+03  1.000   100     1 50.288972  1.00000  0.0000000  0.00000  0.00100
  1650 8.623665E+03  1.000   100     1 50.229947  1.00000  0.0000000  0.00000  0.00100
  1700 8.624628E+03  1.000   100     3 51.301345  0.95000  0.0000000  0.00000  0.00100
  1750 8.625631E+03  1.000   100     3 50.776694  0.84000  0.0000000  0.00000  0.00100
  1800 8.626655E+03  1.000   100     1 50.189718  1.00000  0.0000000  0.00000  0.00100
  1850 8.627658E+03  1.000   100     1 49.200467  1.00000  0.0000000  0.00000  0.00100
  1900 8.628666E+03  1.000   100     2 49.837719  0.62000  0.0000000  0.00000  0.00100
  1950 8.629681E+03  1.000   100     2 50.408445  0.98000  0.0000000  0.00000  0.00100
  2000 8.630680E+03  1.000   100     1 50.286630  1.00000  0.0000000  0.00000  0.00100
  2050 8.631674E+03  1.000   100     2 50.291901  0.98000  0.0000000  0.00000  0.00100
  2100 8.632661E+03  1.000   100     2 50.899390  0.99000  0.0000000  0.00000  0.00100
  2150 8.633667E+03  1.000   100     2 50.524615  0.71000  0.0000000  0.00000  0.00100
  2200 8.634637E+03  1.000   100     2 51.309789  0.63000  0.0000000  0.00000  0.00100
  2250 8.635618E+03  1.000   100     3 50.680574  0.85000  0.0000000  0.00000  0.00100
  2300 8.636547E+03  1.000   100     1 56.888288  1.00000  0.0000000  0.00000  0.00100
  2350 8.637443E+03  1.000   100     1 55.926958  1.00000  0.0000000  0.00000  0.00100
  2400 8.638285E+03  1.000   100     1 59.309321  1.00000  0.0000000  0.00000  0.00100
  2450 8.639147E+03  1.000   100     1 58.697759  1.00000  0.0000000  0.00000  0.00100
  2500 8.639997E+03  1.000   100     1 58.754528  1.00000  0.0000000  0.00000  0.00100
  2550 8.640835E+03  1.000   100     1 60.162224  1.00000  0.0000000  0.00000  0.00100
  2600 8.641682E+03  1.000   100     1 56.731752  1.00000  0.0000000  0.00000  0.00100
  2650 8.642520E+03  1.000   100     1 59.406412  1.00000  0.0000000  0.00000  0.00100
  2700 8.643356E+03  1.000   100     2 59.931917  0.95000  0.0000000  0.00000  0.00100
  2750 8.644203E+03  1.000   100     2 57.224293  0.96000  0.0000000  0.00000  0.00100
  2800 8.645064E+03  1.000   100     2 58.048513  0.98000  0.0000000  0.00000  0.00100
  2850 8.645907E+03  1.000   100     3 58.912186  0.85000  0.0000000  0.00000  0.00100
  2900 8.646749E+03  1.000   100     2 59.362130  0.95000  0.0000000  0.00000  0.00100
  2950 8.647579E+03  1.000   100     2 58.977400  0.98000  0.0000000  0.00000  0.00100
  3000 8.648434E+03  1.000   100     2 58.945350  0.97000  0.0000000  0.00000  0.00100
  3050 8.649290E+03  1.000   100     1 59.382345  1.00000  0.0000000  0.00000  0.00100
  3100 8.650170E+03  1.000   100     1 58.160927  1.00000  0.0000000  0.00000  0.00100
  3150 8.651027E+03  1.000   100     2 58.440575  0.99000  0.0000000  0.00000  0.00100
  3200 8.651881E+03  1.000   100     1 59.736028  1.00000  0.0000000  0.00000  0.00100
  3250 8.652689E+03  1.000   100     1 64.013020  1.00000  0.0000000  0.00000  0.00100
  3300 8.653469E+03  1.000   100     2 63.613936  0.99000  0.0000000  0.00000  0.00100
  3350 8.654245E+03  1.000   100     1 64.084717  1.00000  0.0000000  0.00000  0.00100
  3400 8.655015E+03  1.000   100     2 63.474662  0.94000  0.0000000  0.00000  0.00100
  3450 8.655802E+03  1.000   100     3 64.584954  0.55000  0.0000000  0.00000  0.00100
  3500 8.656556E+03  1.000   100     1 64.846337  1.00000  0.0000000  0.00000  0.00100
  3550 8.657316E+03  1.000   100     1 64.978901  1.00000  0.0000000  0.00000  0.00100
  3600 8.658099E+03  1.000   100     1 62.034779  1.00000  0.0000000  0.00000  0.00100
  3650 8.658894E+03  1.000   100     2 62.973633  0.86000  0.0000000  0.00000  0.00100
  3700 8.659672E+03  1.000   100     1 63.459190  1.00000  0.0000000  0.00000  0.00100
  3750 8.660464E+03  1.000   100     1 63.282038  1.00000  0.0000000  0.00000  0.00100
  3800 8.661250E+03  1.000   100     1 64.688281  1.00000  0.0000000  0.00000  0.00100
  3850 8.662041E+03  1.000   100     1 64.453751  1.00000  0.0000000  0.00000  0.00100
  3900 8.662829E+03  1.000   100     1 63.916911  1.00000  0.0000000  0.00000  0.00100
  3950 8.663618E+03  1.000   100     1 63.280883  1.00000  0.0000000  0.00000  0.00100
  4000 8.664375E+03  1.000   100     3 64.021478  0.98000  0.0000000  0.00000  0.00100
  4050 8.665159E+03  1.000   100     3 65.153478  0.96000  0.0000000  0.00000  0.00100
  4100 8.665943E+03  1.000   100     3 63.851098  0.94000  0.0000000  0.00000  0.00100
  4150 8.666723E+03  1.000   100     2 64.761273  0.93000  0.0000000  0.00000  0.00100
  4200 8.667484E+03  1.000   100     1 64.223461  1.00000  0.0000000  0.00000  0.00100
  4250 8.668256E+03  1.000   100     1 64.304346  1.00000  0.0000000  0.00000  0.00100
  4300 8.669015E+03  1.000   100     2 63.982483  0.91000  0.0000000  0.00000  0.00100
  4350 8.669806E+03  1.000   100     1 63.894046  1.00000  0.0000000  0.00000  0.00100
  4400 8.670580E+03  1.000   100     1 63.355826  1.00000  0.0000000  0.00000  0.00100
  4450 8.671352E+03  1.000   100     3 63.908976  0.93000  0.0000000  0.00000  0.00100
  4500 8.672111E+03  1.000   100     1 64.730491  1.00000  0.0000000  0.00000  0.00100
  4550 8.672902E+03  1.000   100     2 63.234386  0.92000  0.0000000  0.00000  0.00100
  4600 8.673687E+03  1.000   100     1 64.231185  1.00000  0.0000000  0.00000  0.00100
  4650 8.674483E+03  1.000   100     1 63.176923  1.00000  0.0000000  0.00000  0.00100
  4700 8.675265E+03  1.000   100     3 63.964452  0.97000  0.0000000  0.00000  0.00100
  4750 8.676036E+03  1.000   100     1 64.650767  1.00000  0.0000000  0.00000  0.00100
  4800 8.676812E+03  1.000   100     3 64.097701  0.84000  0.0000000  0.00000  0.00100
  4850 8.677570E+03  1.000   100     1 63.995108  1.00000  0.0000000  0.00000  0.00100
  4900 8.678361E+03  1.000   100     1 63.929430  1.00000  0.0000000  0.00000  0.00100
  4950 8.679126E+03  1.000   100     1 63.711770  1.00000  0.0000000  0.00000  0.00100
  5000 8.679910E+03  1.000   100     1 63.944637  1.00000  0.0000000  0.00000  0.00100
  5050 8.680699E+03  1.000   100     2 64.292035  0.99000  0.0000000  0.00000  0.00100
  5100 8.681502E+03  1.000   100     3 64.534155  0.90000  0.0000000  0.00000  0.00100
  5150 8.682273E+03  1.000   100     1 63.953937  1.00000  0.0000000  0.00000  0.00100
  5200 8.683053E+03  1.000   100     1 64.687255  1.00000  0.0000000  0.00000  0.00100
  5250 8.683838E+03  1.000   100     1 64.750903  1.00000  0.0000000  0.00000  0.00100
  5300 8.684610E+03  1.000   100     2 68.236473  0.66000  0.0000000  0.00000  0.00100
  5350 8.685311E+03  1.000   100     2 71.441688  0.98000  0.0000000  0.00000  0.00100
  5400 8.686018E+03  1.000   100     1 71.073287  1.00000  0.0000000  0.00000  0.00100
  5450 8.686719E+03  1.000   100     1 71.073024  1.00000  0.0000000  0.00000  0.00100
  5500 8.687434E+03  1.000   100     3 70.060643  0.55000  0.0000000  0.00000  0.00100
  5550 8.688135E+03  1.000   100     2 70.466498  0.90000  0.0000000  0.00000  0.00100
  5600 8.688842E+03  1.000   100     1 71.133563  1.00000  0.0000000  0.00000  0.00100
  5650 8.689548E+03  1.000   100     1 69.782210  1.00000  0.0000000  0.00000  0.00100
  5700 8.690237E+03  1.000   100     2 71.077492  0.98000  0.0000000  0.00000  0.00100
  5750 8.690949E+03  1.000   100     2 70.753547  0.75000  0.0000000  0.00000  0.00100
  5800 8.691628E+03  1.000   100     1 72.363661  1.00000  0.0000000  0.00000  0.00100
  5850 8.692332E+03  1.000   100     1 73.619567  1.00000  0.0000000  0.00000  0.00100
  5900 8.693004E+03  1.000   100     2 73.452807  0.97000  0.0000000  0.00000  0.00100
  5950 8.693715E+03  1.000   100     3 72.138507  0.83000  0.0000000  0.00000  0.00100
  6000 8.694418E+03  1.000   100     2 73.690519  0.56000  0.0000000  0.00000  0.00100
  6050 8.695108E+03  1.000   100     3 75.247915  0.74000  0.0000000  0.00000  0.00100
  6100 8.695771E+03  1.000   100     1 76.255065  1.00000  0.0000000  0.00000  0.00100
  6150 8.696419E+03  1.000   100     1 77.427676  1.00000  0.0000000  0.00000  0.00100
  6200 8.697062E+03  1.000   100     1 75.784266  1.00000  0.0000000  0.00000  0.00100
  6250 8.697718E+03  1.000   100     2 76.608283  0.59000  0.0000000  0.00000  0.00100
  6300 8.698373E+03  1.000   100     2 77.766109  0.96000  0.0000000  0.00000  0.00100
  6350 8.699022E+03  1.000   100     2 75.353363  0.69000  0.0000000  0.00000  0.00100
  6400 8.699678E+03  1.000   100     1 76.581740  1.00000  0.0000000  0.00000  0.00100
  6450 8.700326E+03  1.000   100     2 74.601904  0.99000  0.0000000  0.00000  0.00100
  6500 8.700977E+03  1.000   100     4 77.492021  0.89000  0.0000000  0.00000  0.00100
  6550 8.701624E+03  1.000   100     3 77.691804  0.75000  0.0000000  0.00000  0.00100
  6600 8.702277E+03  1.000   100     1 77.111708  1.00000  0.0000000  0.00000  0.00100
  6650 8.702913E+03  1.000   100     2 76.591526  0.99000  0.0000000  0.00000  0.00100
  6700 8.703573E+03  1.000   100     1 76.550424  1.00000  0.0000000  0.00000  0.00100
  6750 8.704219E+03  1.000   100     2 77.058940  0.88000  0.0000000  0.00000  0.00100
  6800 8.704870E+03  1.000   100     1 76.431908  1.00000  0.0000000  0.00000  0.00100
  6850 8.705521E+03  1.000   100     1 77.522108  1.00000  0.0000000  0.00000  0.00100
  6900 8.706179E+03  1.000   100     1 75.548019  1.00000  0.0000000  0.00000  0.00100
  6950 8.706826E+03  1.000   100     1 77.487093  1.00000  0.0000000  0.00000  0.00100
  7000 8.707476E+03  1.000   100     1 76.643875  1.00000  0.0000000  0.00000  0.00100
  7050 8.708136E+03  1.000   100     3 77.230662  0.60000  0.0000000  0.00000  0.00100
  7100 8.708779E+03  1.000   100     2 77.818038  0.89000  0.0000000  0.00000  0.00100
  7150 8.709423E+03  1.000   100     1 76.421749  1.00000  0.0000000  0.00000  0.00100
  7200 8.710065E+03  1.000   100     2 75.835275  0.66000  0.0000000  0.00000  0.00100
  7250 8.710711E+03  1.000   100     1 76.011037  1.00000  0.0000000  0.00000  0.00100
  7300 8.711356E+03  1.000   100     3 77.028048  0.98000  0.0000000  0.00000  0.00100
  7350 8.712016E+03  1.000   100     2 76.481520  0.59000  0.0000000  0.00000  0.00100
  7400 8.712662E+03  1.000   100     2 76.860861  0.92000  0.0000000  0.00000  0.00100
  7450 8.713314E+03  1.000   100     1 75.267431  1.00000  0.0000000  0.00000  0.00100
  7500 8.713974E+03  1.000   100     1 77.059868  1.00000  0.0000000  0.00000  0.00100
  7550 8.714616E+03  1.000   100     1 76.988324  1.00000  0.0000000  0.00000  0.00100
  7600 8.715253E+03  1.000   100     1 77.426998  1.00000  0.0000000  0.00000  0.00100
  7650 8.715913E+03  1.000   100     1 76.757909  1.00000  0.0000000  0.00000  0.00100
  7700 8.716576E+03  1.000   100     2 76.803993  0.97000  0.0000000  0.00000  0.00100
  7750 8.717228E+03  1.000   100     1 76.314841  1.00000  0.0000000  0.00000  0.00100
  7800 8.717874E+03  1.000   100     3 77.207029  0.89000  0.0000000  0.00000  0.00100
  7850 8.718511E+03  1.000   100     1 76.397163  1.00000  0.0000000  0.00000  0.00100
  7900 8.719160E+03  1.000   100     1 77.632314  1.00000  0.0000000  0.00000  0.00100
  7950 8.719813E+03  1.000   100     1 75.856413  1.00000  0.0000000  0.00000  0.00100
  8000 8.720463E+03  1.000   100     3 77.714546  0.94000  0.0000000  0.00000  0.00100
  8050 8.721103E+03  1.000   100     3 78.843996  0.54000  0.0000000  0.00000  0.00100
  8100 8.721748E+03  1.000   100     3 78.340774  0.83000  0.0000000  0.00000  0.00100
  8150 8.722390E+03  1.000   100     3 76.870241  0.74000  0.0000000  0.00000  0.00100
  8200 8.723040E+03  1.000   100     2 76.262728  0.63000  0.0000000  0.00000  0.00100
  8250 8.723708E+03  1.000   100     2 76.427211  0.85000  0.0000000  0.00000  0.00100
  8300 8.724361E+03  1.000   100     1 76.607101  1.00000  0.0000000  0.00000  0.00100
  8350 8.724986E+03  1.000   100     1 76.386498  1.00000  0.0000000  0.00000  0.00100
  8400 8.725638E+03  1.000   100     1 77.336678  1.00000  0.0000000  0.00000  0.00100
  8450 8.726283E+03  1.000   100     2 76.379695  0.75000  0.0000000  0.00000  0.00100
  8500 8.726943E+03  1.000   100     1 77.045451  1.00000  0.0000000  0.00000  0.00100
  8550 8.727596E+03  1.000   100     1 76.496783  1.00000  0.0000000  0.00000  0.00100
  8600 8.728265E+03  1.000   100     1 77.799477  1.00000  0.0000000  0.00000  0.00100
  8650 8.728905E+03  1.000   100     1 77.156411  1.00000  0.0000000  0.00000  0.00100
  8700 8.729574E+03  1.000   100     1 76.577921  1.00000  0.0000000  0.00000  0.00100
  8750 8.730263E+03  1.000   100     3 75.895300  0.81000  0.0000000  0.00000  0.00100
  8800 8.730927E+03  1.000   100     2 74.027389  0.97000  0.0000000  0.00000  0.00100
  8850 8.731601E+03  1.000   100     2 77.325316  0.97000  0.0000000  0.00000  0.00100
  8900 8.732258E+03  1.000   100     1 77.013453  1.00000  0.0000000  0.00000  0.00100
  8950 8.732913E+03  1.000   100     1 76.408688  1.00000  0.0000000  0.00000  0.00100
  9000 8.733567E+03  1.000   100     1 77.844225  1.00000  0.0000000  0.00000  0.00100
  9050 8.734235E+03  1.000   100     3 77.749384  0.98000  0.0000000  0.00000  0.00100
  9100 8.734892E+03  1.000   100     1 77.626351  1.00000  0.0000000  0.00000  0.00100
  9150 8.735529E+03  1.000   100     2 74.578900  0.78000  0.0000000  0.00000  0.00100
  9200 8.736166E+03  1.000   100     2 78.135625  0.60000  0.0000000  0.00000  0.00100
  9250 8.736792E+03  1.000   100     1 78.840991  1.00000  0.0000000  0.00000  0.00100
  9300 8.737442E+03  1.000   100     1 78.382780  1.00000  0.0000000  0.00000  0.00100
  9350 8.738061E+03  1.000   100     2 78.652643  0.98000  0.0000000  0.00000  0.00100
  9400 8.738694E+03  1.000   100     1 79.799019  1.00000  0.0000000  0.00000  0.00100
  9450 8.739340E+03  1.000   100     1 79.674663  1.00000  0.0000000  0.00000  0.00100
  9500 8.739976E+03  1.000   100     2 79.401412  0.95000  0.0000000  0.00000  0.00100
  9550 8.740612E+03  1.000   100     1 80.195550  1.00000  0.0000000  0.00000  0.00100
  9600 8.741239E+03  1.000   100     1 80.835678  1.00000  0.0000000  0.00000  0.00100
  9650 8.741860E+03  1.000   100     1 79.199160  1.00000  0.0000000  0.00000  0.00100
  9700 8.742491E+03  1.000   100     1 78.934280  1.00000  0.0000000  0.00000  0.00100
  9750 8.743133E+03  1.000   100     2 77.865067  0.95000  0.0000000  0.00000  0.00100
  9800 8.743780E+03  1.000   100     1 77.649124  1.00000  0.0000000  0.00000  0.00100
  9850 8.744420E+03  1.000   100     2 78.149710  0.99000  0.0000000  0.00000  0.00100
  9900 8.745041E+03  1.000   100     2 81.714141  0.72000  0.0000000  0.00000  0.00100
  9950 8.745658E+03  1.000   100     2 82.316209  0.55000  0.0000000  0.00000  0.00100
 10000 8.746279E+03  1.000   100     3 80.782760  0.87000  0.0000000  0.00000  0.00100
 10050 8.746916E+03  1.000   100     2 79.991644  0.92000  0.0000000  0.00000  0.00100
 10100 8.747537E+03  1.000   100     2 81.402832  0.99000  0.0000000  0.00000  0.00100
 10150 8.748146E+03  1.000   100     1 80.797020  1.00000  0.0000000  0.00000  0.00100
 10200 8.748768E+03  1.000   100     1 80.534069  1.00000  0.0000000  0.00000  0.00100
 10250 8.749394E+03  1.000   100     4 81.202676  0.92000  0.0000000  0.00000  0.00100
 10300 8.749996E+03  1.000   100     2 81.625648  0.77000  0.0000000  0.00000  0.00100
 10350 8.750604E+03  1.000   100     4 81.268847  0.56000  0.0000000  0.00000  0.00100
 10400 8.751219E+03  1.000   100     2 82.141826  0.99000  0.0000000  0.00000  0.00100
 10450 8.751832E+03  1.000   100     1 82.252176  1.00000  0.0000000  0.00000  0.00100
 10500 8.752471E+03  1.000   100     3 79.771032  0.77000  0.0000000  0.00000  0.00100
 10550 8.753119E+03  1.000   100     2 80.179478  0.86000  0.0000000  0.00000  0.00100
 10600 8.753749E+03  1.000   100     1 80.089854  1.00000  0.0000000  0.00000  0.00100
 10650 8.754379E+03  1.000   100     2 80.758405  0.95000  0.0000000  0.00000  0.00100
 10700 8.754995E+03  1.000   100     1 77.833799  1.00000  0.0000000  0.00000  0.00100
 10750 8.755613E+03  1.000   100     1 79.892538  1.00000  0.0000000  0.00000  0.00100
 10800 8.756234E+03  1.000   100     1 80.531374  1.00000  0.0000000  0.00000  0.00100
 10850 8.756855E+03  1.000   100     4 79.786138  0.65000  0.0000000  0.00000  0.00100
 10900 8.757488E+03  1.000   100     2 79.690390  0.66000  0.0000000  0.00000  0.00100
 10950 8.758112E+03  1.000   100     1 81.533594  1.00000  0.0000000  0.00000  0.00100
 11000 8.758730E+03  1.000   100     3 78.761960  0.97000  0.0000000  0.00000  0.00100
 11050 8.759357E+03  1.000   100     2 81.108673  0.59000  0.0000000  0.00000  0.00100
 11100 8.759973E+03  1.000   100     2 80.988075  0.89000  0.0000000  0.00000  0.00100
 11150 8.760604E+03  1.000   100     1 79.537825  1.00000  0.0000000  0.00000  0.00100
 11200 8.761217E+03  1.000   100     2 81.064221  0.94000  0.0000000  0.00000  0.00100
 11250 8.761846E+03  1.000   100     2 81.940597  0.59000  0.0000000  0.00000  0.00100
 11300 8.762456E+03  1.000   100     1 83.595656  1.00000  0.0000000  0.00000  0.00100
 11350 8.763067E+03  1.000   100     2 81.999516  0.99000  0.0000000  0.00000  0.00100
 11400 8.763681E+03  1.000   100     1 81.878944  1.00000  0.0000000  0.00000  0.00100
 11450 8.764291E+03  1.000   100     2 82.884110  0.89000  0.0000000  0.00000  0.00100
 11500 8.764880E+03  1.000   100     2 82.431629  0.98000  0.0000000  0.00000  0.00100
 11550 8.765472E+03  1.000   100     1 84.106479  1.00000  0.0000000  0.00000  0.00100
 11600 8.766070E+03  1.000   100     1 85.366240  1.00000  0.0000000  0.00000  0.00100
 11650 8.766662E+03  1.000   100     1 81.717041  1.00000  0.0000000  0.00000  0.00100
 11700 8.767273E+03  1.000   100     2 83.831529  0.77000  0.0000000  0.00000  0.00100
 11750 8.767855E+03  1.000   100     2 84.641318  0.97000  0.0000000  0.00000  0.00100
 11800 8.768445E+03  1.000   100     2 85.025294  0.98000  0.0000000  0.00000  0.00100
 11850 8.769039E+03  1.000   100     2 83.435889  0.99000  0.0000000  0.00000  0.00100
 11900 8.769649E+03  1.000   100     1 84.619970  1.00000  0.0000000  0.00000  0.00100
 11950 8.770244E+03  1.000   100     2 84.808226  0.89000  0.0000000  0.00000  0.00100
 12000 8.770842E+03  1.000   100     2 83.672917  0.55000  0.0000000  0.00000  0.00100
 12050 8.771429E+03  1.000   100     2 84.749777  0.75000  0.0000000  0.00000  0.00100
 12100 8.772011E+03  1.000   100     2 84.689566  0.83000  0.0000000  0.00000  0.00100
 12150 8.772612E+03  1.000   100     1 85.162043  1.00000  0.0000000  0.00000  0.00100
 12200 8.773204E+03  1.000   100     2 81.087852  0.75000  0.0000000  0.00000  0.00100
 12250 8.773813E+03  1.000   100     2 83.770536  0.83000  0.0000000  0.00000  0.00100
 12300 8.774424E+03  1.000   100     1 80.629963  1.00000  0.0000000  0.00000  0.00100
 12350 8.775023E+03  1.000   100     2 81.965544  0.75000  0.0000000  0.00000  0.00100
 12400 8.775625E+03  1.000   100     1 83.336691  1.00000  0.0000000  0.00000  0.00100
 12450 8.776222E+03  1.000   100     4 84.316209  0.58000  0.0000000  0.00000  0.00100
 12500 8.776813E+03  1.000   100     4 83.747075  0.75000  0.0000000  0.00000  0.00100
 12550 8.777409E+03  1.000   100     1 84.609921  1.00000  0.0000000  0.00000  0.00100
 12600 8.778012E+03  1.000   100     1 84.619193  1.00000  0.0000000  0.00000  0.00100
 12650 8.778596E+03  1.000   100     1 83.636839  1.00000  0.0000000  0.00000  0.00100
 12700 8.779188E+03  1.000   100     1 85.705943  1.00000  0.0000000  0.00000  0.00100
 12750 8.779768E+03  1.000   100     1 85.322033  1.00000  0.0000000  0.00000  0.00100
 12800 8.780356E+03  1.000   100     1 84.571083  1.00000  0.0000000  0.00000  0.00100
 12850 8.780939E+03  1.000   100     1 84.226214  1.00000  0.0000000  0.00000  0.00100
 12900 8.781526E+03  1.000   100     1 85.060265  1.00000  0.0000000  0.00000  0.00100
 12950 8.782101E+03  1.000   100     1 85.192783  1.00000  0.0000000  0.00000  0.00100
 13000 8.782700E+03  1.000   100     1 86.166302  1.00000  0.0000000  0.00000  0.00100
 13050 8.783269E+03  1.000   100     1 85.494232  1.00000  0.0000000  0.00000  0.00100
 13100 8.783852E+03  1.000   100     1 86.293667  1.00000  0.0000000  0.00000  0.00100
 13150 8.784440E+03  1.000   100     2 86.044296  0.97000  0.0000000  0.00000  0.00100
 13200 8.785034E+03  1.000   100     1 83.750171  1.00000  0.0000000  0.00000  0.00100
 13250 8.785621E+03  1.000   100     1 84.394145  1.00000  0.0000000  0.00000  0.00100
 13300 8.786197E+03  1.000   100     4 83.748838  0.60000  0.0000000  0.00000  0.00100
 13350 8.786777E+03  1.000   100     1 86.567815  1.00000  0.0000000  0.00000  0.00100
 13400 8.787357E+03  1.000   100     1 85.700547  1.00000  0.0000000  0.00000  0.00100
 13450 8.787934E+03  1.000   100     1 85.020597  1.00000  0.0000000  0.00000  0.00100
 13500 8.788511E+03  1.000   100     1 83.687729  1.00000  0.0000000  0.00000  0.00100
 13550 8.789110E+03  1.000   100     1 85.542447  1.00000  0.0000000  0.00000  0.00100
 13600 8.789693E+03  1.000   100     1 85.496084  1.00000  0.0000000  0.00000  0.00100
 13650 8.790277E+03  1.000   100     1 85.709443  1.00000  0.0000000  0.00000  0.00100
 13700 8.790871E+03  1.000   100     1 83.854455  1.00000  0.0000000  0.00000  0.00100
 13750 8.791461E+03  1.000   100     2 85.226099  0.97000  0.0000000  0.00000  0.00100
 13800 8.792026E+03  1.000   100     1 84.575727  1.00000  0.0000000  0.00000  0.00100
 13850 8.792617E+03  1.000   100     3 83.185445  0.87000  0.0000000  0.00000  0.00100
 13900 8.793220E+03  1.000   100     1 85.443299  1.00000  0.0000000  0.00000  0.00100
 13950 8.793819E+03  1.000   100     3 82.995988  0.86000  0.0000000  0.00000  0.00100
 14000 8.794419E+03  1.000   100     2 85.311186  0.99000  0.0000000  0.00000  0.00100
 14050 8.794991E+03  1.000   100     2 84.948629  0.99000  0.0000000  0.00000  0.00100
 14100 8.795603E+03  1.000   100     2 85.042976  0.88000  0.0000000  0.00000  0.00100
 14150 8.796184E+03  1.000   100     1 85.776160  1.00000  0.0000000  0.00000  0.00100
 14200 8.796760E+03  1.000   100     1 85.996115  1.00000  0.0000000  0.00000  0.00100
 14250 8.797339E+03  1.000   100     1 85.097243  1.00000  0.0000000  0.00000  0.00100
 14300 8.797932E+03  1.000   100     2 85.637882  0.99000  0.0000000  0.00000  0.00100
 14350 8.798522E+03  1.000   100     1 85.785512  1.00000  0.0000000  0.00000  0.00100
 14400 8.799112E+03  1.000   100     2 85.536008  0.99000  0.0000000  0.00000  0.00100
 14450 8.799707E+03  1.000   100     1 83.331920  1.00000  0.0000000  0.00000  0.00100
 14500 8.800298E+03  1.000   100     2 84.249038  0.87000  0.0000000  0.00000  0.00100
 14550 8.800898E+03  1.000   100     3 85.236672  0.95000  0.0000000  0.00000  0.00100
 14600 8.801463E+03  1.000   100     2 85.763177  0.96000  0.0000000  0.00000  0.00100
 14650 8.802046E+03  1.000   100     3 82.871534  0.81000  0.0000000  0.00000  0.00100
 14700 8.802624E+03  1.000   100     1 85.249554  1.00000  0.0000000  0.00000  0.00100
 14750 8.803213E+03  1.000   100     1 85.177602  1.00000  0.0000000  0.00000  0.00100
 14800 8.803800E+03  1.000   100     2 86.443940  0.99000  0.0000000  0.00000  0.00100
 14850 8.804379E+03  1.000   100     2 84.662728  0.87000  0.0000000  0.00000  0.00100
 14900 8.804968E+03  1.000   100     2 84.537822  0.95000  0.0000000  0.00000  0.00100
 14950 8.805559E+03  1.000   100     2 85.894406  0.99000  0.0000000  0.00000  0.00100
 15000 8.806139E+03  1.000   100     3 83.946297  0.95000  0.0000000  0.00000  0.00100
 15050 8.806731E+03  1.000   100     2 85.557844  0.97000  0.0000000  0.00000  0.00100
 15100 8.807331E+03  1.000   100     3 85.445555  0.98000  0.0000000  0.00000  0.00100
 15150 8.807936E+03  1.000   100     1 85.853696  1.00000  0.0000000  0.00000  0.00100
 15200 8.808522E+03  1.000   100     1 85.193752  1.00000  0.0000000  0.00000  0.00100
 15250 8.809109E+03  1.000   100     2 85.111822  0.99000  0.0000000  0.00000  0.00100
 15300 8.809700E+03  1.000   100     1 84.593750  1.00000  0.0000000  0.00000  0.00100
 15350 8.810298E+03  1.000   100     1 85.763172  1.00000  0.0000000  0.00000  0.00100
 15400 8.810879E+03  1.000   100     1 85.715093  1.00000  0.0000000  0.00000  0.00100
 15450 8.811477E+03  1.000   100     2 84.962648  0.68000  0.0000000  0.00000  0.00100
 15500 8.812057E+03  1.000   100     2 84.157256  0.99000  0.0000000  0.00000  0.00100
 15550 8.812651E+03  1.000   100     1 85.233434  1.00000  0.0000000  0.00000  0.00100
 15600 8.813245E+03  1.000   100     2 84.128678  0.55000  0.0000000  0.00000  0.00100
 15650 8.813838E+03  1.000   100     2 82.856451  0.79000  0.0000000  0.00000  0.00100
 15700 8.814435E+03  1.000   100     2 84.546901  0.94000  0.0000000  0.00000  0.00100
 15750 8.815020E+03  1.000   100     2 84.113896  0.92000  0.0000000  0.00000  0.00100
 15800 8.815622E+03  1.000   100     2 85.356525  0.52000  0.0000000  0.00000  0.00100
 15850 8.816205E+03  1.000   100     2 85.242240  0.62000  0.0000000  0.00000  0.00100
 15900 8.816797E+03  1.000   100     3 83.723950  0.71000  0.0000000  0.00000  0.00100
 15950 8.817414E+03  1.000   100     3 81.460058  0.67000  0.0000000  0.00000  0.00100
 16000 8.818023E+03  1.000   100     3 82.177776  0.55000  0.0000000  0.00000  0.00100
 16050 8.818625E+03  1.000   100     2 83.557676  0.77000  0.0000000  0.00000  0.00100
 16100 8.819235E+03  1.000   100     1 83.217964  1.00000  0.0000000  0.00000  0.00100
 16150 8.819846E+03  1.000   100     1 84.213577  1.00000  0.0000000  0.00000  0.00100
 16200 8.820422E+03  1.000   100     1 85.027394  1.00000  0.0000000  0.00000  0.00100
 16250 8.821012E+03  1.000   100     3 85.992451  0.63000  0.0000000  0.00000  0.00100
 16300 8.821599E+03  1.000   100     2 83.152443  0.99000  0.0000000  0.00000  0.00100
 16350 8.822206E+03  1.000   100     2 85.489026  0.95000  0.0000000  0.00000  0.00100
 16400 8.822809E+03  1.000   100     2 85.819851  0.95000  0.0000000  0.00000  0.00100
 16450 8.823396E+03  1.000   100     1 85.809436  1.00000  0.0000000  0.00000  0.00100
 16500 8.823990E+03  1.000   100     1 85.920483  1.00000  0.0000000  0.00000  0.00100
 16550 8.824593E+03  1.000   100     2 83.927739  0.88000  0.0000000  0.00000  0.00100
 16600 8.825175E+03  1.000   100     1 85.782161  1.00000  0.0000000  0.00000  0.00100
 16650 8.825766E+03  1.000   100     2 83.809431  0.99000  0.0000000  0.00000  0.00100
 16700 8.826337E+03  1.000   100     1 85.751872  1.00000  0.0000000  0.00000  0.00100
 16750 8.826927E+03  1.000   100     3 81.635488  0.80000  0.0000000  0.00000  0.00100
 16800 8.827534E+03  1.000   100     1 82.988813  1.00000  0.0000000  0.00000  0.00100
 16850 8.828131E+03  1.000   100     2 85.083514  0.99000  0.0000000  0.00000  0.00100
 16900 8.828740E+03  1.000   100     1 84.994519  1.00000  0.0000000  0.00000  0.00100
 16950 8.829335E+03  1.000   100     3 84.557359  0.91000  0.0000000  0.00000  0.00100
 17000 8.829917E+03  1.000   100     2 85.047230  0.94000  0.0000000  0.00000  0.00100
 17050 8.830509E+03  1.000   100     1 85.200644  1.00000  0.0000000  0.00000  0.00100
 17100 8.831112E+03  1.000   100     1 84.092091  1.00000  0.0000000  0.00000  0.00100
 17150 8.831684E+03  1.000   100     4 85.449774  0.91000  0.0000000  0.00000  0.00100
 17200 8.832274E+03  1.000   100     1 85.328202  1.00000  0.0000000  0.00000  0.00100
 17250 8.832866E+03  1.000   100     1 85.398027  1.00000  0.0000000  0.00000  0.00100
 17300 8.833457E+03  1.000   100     2 84.272439  0.98000  0.0000000  0.00000  0.00100
 17350 8.834042E+03  1.000   100     2 85.399282  0.99000  0.0000000  0.00000  0.00100
 17400 8.834642E+03  1.000   100     1 85.203019  1.00000  0.0000000  0.00000  0.00100
 17450 8.835235E+03  1.000   100     2 84.798433  0.99000  0.0000000  0.00000  0.00100
 17500 8.835824E+03  1.000   100     1 84.801247  1.00000  0.0000000  0.00000  0.00100
 17550 8.836432E+03  1.000   100     1 84.227386  1.00000  0.0000000  0.00000  0.00100
 17600 8.837024E+03  1.000   100     2 83.999898  0.88000  0.0000000  0.00000  0.00100
 17650 8.837627E+03  1.000   100     2 84.368164  0.85000  0.0000000  0.00000  0.00100
 17700 8.838206E+03  1.000   100     3 85.187205  0.91000  0.0000000  0.00000  0.00100
 17750 8.838802E+03  1.000   100     1 82.463075  1.00000  0.0000000  0.00000  0.00100
 17800 8.839399E+03  1.000   100     1 82.278480  1.00000  0.0000000  0.00000  0.00100
 17850 8.840004E+03  1.000   100     1 81.529155  1.00000  0.0000000  0.00000  0.00100
 17900 8.840617E+03  1.000   100     2 84.245953  0.94000  0.0000000  0.00000  0.00100
 17950 8.841196E+03  1.000   100     1 84.977071  1.00000  0.0000000  0.00000  0.00100
 18000 8.841785E+03  1.000   100     2 83.023407  0.96000  0.0000000  0.00000  0.00100
 18050 8.842382E+03  1.000   100     2 84.644576  0.98000  0.0000000  0.00000  0.00100
 18100 8.842978E+03  1.000   100     1 85.142735  1.00000  0.0000000  0.00000  0.00100
 18150 8.843566E+03  1.000   100     3 84.729469  0.94000  0.0000000  0.00000  0.00100
 18200 8.844158E+03  1.000   100     1 84.690005  1.00000  0.0000000  0.00000  0.00100
 18250 8.844746E+03  1.000   100     2 83.811114  0.91000  0.0000000  0.00000  0.00100
 18300 8.845343E+03  1.000   100     1 81.831406  1.00000  0.0000000  0.00000  0.00100
 18350 8.845966E+03  1.000   100     1 84.040005  1.00000  0.0000000  0.00000  0.00100
 18400 8.846554E+03  1.000   100     1 85.370209  1.00000  0.0000000  0.00000  0.00100
 18450 8.847126E+03  1.000   100     2 85.600765  0.99000  0.0000000  0.00000  0.00100
 18500 8.847715E+03  1.000   100     1 84.459594  1.00000  0.0000000  0.00000  0.00100
 18550 8.848306E+03  1.000   100     2 84.419750  0.99000  0.0000000  0.00000  0.00100
 18600 8.848899E+03  1.000   100     1 85.585756  1.00000  0.0000000  0.00000  0.00100
 18650 8.849483E+03  1.000   100     1 85.738669  1.00000  0.0000000  0.00000  0.00100
 18700 8.850087E+03  1.000   100     2 84.933897  0.99000  0.0000000  0.00000  0.00100
 18750 8.850680E+03  1.000   100     3 83.045896  0.98000  0.0000000  0.00000  0.00100
 18800 8.851263E+03  1.000   100     1 85.520456  1.00000  0.0000000  0.00000  0.00100
 18850 8.851857E+03  1.000   100     2 83.115056  0.97000  0.0000000  0.00000  0.00100
 18900 8.852460E+03  1.000   100     1 85.332267  1.00000  0.0000000  0.00000  0.00100
 18950 8.853039E+03  1.000   100     2 85.461936  0.99000  0.0000000  0.00000  0.00100
 19000 8.853620E+03  1.000   100     2 84.773267  0.93000  0.0000000  0.00000  0.00100
 19050 8.854216E+03  1.000   100     2 83.540471  0.54000  0.0000000  0.00000  0.00100
 19100 8.854802E+03  1.000   100     2 85.456217  0.96000  0.0000000  0.00000  0.00100
 19150 8.855398E+03  1.000   100     1 83.997582  1.00000  0.0000000  0.00000  0.00100
 19200 8.855992E+03  1.000   100     1 82.801360  1.00000  0.0000000  0.00000  0.00100
 19250 8.856574E+03  1.000   100     2 84.201653  0.59000  0.0000000  0.00000  0.00100
 19300 8.857175E+03  1.000   100     2 84.852599  0.52000  0.0000000  0.00000  0.00100
 19350 8.857771E+03  1.000   100     4 84.387268  0.88000  0.0000000  0.00000  0.00100
 19400 8.858361E+03  1.000   100     2 84.936198  0.55000  0.0000000  0.00000  0.00100
 19450 8.858959E+03  1.000   100     2 84.754305  0.94000  0.0000000  0.00000  0.00100
 19500 8.859553E+03  1.000   100     1 84.830480  1.00000  0.0000000  0.00000  0.00100
 19550 8.860137E+03  1.000   100     4 83.848880  0.50000  0.0000000  0.00000  0.00100
 19600 8.860729E+03  1.000   100     4 84.759219  0.73000  0.0000000  0.00000  0.00100
 19650 8.861306E+03  1.000   100     2 83.924457  0.98000  0.0000000  0.00000  0.00100
 19700 8.861900E+03  1.000   100     1 83.809080  1.00000  0.0000000  0.00000  0.00100
 19750 8.862481E+03  1.000   100     2 86.066997  0.94000  0.0000000  0.00000  0.00100
 19800 8.863065E+03  1.000   100     1 84.763375  1.00000  0.0000000  0.00000  0.00100
 19850 8.863651E+03  1.000   100     1 84.447009  1.00000  0.0000000  0.00000  0.00100
 19900 8.864237E+03  1.000   100     1 81.718121  1.00000  0.0000000  0.00000  0.00100
 19950 8.864820E+03  1.000   100     2 85.107685  0.89000  0.0000000  0.00000  0.00100
 20000 8.865396E+03  1.000   100     1 82.756767  1.00000  0.0000000  0.00000  0.00100
 20050 8.865983E+03  1.000   100     3 85.511876  0.82000  0.0000000  0.00000  0.00100
 20100 8.866591E+03  1.000   100     2 82.132060  0.99000  0.0000000  0.00000  0.00100
 20150 8.867208E+03  1.000   100     1 81.983612  1.00000  0.0000000  0.00000  0.00100
 20200 8.867822E+03  1.000   100     1 81.839546  1.00000  0.0000000  0.00000  0.00100
 20250 8.868415E+03  1.000   100     1 85.221197  1.00000  0.0000000  0.00000  0.00100
 20300 8.869003E+03  1.000   100     2 84.702315  0.99000  0.0000000  0.00000  0.00100
 20350 8.869607E+03  1.000   100     2 83.692132  0.98000  0.0000000  0.00000  0.00100
 20400 8.870193E+03  1.000   100     1 84.095160  1.00000  0.0000000  0.00000  0.00100
 20450 8.870799E+03  1.000   100     1 82.818788  1.00000  0.0000000  0.00000  0.00100
 20500 8.871385E+03  1.000   100     3 83.114571  0.68000  0.0000000  0.00000  0.00100
 20550 8.871995E+03  1.000   100     2 84.205031  0.97000  0.0000000  0.00000  0.00100
 20600 8.872580E+03  1.000   100     2 85.639556  0.99000  0.0000000  0.00000  0.00100
 20650 8.873168E+03  1.000   100     1 84.673525  1.00000  0.0000000  0.00000  0.00100
 20700 8.873761E+03  1.000   100     1 84.265214  1.00000  0.0000000  0.00000  0.00100
 20750 8.874347E+03  1.000   100     1 84.863397  1.00000  0.0000000  0.00000  0.00100
 20800 8.874943E+03  1.000   100     2 85.242509  0.97000  0.0000000  0.00000  0.00100
 20850 8.875538E+03  1.000   100     2 84.823963  0.82000  0.0000000  0.00000  0.00100
 20900 8.876114E+03  1.000   100     2 85.809624  0.90000  0.0000000  0.00000  0.00100
 20950 8.876695E+03  1.000   100     1 86.427083  1.00000  0.0000000  0.00000  0.00100
 21000 8.877265E+03  1.000   100     2 86.386915  0.86000  0.0000000  0.00000  0.00100
 21050 8.877855E+03  1.000   100     1 86.450309  1.00000  0.0000000  0.00000  0.00100
 21100 8.878436E+03  1.000   100     2 86.327620  0.95000  0.0000000  0.00000  0.00100
 21150 8.879029E+03  1.000   100     3 86.213464  0.94000  0.0000000  0.00000  0.00100
 21200 8.879611E+03  1.000   100     2 85.459175  0.97000  0.0000000  0.00000  0.00100
 21250 8.880204E+03  1.000   100     1 85.917068  1.00000  0.0000000  0.00000  0.00100
 21300 8.880795E+03  1.000   100     1 85.090792  1.00000  0.0000000  0.00000  0.00100
 21350 8.881372E+03  1.000   100     1 85.975852  1.00000  0.0000000  0.00000  0.00100
 21400 8.881960E+03  1.000   100     1 85.056643  1.00000  0.0000000  0.00000  0.00100
 21450 8.882546E+03  1.000   100     1 83.368822  1.00000  0.0000000  0.00000  0.00100
 21500 8.883139E+03  1.000   100     1 86.032426  1.00000  0.0000000  0.00000  0.00100
 21550 8.883734E+03  1.000   100     1 85.057160  1.00000  0.0000000  0.00000  0.00100
 21600 8.884332E+03  1.000   100     3 83.870415  0.74000  0.0000000  0.00000  0.00100
 21650 8.884920E+03  1.000   100     3 84.594083  0.77000  0.0000000  0.00000  0.00100
 21700 8.885536E+03  1.000   100     2 83.383022  0.96000  0.0000000  0.00000  0.00100
 21750 8.886123E+03  1.000   100     2 83.814863  0.91000  0.0000000  0.00000  0.00100
 21800 8.886715E+03  1.000   100     1 84.706129  1.00000  0.0000000  0.00000  0.00100
 21850 8.887318E+03  1.000   100     1 82.734560  1.00000  0.0000000  0.00000  0.00100
 21900 8.887930E+03  1.000   100     4 81.557997  0.92000  0.0000000  0.00000  0.00100
 21950 8.888535E+03  1.000   100     2 84.805868  0.99000  0.0000000  0.00000  0.00100
 22000 8.889123E+03  1.000   100     2 85.540599  0.72000  0.0000000  0.00000  0.00100
 22050 8.889712E+03  1.000   100     1 85.556331  1.00000  0.0000000  0.00000  0.00100
 22100 8.890310E+03  1.000   100     4 83.634150  0.78000  0.0000000  0.00000  0.00100
 22150 8.890904E+03  1.000   100     1 83.576592  1.00000  0.0000000  0.00000  0.00100
 22200 8.891485E+03  1.000   100     1 84.616149  1.00000  0.0000000  0.00000  0.00100
 22250 8.892071E+03  1.000   100     1 84.240271  1.00000  0.0000000  0.00000  0.00100
 22300 8.892669E+03  1.000   100     2 84.011541  0.99000  0.0000000  0.00000  0.00100
 22350 8.893260E+03  1.000   100     1 83.776266  1.00000  0.0000000  0.00000  0.00100
 22400 8.893864E+03  1.000   100     2 83.186755  0.79000  0.0000000  0.00000  0.00100
 22450 8.894478E+03  1.000   100     5 82.804296  0.48000  0.0000000  0.00000  0.00100
 22500 8.895079E+03  1.000   100     2 81.770846  0.64000  0.0000000  0.00000  0.00100
 22550 8.895696E+03  1.000   100     1 80.881031  1.00000  0.0000000  0.00000  0.00100
 22600 8.896311E+03  1.000   100     1 79.916866  1.00000  0.0000000  0.00000  0.00100
 22650 8.896929E+03  1.000   100     1 81.804965  1.00000  0.0000000  0.00000  0.00100
 22700 8.897535E+03  1.000   100     2 82.036676  0.99000  0.0000000  0.00000  0.00100
 22750 8.898159E+03  1.000   100     1 82.105763  1.00000  0.0000000  0.00000  0.00100
 22800 8.898766E+03  1.000   100     2 80.380589  0.97000  0.0000000  0.00000  0.00100
 22850 8.899374E+03  1.000   100     3 82.078654  0.83000  0.0000000  0.00000  0.00100
 22900 8.899990E+03  1.000   100     2 80.495188  0.98000  0.0000000  0.00000  0.00100
 22950 8.900609E+03  1.000   100     2 81.008095  0.94000  0.0000000  0.00000  0.00100
 23000 8.901229E+03  1.000   100     1 80.838087  1.00000  0.0000000  0.00000  0.00100
 23050 8.901844E+03  1.000   100     1 80.895418  1.00000  0.0000000  0.00000  0.00100
 23100 8.902451E+03  1.000   100     1 80.537571  1.00000  0.0000000  0.00000  0.00100
 23150 8.903065E+03  1.000   100     3 81.318114  0.96000  0.0000000  0.00000  0.00100
 23200 8.903672E+03  1.000   100     3 81.106612  0.81000  0.0000000  0.00000  0.00100
 23250 8.904314E+03  1.000   100     2 78.651549  0.83000  0.0000000  0.00000  0.00100
 23300 8.904931E+03  1.000   100     2 81.750999  0.82000  0.0000000  0.00000  0.00100
 23350 8.905543E+03  1.000   100     1 81.947553  1.00000  0.0000000  0.00000  0.00100
 23400 8.906163E+03  1.000   100     1 81.746544  1.00000  0.0000000  0.00000  0.00100
 23450 8.906775E+03  1.000   100     4 80.505182  0.96000  0.0000000  0.00000  0.00100
 23500 8.907404E+03  1.000   100     2 80.700639  0.97000  0.0000000  0.00000  0.00100
 23550 8.908029E+03  1.000   100     2 79.669895  0.99000  0.0000000  0.00000  0.00100
 23600 8.908655E+03  1.000   100     1 81.496920  1.00000  0.0000000  0.00000  0.00100
 23650 8.909267E+03  1.000   100     1 81.589742  1.00000  0.0000000  0.00000  0.00100
 23700 8.909874E+03  1.000   100     1 81.067123  1.00000  0.0000000  0.00000  0.00100
 23750 8.910501E+03  1.000   100     1 81.787473  1.00000  0.0000000  0.00000  0.00100
 23800 8.911115E+03  1.000   100     1 81.452807  1.00000  0.0000000  0.00000  0.00100
 23850 8.911751E+03  1.000   100     3 82.406270  0.96000  0.0000000  0.00000  0.00100
 23900 8.912370E+03  1.000   100     1 82.365455  1.00000  0.0000000  0.00000  0.00100
 23950 8.912965E+03  1.000   100     2 82.738665  0.99000  0.0000000  0.00000  0.00100
 24000 8.913581E+03  1.000   100     1 82.699458  1.00000  0.0000000  0.00000  0.00100
 24050 8.914187E+03  1.000   100     1 82.159146  1.00000  0.0000000  0.00000  0.00100
 24100 8.914800E+03  1.000   100     1 82.151293  1.00000  0.0000000  0.00000  0.00100
 24150 8.915402E+03  1.000   100     1 82.745077  1.00000  0.0000000  0.00000  0.00100
 24200 8.916001E+03  1.000   100     2 82.894651  0.97000  0.0000000  0.00000  0.00100
 24250 8.916598E+03  1.000   100     2 82.579665  0.99000  0.0000000  0.00000  0.00100
 24300 8.917206E+03  1.000   100     2 81.922961  0.72000  0.0000000  0.00000  0.00100
 24350 8.917826E+03  1.000   100     4 81.625695  0.71000  0.0000000  0.00000  0.00100
 24400 8.918455E+03  1.000   100     2 81.801808  0.61000  0.0000000  0.00000  0.00100
 24450 8.919077E+03  1.000   100     2 79.269586  0.98000  0.0000000  0.00000  0.00100
 24500 8.919719E+03  1.000   100     1 78.682694  1.00000  0.0000000  0.00000  0.00100
 24550 8.920351E+03  1.000   100     2 78.982435  0.91000  0.0000000  0.00000  0.00100
 24600 8.920982E+03  1.000   100     3 79.357939  0.95000  0.0000000  0.00000  0.00100
 24650 8.921625E+03  1.000   100     1 80.523117  1.00000  0.0000000  0.00000  0.00100
 24700 8.922249E+03  1.000   100     2 79.600265  0.99000  0.0000000  0.00000  0.00100
 24750 8.922870E+03  1.000   100     1 80.391973  1.00000  0.0000000  0.00000  0.00100
 24800 8.923496E+03  1.000   100     1 79.335907  1.00000  0.0000000  0.00000  0.00100
 24850 8.924122E+03  1.000   100     1 78.971286  1.00000  0.0000000  0.00000  0.00100
 24900 8.924740E+03  1.000   100     1 79.230568  1.00000  0.0000000  0.00000  0.00100
 24950 8.925374E+03  1.000   100     1 77.621888  1.00000  0.0000000  0.00000  0.00100
 25000 8.926003E+03  1.000   100     1 79.339020  1.00000  0.0000000  0.00000  0.00100
 25050 8.926631E+03  1.000   100     2 80.024935  0.99000  0.0000000  0.00000  0.00100
 25100 8.927281E+03  1.000   100     1 77.521097  1.00000  0.0000000  0.00000  0.00100
 25150 8.927921E+03  1.000   100     2 79.021164  0.98000  0.0000000  0.00000  0.00100
 25200 8.928559E+03  1.000   100     2 79.880140  0.99000  0.0000000  0.00000  0.00100
 25250 8.929188E+03  1.000   100     1 79.383513  1.00000  0.0000000  0.00000  0.00100
 25300 8.929829E+03  1.000   100     4 78.260496  0.71000  0.0000000  0.00000  0.00100
 25350 8.930451E+03  1.000   100     2 79.496346  0.52000  0.0000000  0.00000  0.00100
 25400 8.931075E+03  1.000   100     2 80.376760  0.98000  0.0000000  0.00000  0.00100
 25450 8.931700E+03  1.000   100     1 79.213467  1.00000  0.0000000  0.00000  0.00100
 25500 8.932340E+03  1.000   100     1 79.708331  1.00000  0.0000000  0.00000  0.00100
 25550 8.932979E+03  1.000   100     2 79.420806  0.97000  0.0000000  0.00000  0.00100
 25600 8.933610E+03  1.000   100     1 79.408828  1.00000  0.0000000  0.00000  0.00100
 25650 8.934235E+03  1.000   100     1 80.196722  1.00000  0.0000000  0.00000  0.00100
 25700 8.934869E+03  1.000   100     2 79.584854  0.98000  0.0000000  0.00000  0.00100
 25750 8.935513E+03  1.000   100     1 80.415569  1.00000  0.0000000  0.00000  0.00100
 25800 8.936147E+03  1.000   100     2 80.551054  0.97000  0.0000000  0.00000  0.00100
 25850 8.936777E+03  1.000   100     1 80.520793  1.00000  0.0000000  0.00000  0.00100
 25900 8.937408E+03  1.000   100     1 80.524061  1.00000  0.0000000  0.00000  0.00100
 25950 8.938038E+03  1.000   100     2 79.618230  0.92000  0.0000000  0.00000  0.00100
 26000 8.938663E+03  1.000   100     2 79.396274  0.99000  0.0000000  0.00000  0.00100
 26050 8.939292E+03  1.000   100     1 78.672522  1.00000  0.0000000  0.00000  0.00100
 26100 8.939947E+03  1.000   100     2 78.593690  0.59000  0.0000000  0.00000  0.00100
 26150 8.940584E+03  1.000   100     1 78.786597  1.00000  0.0000000  0.00000  0.00100
 26200 8.941220E+03  1.000   100     1 78.713771  1.00000  0.0000000  0.00000  0.00100
 26250 8.941838E+03  1.000   100     1 80.265636  1.00000  0.0000000  0.00000  0.00100
 26300 8.942455E+03  1.000   100     1 78.010271  1.00000  0.0000000  0.00000  0.00100
 26350 8.943105E+03  1.000   100     2 80.534340  0.99000  0.0000000  0.00000  0.00100
 26400 8.943738E+03  1.000   100     1 78.654810  1.00000  0.0000000  0.00000  0.00100
 26450 8.944353E+03  1.000   100     1 79.474000  1.00000  0.0000000  0.00000  0.00100
 26500 8.944978E+03  1.000   100     1 80.884331  1.00000  0.0000000  0.00000  0.00100
 26550 8.945611E+03  1.000   100     2 79.302135  0.91000  0.0000000  0.00000  0.00100
 26600 8.946223E+03  1.000   100     1 77.789726  1.00000  0.0000000  0.00000  0.00100
 26650 8.946865E+03  1.000   100     3 79.443180  0.91000  0.0000000  0.00000  0.00100
 26700 8.947490E+03  1.000   100     1 79.875819  1.00000  0.0000000  0.00000  0.00100
 26750 8.948111E+03  1.000   100     2 80.787879  0.99000  0.0000000  0.00000  0.00100
 26800 8.948739E+03  1.000   100     1 79.970515  1.00000  0.0000000  0.00000  0.00100
 26850 8.949380E+03  1.000   100     2 79.710239  0.98000  0.0000000  0.00000  0.00100
 26900 8.949998E+03  1.000   100     1 77.872939  1.00000  0.0000000  0.00000  0.00100
 26950 8.950638E+03  1.000   100     1 79.799341  1.00000  0.0000000  0.00000  0.00100
 27000 8.951259E+03  1.000   100     2 79.041417  0.99000  0.0000000  0.00000  0.00100
 27050 8.951886E+03  1.000   100     1 79.134608  1.00000  0.0000000  0.00000  0.00100
 27100 8.952512E+03  1.000   100     2 80.007844  0.97000  0.0000000  0.00000  0.00100
 27150 8.953142E+03  1.000   100     2 78.632910  0.86000  0.0000000  0.00000  0.00100
 27200 8.953784E+03  1.000   100     2 79.531203  0.89000  0.0000000  0.00000  0.00100
 27250 8.954418E+03  1.000   100     1 80.628614  1.00000  0.0000000  0.00000  0.00100
 27300 8.955030E+03  1.000   100     2 79.098764  0.99000  0.0000000  0.00000  0.00100
 27350 8.955656E+03  1.000   100     1 75.726480  1.00000  0.0000000  0.00000  0.00100
 27400 8.956304E+03  1.000   100     1 79.309771  1.00000  0.0000000  0.00000  0.00100
 27450 8.956930E+03  1.000   100     1 78.985751  1.00000  0.0000000  0.00000  0.00100
 27500 8.957578E+03  1.000   100     1 79.362403  1.00000  0.0000000  0.00000  0.00100
 27550 8.958210E+03  1.000   100     1 78.919715  1.00000  0.0000000  0.00000  0.00100
 27600 8.958834E+03  1.000   100     1 78.540362  1.00000  0.0000000  0.00000  0.00100
 27650 8.959468E+03  1.000   100     1 79.356327  1.00000  0.0000000  0.00000  0.00100
 27700 8.960100E+03  1.000   100     1 79.362200  1.00000  0.0000000  0.00000  0.00100
 27750 8.960744E+03  1.000   100     2 78.992103  0.62000  0.0000000  0.00000  0.00100
 27800 8.961383E+03  1.000   100     1 79.683257  1.00000  0.0000000  0.00000  0.00100
 27850 8.962032E+03  1.000   100     3 78.181834  0.57000  0.0000000  0.00000  0.00100
 27900 8.962671E+03  1.000   100     3 78.094918  0.95000  0.0000000  0.00000  0.00100
 27950 8.963307E+03  1.000   100     2 78.595640  0.99000  0.0000000  0.00000  0.00100
 28000 8.963940E+03  1.000   100     2 78.960249  0.90000  0.0000000  0.00000  0.00100
 28050 8.964567E+03  1.000   100     3 78.685709  0.71000  0.0000000  0.00000  0.00100
 28100 8.965187E+03  1.000   100     3 79.348290  0.67000  0.0000000  0.00000  0.00100
 28150 8.965817E+03  1.000   100     2 81.174877  0.99000  0.0000000  0.00000  0.00100
 28200 8.966442E+03  1.000   100     1 81.927124  1.00000  0.0000000  0.00000  0.00100
 28250 8.967053E+03  1.000   100     1 79.592024  1.00000  0.0000000  0.00000  0.00100
 28300 8.967680E+03  1.000   100     1 77.232864  1.00000  0.0000000  0.00000  0.00100
 28350 8.968299E+03  1.000   100     1 81.002168  1.00000  0.0000000  0.00000  0.00100
 28400 8.968916E+03  1.000   100     2 78.812435  0.95000  0.0000000  0.00000  0.00100
 28450 8.969542E+03  1.000   100     1 81.066292  1.00000  0.0000000  0.00000  0.00100
 28500 8.970161E+03  1.000   100     1 78.503085  1.00000  0.0000000  0.00000  0.00100
 28550 8.970778E+03  1.000   100     2 79.083023  0.69000  0.0000000  0.00000  0.00100
 28600 8.971393E+03  1.000   100     2 79.663005  0.99000  0.0000000  0.00000  0.00100
 28650 8.972007E+03  1.000   100     1 80.047379  1.00000  0.0000000  0.00000  0.00100
 28700 8.972628E+03  1.000   100     3 80.892892  0.94000  0.0000000  0.00000  0.00100
 28750 8.973243E+03  1.000   100     2 80.011808  0.94000  0.0000000  0.00000  0.00100
 28800 8.973867E+03  1.000   100     2 80.120234  0.66000  0.0000000  0.00000  0.00100
 28850 8.974478E+03  1.000   100     1 79.669143  1.00000  0.0000000  0.00000  0.00100
 28900 8.975095E+03  1.000   100     2 79.548937  0.87000  0.0000000  0.00000  0.00100
 28950 8.975734E+03  1.000   100     2 78.413233  0.59000  0.0000000  0.00000  0.00100
 29000 8.976373E+03  1.000   100     2 77.377219  0.91000  0.0000000  0.00000  0.00100
 29050 8.976993E+03  1.000   100     2 77.558987  0.99000  0.0000000  0.00000  0.00100
 29100 8.977632E+03  1.000   100     1 78.137162  1.00000  0.0000000  0.00000  0.00100
 29150 8.978252E+03  1.000   100     2 79.788526  0.99000  0.0000000  0.00000  0.00100
 29200 8.978884E+03  1.000   100     1 80.077991  1.00000  0.0000000  0.00000  0.00100
 29250 8.979524E+03  1.000   100     1 79.930729  1.00000  0.0000000  0.00000  0.00100
 29300 8.980138E+03  1.000   100     2 79.769546  0.91000  0.0000000  0.00000  0.00100
 29350 8.980761E+03  1.000   100     1 77.901473  1.00000  0.0000000  0.00000  0.00100
 29400 8.981388E+03  1.000   100     2 79.905958  0.97000  0.0000000  0.00000  0.00100
 29450 8.982019E+03  1.000   100     1 76.849542  1.00000  0.0000000  0.00000  0.00100
 29500 8.982663E+03  1.000   100     1 78.951252  1.00000  0.0000000  0.00000  0.00100
 29550 8.983307E+03  1.000   100     1 79.118918  1.00000  0.0000000  0.00000  0.00100
 29600 8.983933E+03  1.000   100     1 80.240895  1.00000  0.0000000  0.00000  0.00100
 29650 8.984556E+03  1.000   100     1 80.714587  1.00000  0.0000000  0.00000  0.00100
 29700 8.985188E+03  1.000   100     1 77.660452  1.00000  0.0000000  0.00000  0.00100
 29750 8.985813E+03  1.000   100     2 81.485892  0.96000  0.0000000  0.00000  0.00100
 29800 8.986440E+03  1.000   100     1 80.513101  1.00000  0.0000000  0.00000  0.00100
 29850 8.987068E+03  1.000   100     1 80.784079  1.00000  0.0000000  0.00000  0.00100
 29900 8.987694E+03  1.000   100     1 79.193533  1.00000  0.0000000  0.00000  0.00100
 29950 8.988329E+03  1.000   100     1 81.306819  1.00000  0.0000000  0.00000  0.00100
 30000 8.988955E+03  1.000   100     3 81.253902  0.85000  0.0000000  0.00000  0.00100
 30050 8.989570E+03  1.000   100     2 80.763487  0.96000  0.0000000  0.00000  0.00100
 30100 8.990189E+03  1.000   100     1 81.311887  1.00000  0.0000000  0.00000  0.00100
 30150 8.990806E+03  1.000   100     1 79.570604  1.00000  0.0000000  0.00000  0.00100
 30200 8.991419E+03  1.000   100     1 80.788899  1.00000  0.0000000  0.00000  0.00100
 30250 8.992050E+03  1.000   100     2 76.516491  0.67000  0.0000000  0.00000  0.00100
 30300 8.992686E+03  1.000   100     3 78.702668  0.95000  0.0000000  0.00000  0.00100
 30350 8.993332E+03  1.000   100     1 77.129196  1.00000  0.0000000  0.00000  0.00100
 30400 8.993942E+03  1.000   100     1 79.825513  1.00000  0.0000000  0.00000  0.00100
 30450 8.994570E+03  1.000   100     2 78.083872  0.98000  0.0000000  0.00000  0.00100
 30500 8.995202E+03  1.000   100     1 77.489217  1.00000  0.0000000  0.00000  0.00100
 30550 8.995819E+03  1.000   100     2 79.618479  0.99000  0.0000000  0.00000  0.00100
 30600 8.996441E+03  1.000   100     1 78.599185  1.00000  0.0000000  0.00000  0.00100
 30650 8.997083E+03  1.000   100     2 78.768727  0.98000  0.0000000  0.00000  0.00100
 30700 8.997698E+03  1.000   100     1 80.474595  1.00000  0.0000000  0.00000  0.00100
 30750 8.998350E+03  1.000   100     2 79.424080  0.98000  0.0000000  0.00000  0.00100
 30800 8.998986E+03  1.000   100     1 80.585409  1.00000  0.0000000  0.00000  0.00100
 30850 8.999623E+03  1.000   100     1 79.614513  1.00000  0.0000000  0.00000  0.00100
 30900 9.000255E+03  1.000   100     1 79.823137  1.00000  0.0000000  0.00000  0.00100
 30950 9.000876E+03  1.000   100     1 79.353085  1.00000  0.0000000  0.00000  0.00100
 31000 9.001504E+03  1.000   100     1 79.756532  1.00000  0.0000000  0.00000  0.00100
 31050 9.002124E+03  1.000   100     1 79.769789  1.00000  0.0000000  0.00000  0.00100
 31100 9.002752E+03  1.000   100     2 80.109309  0.99000  0.0000000  0.00000  0.00100
 31150 9.003377E+03  1.000   100     1 80.110147  1.00000  0.0000000  0.00000  0.00100
 31200 9.003987E+03  1.000   100     2 79.795478  0.94000  0.0000000  0.00000  0.00100
 31250 9.004608E+03  1.000   100     2 78.351923  0.89000  0.0000000  0.00000  0.00100
 31300 9.005220E+03  1.000   100     1 80.684220  1.00000  0.0000000  0.00000  0.00100
 31350 9.005849E+03  1.000   100     2 80.299595  0.98000  0.0000000  0.00000  0.00100
 31400 9.006481E+03  1.000   100     1 78.642352  1.00000  0.0000000  0.00000  0.00100
 31450 9.007099E+03  1.000   100     2 80.691896  0.99000  0.0000000  0.00000  0.00100
 31500 9.007723E+03  1.000   100     1 80.791896  1.00000  0.0000000  0.00000  0.00100
 31550 9.008365E+03  1.000   100     1 79.376590  1.00000  0.0000000  0.00000  0.00100
 31600 9.008981E+03  1.000   100     2 80.447832  0.99000  0.0000000  0.00000  0.00100
 31650 9.009604E+03  1.000   100     1 79.952476  1.00000  0.0000000  0.00000  0.00100
 31700 9.010220E+03  1.000   100     2 80.831814  0.91000  0.0000000  0.00000  0.00100
 31750 9.010845E+03  1.000   100     1 81.668288  1.00000  0.0000000  0.00000  0.00100
 31800 9.011476E+03  1.000   100     2 80.523688  0.98000  0.0000000  0.00000  0.00100
 31850 9.012107E+03  1.000   100     1 80.314029  1.00000  0.0000000  0.00000  0.00100
 31900 9.012725E+03  1.000   100     2 77.892132  0.85000  0.0000000  0.00000  0.00100
 31950 9.013341E+03  1.000   100     1 81.150346  1.00000  0.0000000  0.00000  0.00100
 32000 9.013982E+03  1.000   100     3 77.330023  0.86000  0.0000000  0.00000  0.00100
 32050 9.014608E+03  1.000   100     2 81.972965  0.75000  0.0000000  0.00000  0.00100
 32100 9.015236E+03  1.000   100     1 81.398158  1.00000  0.0000000  0.00000  0.00100
 32150 9.015848E+03  1.000   100     1 78.674027  1.00000  0.0000000  0.00000  0.00100
 32200 9.016491E+03  1.000   100     1 80.953061  1.00000  0.0000000  0.00000  0.00100
 32250 9.017107E+03  1.000   100     1 79.918316  1.00000  0.0000000  0.00000  0.00100
 32300 9.017715E+03  1.000   100     1 81.086869  1.00000  0.0000000  0.00000  0.00100
 32350 9.018338E+03  1.000   100     1 79.272534  1.00000  0.0000000  0.00000  0.00100
 32400 9.018959E+03  1.000   100     2 81.199461  0.88000  0.0000000  0.00000  0.00100
 32450 9.019577E+03  1.000   100     3 81.230828  0.92000  0.0000000  0.00000  0.00100
 32500 9.020206E+03  1.000   100     1 81.623236  1.00000  0.0000000  0.00000  0.00100
 32550 9.020828E+03  1.000   100     1 80.856346  1.00000  0.0000000  0.00000  0.00100
 32600 9.021445E+03  1.000   100     1 81.012954  1.00000  0.0000000  0.00000  0.00100
 32650 9.022087E+03  1.000   100     1 76.369595  1.00000  0.0000000  0.00000  0.00100
 32700 9.022737E+03  1.000   100     1 80.358785  1.00000  0.0000000  0.00000  0.00100
 32750 9.023367E+03  1.000   100     4 79.680721  0.93000  0.0000000  0.00000  0.00100
 32800 9.023983E+03  1.000   100     2 79.161984  0.91000  0.0000000  0.00000  0.00100
 32850 9.024618E+03  1.000   100     1 77.604128  1.00000  0.0000000  0.00000  0.00100
 32900 9.025251E+03  1.000   100     1 80.873808  1.00000  0.0000000  0.00000  0.00100
 32950 9.025886E+03  1.000   100     1 79.888876  1.00000  0.0000000  0.00000  0.00100
 33000 9.026489E+03  1.000   100     2 80.632239  0.97000  0.0000000  0.00000  0.00100
 33050 9.027118E+03  1.000   100     2 81.259603  0.61000  0.0000000  0.00000  0.00100
 33100 9.027731E+03  1.000   100     1 80.847333  1.00000  0.0000000  0.00000  0.00100
 33150 9.028341E+03  1.000   100     2 80.080767  0.98000  0.0000000  0.00000  0.00100
 33200 9.028942E+03  1.000   100     3 81.340659  0.84000  0.0000000  0.00000  0.00100
 33250 9.029557E+03  1.000   100     1 81.508683  1.00000  0.0000000  0.00000  0.00100
 33300 9.030173E+03  1.000   100     2 82.367035  0.96000  0.0000000  0.00000  0.00100
 33350 9.030785E+03  1.000   100     2 80.040119  0.97000  0.0000000  0.00000  0.00100
 33400 9.031389E+03  1.000   100     2 81.008353  0.98000  0.0000000  0.00000  0.00100
 33450 9.032010E+03  1.000   100     3 82.209269  0.95000  0.0000000  0.00000  0.00100
 33500 9.032623E+03  1.000   100     1 82.306598  1.00000  0.0000000  0.00000  0.00100
 33550 9.033245E+03  1.000   100     1 82.128071  1.00000  0.0000000  0.00000  0.00100
 33600 9.033860E+03  1.000   100     2 80.201757  0.99000  0.0000000  0.00000  0.00100
 33650 9.034480E+03  1.000   100     1 81.271232  1.00000  0.0000000  0.00000  0.00100
 33700 9.035087E+03  1.000   100     1 82.224545  1.00000  0.0000000  0.00000  0.00100
 33750 9.035698E+03  1.000   100     2 83.271200  0.93000  0.0000000  0.00000  0.00100
 33800 9.036303E+03  1.000   100     3 82.121796  0.55000  0.0000000  0.00000  0.00100
 33850 9.036918E+03  1.000   100     1 80.808981  1.00000  0.0000000  0.00000  0.00100
 33900 9.037543E+03  1.000   100     1 80.870892  1.00000  0.0000000  0.00000  0.00100
 33950 9.038164E+03  1.000   100     2 80.638523  0.77000  0.0000000  0.00000  0.00100
 34000 9.038780E+03  1.000   100     1 81.263169  1.00000  0.0000000  0.00000  0.00100
 34050 9.039403E+03  1.000   100     2 81.132998  0.99000  0.0000000  0.00000  0.00100
 34100 9.040035E+03  1.000   100     1 77.088342  1.00000  0.0000000  0.00000  0.00100
 34150 9.040659E+03  1.000   100     1 79.725711  1.00000  0.0000000  0.00000  0.00100
 34200 9.041287E+03  1.000   100     1 80.525554  1.00000  0.0000000  0.00000  0.00100
 34250 9.041923E+03  1.000   100     3 80.503129  0.79000  0.0000000  0.00000  0.00100
 34300 9.042538E+03  1.000   100     1 81.304798  1.00000  0.0000000  0.00000  0.00100
 34350 9.043169E+03  1.000   100     1 79.668830  1.00000  0.0000000  0.00000  0.00100
 34400 9.043797E+03  1.000   100     2 81.098295  0.97000  0.0000000  0.00000  0.00100
 34450 9.044415E+03  1.000   100     2 80.933556  0.98000  0.0000000  0.00000  0.00100
 34500 9.045033E+03  1.000   100     2 79.540919  0.99000  0.0000000  0.00000  0.00100
 34550 9.045651E+03  1.000   100     1 81.171089  1.00000  0.0000000  0.00000  0.00100
 34600 9.046252E+03  1.000   100     1 81.039899  1.00000  0.0000000  0.00000  0.00100
 34650 9.046874E+03  1.000   100     1 80.713094  1.00000  0.0000000  0.00000  0.00100
 34700 9.047505E+03  1.000   100     1 80.716156  1.00000  0.0000000  0.00000  0.00100
 34750 9.048151E+03  1.000   100     2 80.706016  0.72000  0.0000000  0.00000  0.00100
 34800 9.048780E+03  1.000   100     1 79.729438  1.00000  0.0000000  0.00000  0.00100
 34850 9.049406E+03  1.000   100     1 80.525393  1.00000  0.0000000  0.00000  0.00100
 34900 9.050024E+03  1.000   100     2 81.571957  0.73000  0.0000000  0.00000  0.00100
 34950 9.050632E+03  1.000   100     1 82.386710  1.00000  0.0000000  0.00000  0.00100
 35000 9.051240E+03  1.000   100     1 81.817368  1.00000  0.0000000  0.00000  0.00100
 35050 9.051845E+03  1.000   100     3 82.663351  0.84000  0.0000000  0.00000  0.00100
 35100 9.052452E+03  1.000   100     2 80.540514  0.99000  0.0000000  0.00000  0.00100
 35150 9.053058E+03  1.000   100     2 80.795828  0.94000  0.0000000  0.00000  0.00100
 35200 9.053669E+03  1.000   100     1 82.269149  1.00000  0.0000000  0.00000  0.00100
 35250 9.054287E+03  1.000   100     1 83.367759  1.00000  0.0000000  0.00000  0.00100
 35300 9.054895E+03  1.000   100     2 82.996078  0.81000  0.0000000  0.00000  0.00100
 35350 9.055488E+03  1.000   100     1 83.258042  1.00000  0.0000000  0.00000  0.00100
 35400 9.056083E+03  1.000   100     1 82.279698  1.00000  0.0000000  0.00000  0.00100
 35450 9.056684E+03  1.000   100     1 82.989605  1.00000  0.0000000  0.00000  0.00100
 35500 9.057294E+03  1.000   100     1 83.089864  1.00000  0.0000000  0.00000  0.00100
 35550 9.057895E+03  1.000   100     1 80.811033  1.00000  0.0000000  0.00000  0.00100
 35600 9.058517E+03  1.000   100     2 83.341484  0.80000  0.0000000  0.00000  0.00100
 35650 9.059109E+03  1.000   100     3 80.544008  0.71000  0.0000000  0.00000  0.00100
 35700 9.059723E+03  1.000   100     1 81.897006  1.00000  0.0000000  0.00000  0.00100
 35750 9.060352E+03  1.000   100     2 82.685799  0.99000  0.0000000  0.00000  0.00100
 35800 9.060950E+03  1.000   100     1 82.863722  1.00000  0.0000000  0.00000  0.00100
 35850 9.061555E+03  1.000   100     1 83.335458  1.00000  0.0000000  0.00000  0.00100
 35900 9.062165E+03  1.000   100     2 82.990978  0.83000  0.0000000  0.00000  0.00100
 35950 9.062765E+03  1.000   100     2 82.397892  0.71000  0.0000000  0.00000  0.00100
 36000 9.063373E+03  1.000   100     3 82.880037  0.93000  0.0000000  0.00000  0.00100
 36050 9.063986E+03  1.000   100     3 82.496436  0.75000  0.0000000  0.00000  0.00100
 36100 9.064590E+03  1.000   100     3 82.578463  0.62000  0.0000000  0.00000  0.00100
 36150 9.065193E+03  1.000   100     4 82.965663  0.53000  0.0000000  0.00000  0.00100
 36200 9.065793E+03  1.000   100     1 83.276754  1.00000  0.0000000  0.00000  0.00100
 36250 9.066391E+03  1.000   100     1 82.737975  1.00000  0.0000000  0.00000  0.00100
 36300 9.067012E+03  1.000   100     1 81.657921  1.00000  0.0000000  0.00000  0.00100
 36350 9.067623E+03  1.000   100     2 80.534058  0.98000  0.0000000  0.00000  0.00100
 36400 9.068212E+03  1.000   100     1 83.070231  1.00000  0.0000000  0.00000  0.00100
 36450 9.068835E+03  1.000   100     1 82.597945  1.00000  0.0000000  0.00000  0.00100
 36500 9.069428E+03  1.000   100     2 83.219577  0.99000  0.0000000  0.00000  0.00100
 36550 9.070037E+03  1.000   100     1 82.037954  1.00000  0.0000000  0.00000  0.00100
 36600 9.070658E+03  1.000   100     1 83.071350  1.00000  0.0000000  0.00000  0.00100
 36650 9.071258E+03  1.000   100     2 82.441664  0.98000  0.0000000  0.00000  0.00100
 36700 9.071870E+03  1.000   100     2 83.857818  0.99000  0.0000000  0.00000  0.00100
 36750 9.072474E+03  1.000   100     1 82.802163  1.00000  0.0000000  0.00000  0.00100
 36800 9.073098E+03  1.000   100     2 81.991282  0.98000  0.0000000  0.00000  0.00100
 36850 9.073695E+03  1.000   100     2 83.232955  0.86000  0.0000000  0.00000  0.00100
 36900 9.074305E+03  1.000   100     3 81.832363  0.92000  0.0000000  0.00000  0.00100
 36950 9.074901E+03  1.000   100     1 83.207421  1.00000  0.0000000  0.00000  0.00100
 37000 9.075507E+03  1.000   100     2 81.657498  0.66000  0.0000000  0.00000  0.00100
 37050 9.076120E+03  1.000   100     3 81.617670  0.97000  0.0000000  0.00000  0.00100
 37100 9.076723E+03  1.000   100     1 82.079198  1.00000  0.0000000  0.00000  0.00100
 37150 9.077341E+03  1.000   100     1 82.470580  1.00000  0.0000000  0.00000  0.00100
 37200 9.077967E+03  1.000   100     1 83.104266  1.00000  0.0000000  0.00000  0.00100
 37250 9.078578E+03  1.000   100     3 81.324475  0.91000  0.0000000  0.00000  0.00100
 37300 9.079184E+03  1.000   100     1 82.820062  1.00000  0.0000000  0.00000  0.00100
 37350 9.079782E+03  1.000   100     2 83.340920  0.99000  0.0000000  0.00000  0.00100
 37400 9.080395E+03  1.000   100     4 81.700240  0.82000  0.0000000  0.00000  0.00100
 37450 9.081005E+03  1.000   100     2 82.564953  0.99000  0.0000000  0.00000  0.00100
 37500 9.081627E+03  1.000   100     2 81.417725  0.98000  0.0000000  0.00000  0.00100
 37550 9.082224E+03  1.000   100     2 82.381857  0.94000  0.0000000  0.00000  0.00100
 37600 9.082855E+03  1.000   100     4 81.179566  0.52000  0.0000000  0.00000  0.00100
 37650 9.083477E+03  1.000   100     3 81.082257  0.63000  0.0000000  0.00000  0.00100
 37700 9.084113E+03  1.000   100     1 82.818961  1.00000  0.0000000  0.00000  0.00100
 37750 9.084709E+03  1.000   100     2 82.996881  0.99000  0.0000000  0.00000  0.00100
 37800 9.085317E+03  1.000   100     2 82.731638  0.90000  0.0000000  0.00000  0.00100
 37850 9.085917E+03  1.000   100     2 83.503659  0.94000  0.0000000  0.00000  0.00100
 37900 9.086517E+03  1.000   100     1 79.383977  1.00000  0.0000000  0.00000  0.00100
 37950 9.087121E+03  1.000   100     2 83.966990  0.54000  0.0000000  0.00000  0.00100
 38000 9.087730E+03  1.000   100     1 83.189387  1.00000  0.0000000  0.00000  0.00100
 38050 9.088324E+03  1.000   100     1 80.514528  1.00000  0.0000000  0.00000  0.00100
 38100 9.088940E+03  1.000   100     2 82.719688  0.96000  0.0000000  0.00000  0.00100
 38150 9.089544E+03  1.000   100     1 81.780458  1.00000  0.0000000  0.00000  0.00100
 38200 9.090152E+03  1.000   100     1 77.104639  1.00000  0.0000000  0.00000  0.00100
 38250 9.090768E+03  1.000   100     2 82.480494  0.99000  0.0000000  0.00000  0.00100
 38300 9.091369E+03  1.000   100     2 82.376802  0.99000  0.0000000  0.00000  0.00100
 38350 9.091977E+03  1.000   100     2 81.751721  0.98000  0.0000000  0.00000  0.00100
 38400 9.092570E+03  1.000   100     1 82.561022  1.00000  0.0000000  0.00000  0.00100
 38450 9.093183E+03  1.000   100     2 82.749690  0.95000  0.0000000  0.00000  0.00100
 38500 9.093781E+03  1.000   100     1 84.039468  1.00000  0.0000000  0.00000  0.00100
 38550 9.094373E+03  1.000   100     1 83.068799  1.00000  0.0000000  0.00000  0.00100
 38600 9.094969E+03  1.000   100     2 84.201768  0.80000  0.0000000  0.00000  0.00100
 38650 9.095572E+03  1.000   100     3 83.376634  0.95000  0.0000000  0.00000  0.00100
 38700 9.096173E+03  1.000   100     1 82.961186  1.00000  0.0000000  0.00000  0.00100
 38750 9.096773E+03  1.000   100     1 82.616653  1.00000  0.0000000  0.00000  0.00100
 38800 9.097375E+03  1.000   100     2 82.807401  0.97000  0.0000000  0.00000  0.00100
 38850 9.097987E+03  1.000   100     4 82.846947  0.66000  0.0000000  0.00000  0.00100
 38900 9.098584E+03  1.000   100     1 84.145872  1.00000  0.0000000  0.00000  0.00100
 38950 9.099190E+03  1.000   100     2 80.413012  0.94000  0.0000000  0.00000  0.00100
 39000 9.099813E+03  1.000   100     1 80.555316  1.00000  0.0000000  0.00000  0.00100
 39050 9.100440E+03  1.000   100     2 81.572705  0.99000  0.0000000  0.00000  0.00100
 39100 9.101041E+03  1.000   100     1 82.934002  1.00000  0.0000000  0.00000  0.00100
 39150 9.101656E+03  1.000   100     2 80.464904  0.98000  0.0000000  0.00000  0.00100
 39200 9.102268E+03  1.000   100     1 83.133725  1.00000  0.0000000  0.00000  0.00100
 39250 9.102880E+03  1.000   100     1 82.551240  1.00000  0.0000000  0.00000  0.00100
 39300 9.103482E+03  1.000   100     1 83.653007  1.00000  0.0000000  0.00000  0.00100
 39350 9.104090E+03  1.000   100     2 83.894674  0.52000  0.0000000  0.00000  0.00100
 39400 9.104688E+03  1.000   100     2 83.285640  0.92000  0.0000000  0.00000  0.00100
 39450 9.105295E+03  1.000   100     2 83.330234  0.99000  0.0000000  0.00000  0.00100
 39500 9.105899E+03  1.000   100     2 81.831412  0.94000  0.0000000  0.00000  0.00100
 39550 9.106503E+03  1.000   100     2 83.599895  0.98000  0.0000000  0.00000  0.00100
 39600 9.107105E+03  1.000   100     3 81.321685  0.84000  0.0000000  0.00000  0.00100
 39650 9.107702E+03  1.000   100     2 82.886357  0.99000  0.0000000  0.00000  0.00100
 39700 9.108297E+03  1.000   100     2 80.670242  0.98000  0.0000000  0.00000  0.00100
 39750 9.108915E+03  1.000   100     2 81.117565  0.98000  0.0000000  0.00000  0.00100
 39800 9.109538E+03  1.000   100     1 82.185775  1.00000  0.0000000  0.00000  0.00100
 39850 9.110155E+03  1.000   100     1 82.476811  1.00000  0.0000000  0.00000  0.00100
 39900 9.110754E+03  1.000   100     2 82.944065  0.98000  0.0000000  0.00000  0.00100
 39950 9.111357E+03  1.000   100     2 82.939969  0.99000  0.0000000  0.00000  0.00100
 40000 9.111966E+03  1.000   100     1 81.621590  1.00000  0.0000000  0.00000  0.00100
 40050 9.112573E+03  1.000   100     1 83.657243  1.00000  0.0000000  0.00000  0.00100
 40100 9.113169E+03  1.000   100     1 83.029847  1.00000  0.0000000  0.00000  0.00100
 40150 9.113759E+03  1.000   100     1 83.553376  1.00000  0.0000000  0.00000  0.00100
 40200 9.114368E+03  1.000   100     3 83.454186  0.52000  0.0000000  0.00000  0.00100
 40250 9.114974E+03  1.000   100     2 83.331023  0.92000  0.0000000  0.00000  0.00100
 40300 9.115570E+03  1.000   100     2 82.949720  0.95000  0.0000000  0.00000  0.00100
 40350 9.116169E+03  1.000   100     3 82.632897  0.87000  0.0000000  0.00000  0.00100
 40400 9.116784E+03  1.000   100     1 82.599032  1.00000  0.0000000  0.00000  0.00100
 40450 9.117387E+03  1.000   100     3 83.201792  0.53000  0.0000000  0.00000  0.00100
 40500 9.117985E+03  1.000   100     3 82.466197  0.54000  0.0000000  0.00000  0.00100
 40550 9.118589E+03  1.000   100     1 84.410444  1.00000  0.0000000  0.00000  0.00100
 40600 9.119197E+03  1.000   100     2 84.425848  0.93000  0.0000000  0.00000  0.00100
 40650 9.119783E+03  1.000   100     2 83.564274  0.94000  0.0000000  0.00000  0.00100
 40700 9.120377E+03  1.000   100     1 83.233369  1.00000  0.0000000  0.00000  0.00100
 40750 9.120968E+03  1.000   100     2 82.879916  0.99000  0.0000000  0.00000  0.00100
 40800 9.121551E+03  1.000   100     1 85.100539  1.00000  0.0000000  0.00000  0.00100
 40850 9.122158E+03  1.000   100     4 83.126076  0.74000  0.0000000  0.00000  0.00100
 40900 9.122749E+03  1.000   100     1 84.525030  1.00000  0.0000000  0.00000  0.00100
 40950 9.123341E+03  1.000   100     1 84.072244  1.00000  0.0000000  0.00000  0.00100
 41000 9.123925E+03  1.000   100     1 81.087065  1.00000  0.0000000  0.00000  0.00100
 41050 9.124531E+03  1.000   100     3 82.701720  0.98000  0.0000000  0.00000  0.00100
 41100 9.125149E+03  1.000   100     3 83.535008  0.92000  0.0000000  0.00000  0.00100
 41150 9.125760E+03  1.000   100     1 79.591310  1.00000  0.0000000  0.00000  0.00100
 41200 9.126393E+03  1.000   100     1 78.906151  1.00000  0.0000000  0.00000  0.00100
 41250 9.127011E+03  1.000   100     1 77.811560  1.00000  0.0000000  0.00000  0.00100
 41300 9.127648E+03  1.000   100     1 78.427852  1.00000  0.0000000  0.00000  0.00100
 41350 9.128289E+03  1.000   100     1 78.158949  1.00000  0.0000000  0.00000  0.00100
 41400 9.128930E+03  1.000   100     1 79.322488  1.00000  0.0000000  0.00000  0.00100
 41450 9.129563E+03  1.000   100     1 79.781352  1.00000  0.0000000  0.00000  0.00100
 41500 9.130195E+03  1.000   100     4 78.981857  0.53000  0.0000000  0.00000  0.00100
 41550 9.130831E+03  1.000   100     1 79.914495  1.00000  0.0000000  0.00000  0.00100
 41600 9.131435E+03  1.000   100     2 80.427570  0.95000  0.0000000  0.00000  0.00100
 41650 9.132064E+03  1.000   100     2 80.740673  0.99000  0.0000000  0.00000  0.00100
 41700 9.132681E+03  1.000   100     1 80.089623  1.00000  0.0000000  0.00000  0.00100
 41750 9.133315E+03  1.000   100     1 80.117382  1.00000  0.0000000  0.00000  0.00100
 41800 9.133959E+03  1.000   100     1 81.086789  1.00000  0.0000000  0.00000  0.00100
 41850 9.134578E+03  1.000   100     1 79.979033  1.00000  0.0000000  0.00000  0.00100
 41900 9.135185E+03  1.000   100     2 80.828521  0.99000  0.0000000  0.00000  0.00100
 41950 9.135803E+03  1.000   100     1 81.099307  1.00000  0.0000000  0.00000  0.00100
 42000 9.136449E+03  1.000   100     2 76.829590  0.69000  0.0000000  0.00000  0.00100
 42050 9.137073E+03  1.000   100     2 81.152755  0.61000  0.0000000  0.00000  0.00100
 42100 9.137688E+03  1.000   100     2 81.250049  0.83000  0.0000000  0.00000  0.00100
 42150 9.138318E+03  1.000   100     2 81.277853  0.99000  0.0000000  0.00000  0.00100
 42200 9.138943E+03  1.000   100     2 80.862820  0.95000  0.0000000  0.00000  0.00100
 42250 9.139565E+03  1.000   100     1 82.341321  1.00000  0.0000000  0.00000  0.00100
 42300 9.140186E+03  1.000   100     3 80.976961  0.87000  0.0000000  0.00000  0.00100
 42350 9.140828E+03  1.000   100     3 80.360214  0.91000  0.0000000  0.00000  0.00100
 42400 9.141427E+03  1.000   100     2 81.355160  0.96000  0.0000000  0.00000  0.00100
 42450 9.142047E+03  1.000   100     4 79.996629  0.63000  0.0000000  0.00000  0.00100
 42500 9.142682E+03  1.000   100     2 79.934440  0.98000  0.0000000  0.00000  0.00100
 42550 9.143300E+03  1.000   100     2 81.780150  0.96000  0.0000000  0.00000  0.00100
 42600 9.143913E+03  1.000   100     1 81.684621  1.00000  0.0000000  0.00000  0.00100
 42650 9.144524E+03  1.000   100     1 82.447711  1.00000  0.0000000  0.00000  0.00100
 42700 9.145131E+03  1.000   100     1 82.892432  1.00000  0.0000000  0.00000  0.00100
 42750 9.145746E+03  1.000   100     1 82.583481  1.00000  0.0000000  0.00000  0.00100
 42800 9.146364E+03  1.000   100     2 82.099627  0.99000  0.0000000  0.00000  0.00100
 42850 9.146980E+03  1.000   100     2 81.715721  0.99000  0.0000000  0.00000  0.00100
 42900 9.147584E+03  1.000   100     2 81.435445  0.98000  0.0000000  0.00000  0.00100
 42950 9.148173E+03  1.000   100     1 82.722776  1.00000  0.0000000  0.00000  0.00100
 43000 9.148774E+03  1.000   100     1 82.351705  1.00000  0.0000000  0.00000  0.00100
 43050 9.149369E+03  1.000   100     1 80.997247  1.00000  0.0000000  0.00000  0.00100
 43100 9.149990E+03  1.000   100     1 82.662529  1.00000  0.0000000  0.00000  0.00100
 43150 9.150613E+03  1.000   100     1 82.340525  1.00000  0.0000000  0.00000  0.00100
 43200 9.151207E+03  1.000   100     2 82.540778  0.78000  0.0000000  0.00000  0.00100
 43250 9.151825E+03  1.000   100     1 83.529763  1.00000  0.0000000  0.00000  0.00100
 43300 9.152423E+03  1.000   100     1 82.047643  1.00000  0.0000000  0.00000  0.00100
 43350 9.153012E+03  1.000   100     2 83.464521  0.98000  0.0000000  0.00000  0.00100
 43400 9.153607E+03  1.000   100     1 82.700333  1.00000  0.0000000  0.00000  0.00100
 43450 9.154216E+03  1.000   100     2 82.928737  0.97000  0.0000000  0.00000  0.00100
 43500 9.154827E+03  1.000   100     1 83.510866  1.00000  0.0000000  0.00000  0.00100
 43550 9.155430E+03  1.000   100     1 83.870889  1.00000  0.0000000  0.00000  0.00100
 43600 9.156038E+03  1.000   100     4 82.247555  0.86000  0.0000000  0.00000  0.00100
 43650 9.156651E+03  1.000   100     1 83.315299  1.00000  0.0000000  0.00000  0.00100
 43700 9.157267E+03  1.000   100     1 81.319522  1.00000  0.0000000  0.00000  0.00100
 43750 9.157876E+03  1.000   100     3 82.817064  0.95000  0.0000000  0.00000  0.00100
 43800 9.158485E+03  1.000   100     1 82.680879  1.00000  0.0000000  0.00000  0.00100
 43850 9.159101E+03  1.000   100     1 81.561618  1.00000  0.0000000  0.00000  0.00100
 43900 9.159706E+03  1.000   100     1 81.033558  1.00000  0.0000000  0.00000  0.00100
 43950 9.160333E+03  1.000   100     1 81.363955  1.00000  0.0000000  0.00000  0.00100
 44000 9.160956E+03  1.000   100     2 80.495399  0.82000  0.0000000  0.00000  0.00100
 44050 9.161582E+03  1.000   100     1 81.983073  1.00000  0.0000000  0.00000  0.00100
 44100 9.162195E+03  1.000   100     3 81.409084  0.80000  0.0000000  0.00000  0.00100
 44150 9.162808E+03  1.000   100     1 81.308852  1.00000  0.0000000  0.00000  0.00100
 44200 9.163420E+03  1.000   100     2 82.657062  0.99000  0.0000000  0.00000  0.00100
 44250 9.164028E+03  1.000   100     4 79.985956  0.90000  0.0000000  0.00000  0.00100
 44300 9.164633E+03  1.000   100     1 82.687108  1.00000  0.0000000  0.00000  0.00100
 44350 9.165246E+03  1.000   100     1 82.563140  1.00000  0.0000000  0.00000  0.00100
 44400 9.165850E+03  1.000   100     1 81.719840  1.00000  0.0000000  0.00000  0.00100
 44450 9.166460E+03  1.000   100     2 83.513829  0.99000  0.0000000  0.00000  0.00100
 44500 9.167078E+03  1.000   100     1 82.478131  1.00000  0.0000000  0.00000  0.00100
 44550 9.167676E+03  1.000   100     1 82.894213  1.00000  0.0000000  0.00000  0.00100
 44600 9.168283E+03  1.000   100     3 83.282635  0.55000  0.0000000  0.00000  0.00100
 44650 9.168885E+03  1.000   100     2 83.025424  0.55000  0.0000000  0.00000  0.00100
 44700 9.169482E+03  1.000   100     2 82.886510  0.93000  0.0000000  0.00000  0.00100
 44750 9.170088E+03  1.000   100     2 81.719557  0.99000  0.0000000  0.00000  0.00100
 44800 9.170694E+03  1.000   100     1 81.104690  1.00000  0.0000000  0.00000  0.00100
 44850 9.171291E+03  1.000   100     2 81.970394  0.98000  0.0000000  0.00000  0.00100
 44900 9.171903E+03  1.000   100     1 82.805546  1.00000  0.0000000  0.00000  0.00100
 44950 9.172509E+03  1.000   100     2 83.135269  0.99000  0.0000000  0.00000  0.00100
 45000 9.173103E+03  1.000   100     1 82.626034  1.00000  0.0000000  0.00000  0.00100
 45050 9.173700E+03  1.000   100     1 83.082904  1.00000  0.0000000  0.00000  0.00100
 45100 9.174306E+03  1.000   100     4 82.143319  0.95000  0.0000000  0.00000  0.00100
 45150 9.174919E+03  1.000   100     1 82.375030  1.00000  0.0000000  0.00000  0.00100
 45200 9.175548E+03  1.000   100     3 82.893357  0.93000  0.0000000  0.00000  0.00100
 45250 9.176167E+03  1.000   100     1 82.713798  1.00000  0.0000000  0.00000  0.00100
 45300 9.176783E+03  1.000   100     2 82.977159  0.98000  0.0000000  0.00000  0.00100
 45350 9.177397E+03  1.000   100     4 82.778687  0.89000  0.0000000  0.00000  0.00100
 45400 9.178009E+03  1.000   100     3 82.198239  0.89000  0.0000000  0.00000  0.00100
 45450 9.178629E+03  1.000   100     1 82.171692  1.00000  0.0000000  0.00000  0.00100
 45500 9.179222E+03  1.000   100     1 82.706324  1.00000  0.0000000  0.00000  0.00100
 45550 9.179825E+03  1.000   100     3 81.311675  0.98000  0.0000000  0.00000  0.00100
 45600 9.180447E+03  1.000   100     2 82.361985  0.70000  0.0000000  0.00000  0.00100
 45650 9.181064E+03  1.000   100     1 81.858877  1.00000  0.0000000  0.00000  0.00100
 45700 9.181671E+03  1.000   100     1 80.039269  1.00000  0.0000000  0.00000  0.00100
 45750 9.182290E+03  1.000   100     1 80.853605  1.00000  0.0000000  0.00000  0.00100
 45800 9.182916E+03  1.000   100     1 80.671799  1.00000  0.0000000  0.00000  0.00100
 45850 9.183536E+03  1.000   100     1 81.182582  1.00000  0.0000000  0.00000  0.00100
 45900 9.184158E+03  1.000   100     1 81.463835  1.00000  0.0000000  0.00000  0.00100
 45950 9.184779E+03  1.000   100     1 81.422225  1.00000  0.0000000  0.00000  0.00100
 46000 9.185395E+03  1.000   100     2 80.428926  0.99000  0.0000000  0.00000  0.00100
 46050 9.186029E+03  1.000   100     1 80.439135  1.00000  0.0000000  0.00000  0.00100
 46100 9.186643E+03  1.000   100     1 81.465509  1.00000  0.0000000  0.00000  0.00100
 46150 9.187238E+03  1.000   100     2 80.275357  0.78000  0.0000000  0.00000  0.00100
 46200 9.187857E+03  1.000   100     2 80.461509  0.98000  0.0000000  0.00000  0.00100
 46250 9.188466E+03  1.000   100     2 82.177990  0.93000  0.0000000  0.00000  0.00100
 46300 9.189084E+03  1.000   100     1 79.243938  1.00000  0.0000000  0.00000  0.00100
 46350 9.189709E+03  1.000   100     2 81.195692  0.98000  0.0000000  0.00000  0.00100
 46400 9.190315E+03  1.000   100     2 82.125767  0.99000  0.0000000  0.00000  0.00100
 46450 9.190917E+03  1.000   100     1 80.946897  1.00000  0.0000000  0.00000  0.00100
 46500 9.191536E+03  1.000   100     2 82.193601  0.99000  0.0000000  0.00000  0.00100
 46550 9.192148E+03  1.000   100     2 82.350446  0.99000  0.0000000  0.00000  0.00100
 46600 9.192750E+03  1.000   100     1 80.327605  1.00000  0.0000000  0.00000  0.00100
 46650 9.193398E+03  1.000   100     1 80.467011  1.00000  0.0000000  0.00000  0.00100
 46700 9.194019E+03  1.000   100     1 80.673249  1.00000  0.0000000  0.00000  0.00100
 46750 9.194625E+03  1.000   100     1 82.505493  1.00000  0.0000000  0.00000  0.00100
 46800 9.195244E+03  1.000   100     1 80.697679  1.00000  0.0000000  0.00000  0.00100
 46850 9.195866E+03  1.000   100     1 80.875447  1.00000  0.0000000  0.00000  0.00100
 46900 9.196489E+03  1.000   100     2 80.802170  0.99000  0.0000000  0.00000  0.00100
 46950 9.197103E+03  1.000   100     1 81.911572  1.00000  0.0000000  0.00000  0.00100
 47000 9.197717E+03  1.000   100     1 81.000011  1.00000  0.0000000  0.00000  0.00100
 47050 9.198317E+03  1.000   100     2 83.142598  0.93000  0.0000000  0.00000  0.00100
