0 0.000000E+00 6.217574E-06 7.459666E-06 4.056718E+03 0.000000E+00
0 1.846178E+02 6.217574E-06 7.459666E-06 4.056718E+03 0.000000E+00
50 7.993729E+03 6.217574E-06 8.956029E-06 4.056718E+03 0.000000E+00
100 8.499670E+03 3.272816E-04 6.359030E-04 7.706814E+01 0.000000E+00
150 8.518640E+03 2.959222E-04 9.716528E-04 5.226381E+01 0.000000E+00
200 8.532786E+03 2.942717E-04 9.847275E-04 5.095832E+01 0.000000E+00
250 8.546691E+03 2.908331E-04 9.714320E-04 5.158595E+01 0.000000E+00
300 8.560231E+03 2.942717E-04 9.595754E-04 5.095832E+01 0.000000E+00
350 8.571961E+03 2.516342E-04 1.982698E-03 2.989028E+01 0.000000E+00
400 8.578692E+03 2.516342E-04 1.969299E-03 2.989028E+01 0.000000E+00
450 8.583082E+03 2.236274E-04 3.239919E-03 1.809307E+01 0.000000E+00
500 8.586992E+03 2.224572E-04 3.207891E-03 1.820624E+01 0.000000E+00
550 8.590073E+03 4.950117E-04 4.940365E-03 8.218426E+00 0.000000E+00
600 8.592704E+03 5.050499E-04 5.017323E-03 8.019916E+00 0.000000E+00
650 8.595376E+03 4.944238E-04 4.918828E-03 8.183736E+00 0.000000E+00
700 8.597768E+03 8.914510E-04 7.022260E-03 4.622766E+00 0.000000E+00
750 8.599678E+03 9.676494E-04 6.874653E-03 4.181381E+00 0.000000E+00
800 8.601491E+03 1.147580E-03 7.507383E-03 3.584748E+00 0.000000E+00
850 8.603017E+03 1.174821E-03 8.287560E-03 3.444024E+00 0.000000E+00
900 8.604530E+03 1.174821E-03 8.322536E-03 3.444024E+00 0.000000E+00
950 8.606078E+03 1.174821E-03 8.244228E-03 3.444024E+00 0.000000E+00
1000 8.607608E+03 1.174821E-03 8.318681E-03 3.444024E+00 0.000000E+00
1050 8.609100E+03 1.168108E-03 8.389920E-03 3.471571E+00 0.000000E+00
1100 8.610641E+03 1.174821E-03 8.145038E-03 3.444024E+00 0.000000E+00
1150 8.612168E+03 1.174821E-03 8.174443E-03 3.444024E+00 0.000000E+00
1200 8.613684E+03 1.174821E-03 8.144177E-03 3.444024E+00 0.000000E+00
1250 8.615231E+03 1.174821E-03 8.242272E-03 3.444024E+00 0.000000E+00
1300 8.616786E+03 9.802816E-04 9.233228E-03 2.877029E+00 0.000000E+00
1350 8.617789E+03 2.826234E-04 1.293239E-02 8.881888E-01 0.000000E+00
1400 8.618763E+03 2.841362E-04 1.293248E-02 8.843086E-01 0.000000E+00
1450 8.619731E+03 2.876654E-04 1.267386E-02 8.726771E-01 0.000000E+00
1500 8.620713E+03 2.879364E-04 1.277904E-02 8.683390E-01 0.000000E+00
1550 8.621706E+03 2.891159E-04 1.302291E-02 8.682148E-01 0.000000E+00
1600 8.622694E+03 2.891159E-04 1.338430E-02 8.682148E-01 0.000000E+00
1650 8.623665E+03 2.891159E-04 1.313541E-02 8.682148E-01 0.000000E+00
1700 8.624628E+03 2.944873E-04 1.328000E-02 8.596087E-01 0.000000E+00
1750 8.625631E+03 2.883149E-04 1.301948E-02 8.707187E-01 0.000000E+00
1800 8.626655E+03 2.891159E-04 1.321428E-02 8.682148E-01 0.000000E+00
1850 8.627658E+03 2.891159E-04 1.329200E-02 8.682148E-01 0.000000E+00
1900 8.628666E+03 2.281964E-04 1.314713E-02 9.655620E-01 0.000000E+00
1950 8.629681E+03 1.320073E-04 1.254917E-02 1.119268E+00 0.000000E+00
2000 8.630680E+03 1.288010E-04 1.260779E-02 1.124392E+00 0.000000E+00
2050 8.631674E+03 1.288026E-04 1.310279E-02 1.124378E+00 0.000000E+00
2100 8.632661E+03 1.282089E-04 1.276526E-02 1.133958E+00 0.000000E+00
2150 8.633667E+03 1.305360E-04 1.308713E-02 1.109918E+00 0.000000E+00
2200 8.634637E+03 1.325702E-04 1.299730E-02 1.092948E+00 0.000000E+00
2250 8.635618E+03 1.424368E-04 1.284307E-02 1.042595E+00 0.000000E+00
2300 8.636547E+03 2.152623E-04 1.432322E-02 6.727728E-01 0.000000E+00
2350 8.637443E+03 2.152623E-04 1.433023E-02 6.727728E-01 0.000000E+00
2400 8.638285E+03 2.152623E-04 1.510860E-02 6.727728E-01 0.000000E+00
2450 8.639147E+03 2.152623E-04 1.495359E-02 6.727728E-01 0.000000E+00
2500 8.639997E+03 2.152623E-04 1.488858E-02 6.727728E-01 0.000000E+00
2550 8.640835E+03 2.152623E-04 1.513989E-02 6.727728E-01 0.000000E+00
2600 8.641682E+03 2.152623E-04 1.516975E-02 6.727728E-01 0.000000E+00
2650 8.642520E+03 2.152623E-04 1.561421E-02 6.727728E-01 0.000000E+00
2700 8.643356E+03 2.214924E-04 1.541435E-02 6.602281E-01 0.000000E+00
2750 8.644203E+03 2.144124E-04 1.451131E-02 6.757199E-01 0.000000E+00
2800 8.645064E+03 2.130348E-04 1.526003E-02 6.907536E-01 0.000000E+00
2850 8.645907E+03 2.118073E-04 1.567391E-02 6.852548E-01 0.000000E+00
2900 8.646749E+03 2.142467E-04 1.548119E-02 6.762776E-01 0.000000E+00
2950 8.647579E+03 2.149844E-04 1.564214E-02 6.737013E-01 0.000000E+00
3000 8.648434E+03 2.121655E-04 1.553031E-02 6.913698E-01 0.000000E+00
3050 8.649290E+03 2.152623E-04 1.533762E-02 6.727728E-01 0.000000E+00
3100 8.650170E+03 2.152623E-04 1.561419E-02 6.727728E-01 0.000000E+00
3150 8.651027E+03 2.152623E-04 1.519554E-02 6.727728E-01 0.000000E+00
3200 8.651881E+03 2.152623E-04 1.553129E-02 6.727728E-01 0.000000E+00
3250 8.652689E+03 2.592854E-04 1.667457E-02 5.585461E-01 0.000000E+00
3300 8.653469E+03 2.602698E-04 1.672308E-02 5.604115E-01 0.000000E+00
3350 8.654245E+03 2.592854E-04 1.633264E-02 5.585461E-01 0.000000E+00
3400 8.655015E+03 2.594171E-04 1.671913E-02 5.582646E-01 0.000000E+00
3450 8.655802E+03 2.593240E-04 1.631524E-02 5.565859E-01 0.000000E+00
3500 8.656556E+03 2.592854E-04 1.684547E-02 5.585461E-01 0.000000E+00
3550 8.657316E+03 2.592854E-04 1.644050E-02 5.585461E-01 0.000000E+00
3600 8.658099E+03 2.592854E-04 1.743250E-02 5.585461E-01 0.000000E+00
3650 8.658894E+03 2.667564E-04 1.621557E-02 5.587689E-01 0.000000E+00
3700 8.659672E+03 2.592854E-04 1.635442E-02 5.585461E-01 0.000000E+00
3750 8.660464E+03 2.592854E-04 1.630642E-02 5.585461E-01 0.000000E+00
3800 8.661250E+03 2.592854E-04 1.628342E-02 5.585461E-01 0.000000E+00
3850 8.662041E+03 2.592854E-04 1.605748E-02 5.585461E-01 0.000000E+00
3900 8.662829E+03 2.592854E-04 1.619621E-02 5.585461E-01 0.000000E+00
3950 8.663618E+03 2.592854E-04 1.657955E-02 5.585461E-01 0.000000E+00
4000 8.664375E+03 2.589708E-04 1.634370E-02 5.592721E-01 0.000000E+00
4050 8.665159E+03 2.577981E-04 1.667603E-02 5.593816E-01 0.000000E+00
4100 8.665943E+03 2.726303E-04 1.612629E-02 5.613141E-01 0.000000E+00
4150 8.666723E+03 2.591996E-04 1.635362E-02 5.587317E-01 0.000000E+00
4200 8.667484E+03 2.592854E-04 1.635049E-02 5.585461E-01 0.000000E+00
4250 8.668256E+03 2.592854E-04 1.634053E-02 5.585461E-01 0.000000E+00
4300 8.669015E+03 2.622234E-04 1.669624E-02 5.622673E-01 0.000000E+00
4350 8.669806E+03 2.592854E-04 1.658429E-02 5.585461E-01 0.000000E+00
4400 8.670580E+03 2.592854E-04 1.716319E-02 5.585461E-01 0.000000E+00
4450 8.671352E+03 2.514327E-04 1.694046E-02 5.766358E-01 0.000000E+00
4500 8.672111E+03 2.592854E-04 1.705512E-02 5.585461E-01 0.000000E+00
4550 8.672902E+03 2.551374E-04 1.724005E-02 5.697152E-01 0.000000E+00
4600 8.673687E+03 2.592854E-04 1.681259E-02 5.585461E-01 0.000000E+00
4650 8.674483E+03 2.592854E-04 1.647440E-02 5.585461E-01 0.000000E+00
4700 8.675265E+03 2.582866E-04 1.679566E-02 5.611103E-01 0.000000E+00
4750 8.676036E+03 2.592854E-04 1.701169E-02 5.585461E-01 0.000000E+00
4800 8.676812E+03 2.894149E-04 1.665835E-02 5.441198E-01 0.000000E+00
4850 8.677570E+03 2.592854E-04 1.686818E-02 5.585461E-01 0.000000E+00
4900 8.678361E+03 2.592854E-04 1.650908E-02 5.585461E-01 0.000000E+00
4950 8.679126E+03 2.592854E-04 1.626373E-02 5.585461E-01 0.000000E+00
5000 8.679910E+03 2.592854E-04 1.608906E-02 5.585461E-01 0.000000E+00
5050 8.680699E+03 2.576470E-04 1.666936E-02 5.681342E-01 0.000000E+00
5100 8.681502E+03 2.644683E-04 1.658345E-02 5.603303E-01 0.000000E+00
5150 8.682273E+03 2.592854E-04 1.682145E-02 5.585461E-01 0.000000E+00
5200 8.683053E+03 2.592854E-04 1.660168E-02 5.585461E-01 0.000000E+00
5250 8.683838E+03 2.592854E-04 1.665934E-02 5.585461E-01 0.000000E+00
5300 8.684610E+03 8.209942E-04 1.792331E-02 2.759887E-01 0.000000E+00
5350 8.685311E+03 1.106949E-03 1.834222E-02 1.304203E-01 0.000000E+00
5400 8.686018E+03 1.110360E-03 1.785105E-02 1.304288E-01 0.000000E+00
5450 8.686719E+03 1.110360E-03 1.775216E-02 1.304288E-01 0.000000E+00
5500 8.687434E+03 7.546799E-04 1.810024E-02 1.547438E-01 0.000000E+00
5550 8.688135E+03 1.030916E-03 1.778384E-02 1.362110E-01 0.000000E+00
5600 8.688842E+03 1.110360E-03 1.775237E-02 1.304288E-01 0.000000E+00
5650 8.689548E+03 1.110360E-03 1.780678E-02 1.304288E-01 0.000000E+00
5700 8.690237E+03 1.092027E-03 1.787516E-02 1.427694E-01 0.000000E+00
5750 8.690949E+03 1.161381E-03 1.786298E-02 1.253661E-01 0.000000E+00
5800 8.691628E+03 1.314446E-03 1.842485E-02 1.101778E-01 0.000000E+00
5850 8.692332E+03 1.314446E-03 1.923692E-02 1.101778E-01 0.000000E+00
5900 8.693004E+03 1.289751E-03 1.924483E-02 1.114892E-01 0.000000E+00
5950 8.693715E+03 1.181850E-03 1.912423E-02 1.156713E-01 0.000000E+00
6000 8.694418E+03 1.024012E-03 1.952410E-02 1.282936E-01 0.000000E+00
6050 8.695108E+03 8.216589E-04 1.944167E-02 1.406672E-01 0.000000E+00
6100 8.695771E+03 6.543687E-04 1.945697E-02 1.513502E-01 0.000000E+00
6150 8.696419E+03 6.543687E-04 1.951504E-02 1.513502E-01 0.000000E+00
6200 8.697062E+03 6.543687E-04 2.039824E-02 1.513502E-01 0.000000E+00
6250 8.697718E+03 5.243196E-04 2.055712E-02 1.434089E-01 0.000000E+00
6300 8.698373E+03 6.416810E-04 2.024272E-02 1.505754E-01 0.000000E+00
6350 8.699022E+03 5.465265E-04 2.013047E-02 2.046042E-01 0.000000E+00
6400 8.699678E+03 6.543687E-04 2.010142E-02 1.513502E-01 0.000000E+00
6450 8.700326E+03 6.602547E-04 1.952662E-02 1.519177E-01 0.000000E+00
6500 8.700977E+03 6.808550E-04 2.027373E-02 1.476809E-01 0.000000E+00
6550 8.701624E+03 6.524825E-04 2.013989E-02 1.551090E-01 0.000000E+00
6600 8.702277E+03 6.543687E-04 2.031934E-02 1.513502E-01 0.000000E+00
6650 8.702913E+03 6.497216E-04 1.994951E-02 1.529104E-01 0.000000E+00
6700 8.703573E+03 6.543687E-04 1.987678E-02 1.513502E-01 0.000000E+00
6750 8.704219E+03 6.356455E-04 1.949263E-02 1.570365E-01 0.000000E+00
6800 8.704870E+03 6.543687E-04 1.933786E-02 1.513502E-01 0.000000E+00
6850 8.705521E+03 6.543687E-04 1.975252E-02 1.513502E-01 0.000000E+00
6900 8.706179E+03 6.543687E-04 2.001118E-02 1.513502E-01 0.000000E+00
6950 8.706826E+03 6.543687E-04 1.990222E-02 1.513502E-01 0.000000E+00
7000 8.707476E+03 6.543687E-04 2.003701E-02 1.513502E-01 0.000000E+00
7050 8.708136E+03 6.602939E-04 1.951638E-02 1.500120E-01 0.000000E+00
7100 8.708779E+03 6.555752E-04 1.988059E-02 1.510757E-01 0.000000E+00
7150 8.709423E+03 6.543687E-04 2.054110E-02 1.513502E-01 0.000000E+00
7200 8.710065E+03 5.977409E-04 2.041285E-02 1.689194E-01 0.000000E+00
7250 8.710711E+03 6.543687E-04 2.042912E-02 1.513502E-01 0.000000E+00
7300 8.711356E+03 6.553537E-04 2.028634E-02 1.511522E-01 0.000000E+00
7350 8.712016E+03 5.924472E-04 2.008653E-02 1.684078E-01 0.000000E+00
7400 8.712662E+03 6.459726E-04 2.042226E-02 1.536631E-01 0.000000E+00
7450 8.713314E+03 6.543687E-04 2.075145E-02 1.513502E-01 0.000000E+00
7500 8.713974E+03 6.543687E-04 1.991022E-02 1.513502E-01 0.000000E+00
7550 8.714616E+03 6.543687E-04 1.972320E-02 1.513502E-01 0.000000E+00
7600 8.715253E+03 6.543687E-04 1.964536E-02 1.513502E-01 0.000000E+00
7650 8.715913E+03 6.543687E-04 1.923335E-02 1.513502E-01 0.000000E+00
7700 8.716576E+03 6.549158E-04 1.925712E-02 1.512271E-01 0.000000E+00
7750 8.717228E+03 6.543687E-04 1.975220E-02 1.513502E-01 0.000000E+00
7800 8.717874E+03 6.628510E-04 1.979635E-02 1.510326E-01 0.000000E+00
7850 8.718511E+03 6.543687E-04 1.941755E-02 1.513502E-01 0.000000E+00
7900 8.719160E+03 6.543687E-04 1.970947E-02 1.513502E-01 0.000000E+00
7950 8.719813E+03 6.543687E-04 2.031727E-02 1.513502E-01 0.000000E+00
8000 8.720463E+03 6.416066E-04 1.992821E-02 1.498489E-01 0.000000E+00
8050 8.721103E+03 6.398392E-04 2.026503E-02 1.184956E-01 0.000000E+00
8100 8.721748E+03 6.539317E-04 1.983969E-02 1.412220E-01 0.000000E+00
8150 8.722390E+03 6.681442E-04 2.109396E-02 9.631624E-02 0.000000E+00
8200 8.723040E+03 6.359956E-04 2.014225E-02 1.257451E-01 0.000000E+00
8250 8.723708E+03 6.733302E-04 2.046884E-02 1.476746E-01 0.000000E+00
8300 8.724361E+03 6.543687E-04 2.030037E-02 1.513502E-01 0.000000E+00
8350 8.724986E+03 6.543687E-04 2.039989E-02 1.513502E-01 0.000000E+00
8400 8.725638E+03 6.543687E-04 1.988815E-02 1.513502E-01 0.000000E+00
8450 8.726283E+03 6.493615E-04 1.906732E-02 1.525448E-01 0.000000E+00
8500 8.726943E+03 6.543687E-04 1.971303E-02 1.513502E-01 0.000000E+00
8550 8.727596E+03 6.543687E-04 1.927208E-02 1.513502E-01 0.000000E+00
8600 8.728265E+03 6.543687E-04 1.956506E-02 1.513502E-01 0.000000E+00
8650 8.728905E+03 6.543687E-04 2.030446E-02 1.513502E-01 0.000000E+00
8700 8.729574E+03 6.543687E-04 1.945530E-02 1.513502E-01 0.000000E+00
8750 8.730263E+03 6.154944E-04 1.939105E-02 1.647647E-01 0.000000E+00
8800 8.730927E+03 6.378170E-04 1.889157E-02 1.491621E-01 0.000000E+00
8850 8.731601E+03 6.547880E-04 1.989987E-02 1.518220E-01 0.000000E+00
8900 8.732258E+03 6.543687E-04 2.010218E-02 1.513502E-01 0.000000E+00
8950 8.732913E+03 6.543687E-04 2.001459E-02 1.513502E-01 0.000000E+00
9000 8.733567E+03 6.543687E-04 1.994685E-02 1.513502E-01 0.000000E+00
9050 8.734235E+03 6.698702E-04 1.999343E-02 1.509057E-01 0.000000E+00
9100 8.734892E+03 6.543687E-04 1.975819E-02 1.513502E-01 0.000000E+00
9150 8.735529E+03 5.984941E-04 2.053641E-02 1.587721E-01 0.000000E+00
9200 8.736166E+03 6.945893E-04 2.083064E-02 1.432865E-01 0.000000E+00
9250 8.736792E+03 7.549203E-04 2.170404E-02 1.311909E-01 0.000000E+00
9300 8.737442E+03 7.549203E-04 2.172920E-02 1.311909E-01 0.000000E+00
9350 8.738061E+03 7.572687E-04 2.171414E-02 1.308377E-01 0.000000E+00
9400 8.738694E+03 7.549203E-04 2.104005E-02 1.311909E-01 0.000000E+00
9450 8.739340E+03 7.549203E-04 2.091379E-02 1.311909E-01 0.000000E+00
9500 8.739976E+03 7.482486E-04 2.043326E-02 1.317692E-01 0.000000E+00
9550 8.740612E+03 7.549203E-04 2.120587E-02 1.311909E-01 0.000000E+00
9600 8.741239E+03 7.549203E-04 2.098826E-02 1.311909E-01 0.000000E+00
9650 8.741860E+03 7.549203E-04 2.013825E-02 1.311909E-01 0.000000E+00
9700 8.742491E+03 7.549203E-04 2.001351E-02 1.311909E-01 0.000000E+00
9750 8.743133E+03 7.843931E-04 1.968997E-02 1.300176E-01 0.000000E+00
9800 8.743780E+03 7.549203E-04 2.149870E-02 1.311909E-01 0.000000E+00
9850 8.744420E+03 7.481017E-04 2.150095E-02 1.434342E-01 0.000000E+00
9900 8.745041E+03 9.414810E-04 2.106345E-02 1.144502E-01 0.000000E+00
9950 8.745658E+03 1.044605E-03 2.116153E-02 1.048900E-01 0.000000E+00
10000 8.746279E+03 1.050151E-03 2.058455E-02 1.062661E-01 0.000000E+00
10050 8.746916E+03 9.981712E-04 2.089831E-02 1.100386E-01 0.000000E+00
10100 8.747537E+03 1.014019E-03 2.052524E-02 1.079414E-01 0.000000E+00
10150 8.748146E+03 1.014032E-03 2.039012E-02 1.079400E-01 0.000000E+00
10200 8.748768E+03 1.014032E-03 2.051530E-02 1.079400E-01 0.000000E+00
10250 8.749394E+03 1.027805E-03 2.071784E-02 1.088658E-01 0.000000E+00
10300 8.749996E+03 1.129224E-03 2.057609E-02 1.097030E-01 0.000000E+00
10350 8.750604E+03 9.585483E-04 2.075568E-02 1.259773E-01 0.000000E+00
10400 8.751219E+03 1.014345E-03 2.065963E-02 1.079077E-01 0.000000E+00
10450 8.751832E+03 1.014032E-03 2.073288E-02 1.079400E-01 0.000000E+00
10500 8.752471E+03 1.001794E-03 2.002609E-02 1.093647E-01 0.000000E+00
10550 8.753119E+03 1.008747E-03 2.012206E-02 1.085243E-01 0.000000E+00
10600 8.753749E+03 1.014032E-03 2.072741E-02 1.079400E-01 0.000000E+00
10650 8.754379E+03 1.010073E-03 2.058002E-02 1.083970E-01 0.000000E+00
10700 8.754995E+03 1.014032E-03 2.081779E-02 1.079400E-01 0.000000E+00
10750 8.755613E+03 1.014032E-03 2.015843E-02 1.079400E-01 0.000000E+00
10800 8.756234E+03 1.014032E-03 2.046622E-02 1.079400E-01 0.000000E+00
10850 8.756855E+03 1.375847E-03 2.060285E-02 1.110616E-01 0.000000E+00
10900 8.757488E+03 1.458357E-03 2.031583E-02 1.127016E-01 0.000000E+00
10950 8.758112E+03 1.014032E-03 2.080980E-02 1.079400E-01 0.000000E+00
11000 8.758730E+03 1.007189E-03 2.035420E-02 1.082518E-01 0.000000E+00
11050 8.759357E+03 1.243573E-03 2.140612E-02 1.049640E-01 0.000000E+00
11100 8.759973E+03 1.075616E-03 2.147745E-02 1.071415E-01 0.000000E+00
11150 8.760604E+03 1.014032E-03 2.172451E-02 1.079400E-01 0.000000E+00
11200 8.761217E+03 1.116019E-03 2.066481E-02 1.038835E-01 0.000000E+00
11250 8.761846E+03 2.016905E-03 2.131473E-02 6.805148E-02 0.000000E+00
11300 8.762456E+03 2.713816E-03 2.188388E-02 4.033237E-02 0.000000E+00
11350 8.763067E+03 2.730371E-03 2.103464E-02 4.017955E-02 0.000000E+00
11400 8.763681E+03 2.713816E-03 2.059320E-02 4.033237E-02 0.000000E+00
11450 8.764291E+03 2.883792E-03 2.146823E-02 3.797235E-02 0.000000E+00
11500 8.764880E+03 2.890836E-03 2.159957E-02 3.765467E-02 0.000000E+00
11550 8.765472E+03 2.904800E-03 2.150336E-02 3.768067E-02 0.000000E+00
11600 8.766070E+03 2.904800E-03 2.145136E-02 3.768067E-02 0.000000E+00
11650 8.766662E+03 2.904800E-03 2.265797E-02 3.768067E-02 0.000000E+00
11700 8.767273E+03 2.987249E-03 2.157565E-02 3.771220E-02 0.000000E+00
11750 8.767855E+03 2.878971E-03 2.128369E-02 3.815685E-02 0.000000E+00
11800 8.768445E+03 2.878161E-03 2.145862E-02 3.812497E-02 0.000000E+00
11850 8.769039E+03 2.904322E-03 2.102941E-02 3.768696E-02 0.000000E+00
11900 8.769649E+03 2.904800E-03 2.143143E-02 3.768067E-02 0.000000E+00
11950 8.770244E+03 2.976858E-03 2.188905E-02 3.783534E-02 0.000000E+00
12000 8.770842E+03 2.903886E-03 2.183790E-02 3.769244E-02 0.000000E+00
12050 8.771429E+03 2.903844E-03 2.200935E-02 3.769298E-02 0.000000E+00
12100 8.772011E+03 2.787134E-03 2.193884E-02 3.542860E-02 0.000000E+00
12150 8.772612E+03 2.903793E-03 2.209211E-02 3.769365E-02 0.000000E+00
12200 8.773204E+03 2.471084E-03 2.125703E-02 5.159908E-02 0.000000E+00
12250 8.773813E+03 2.609551E-03 2.100758E-02 4.714934E-02 0.000000E+00
12300 8.774424E+03 2.903793E-03 2.092930E-02 3.769365E-02 0.000000E+00
12350 8.775023E+03 2.997150E-03 2.113222E-02 3.661989E-02 0.000000E+00
12400 8.775625E+03 3.277222E-03 2.189371E-02 3.339861E-02 0.000000E+00
12450 8.776222E+03 3.668627E-03 2.123357E-02 3.710047E-02 0.000000E+00
12500 8.776813E+03 2.881007E-03 2.158560E-02 4.053383E-02 0.000000E+00
12550 8.777409E+03 3.277222E-03 2.135802E-02 3.339861E-02 0.000000E+00
12600 8.778012E+03 3.277222E-03 2.157541E-02 3.339861E-02 0.000000E+00
12650 8.778596E+03 3.277222E-03 2.230808E-02 3.339861E-02 0.000000E+00
12700 8.779188E+03 3.277222E-03 2.176871E-02 3.339861E-02 0.000000E+00
12750 8.779768E+03 3.277222E-03 2.146315E-02 3.339861E-02 0.000000E+00
12800 8.780356E+03 3.277222E-03 2.145830E-02 3.339861E-02 0.000000E+00
12850 8.780939E+03 3.277222E-03 2.167104E-02 3.339861E-02 0.000000E+00
12900 8.781526E+03 3.277222E-03 2.172657E-02 3.339861E-02 0.000000E+00
12950 8.782101E+03 3.277222E-03 2.221037E-02 3.339861E-02 0.000000E+00
13000 8.782700E+03 3.277222E-03 2.196531E-02 3.339861E-02 0.000000E+00
13050 8.783269E+03 3.277222E-03 2.201897E-02 3.339861E-02 0.000000E+00
13100 8.783852E+03 3.277222E-03 2.198701E-02 3.339861E-02 0.000000E+00
13150 8.784440E+03 3.227461E-03 2.195277E-02 3.344523E-02 0.000000E+00
13200 8.785034E+03 3.277222E-03 2.129236E-02 3.339861E-02 0.000000E+00
13250 8.785621E+03 3.277222E-03 2.158839E-02 3.339861E-02 0.000000E+00
13300 8.786197E+03 3.647561E-03 2.124404E-02 3.299440E-02 0.000000E+00
13350 8.786777E+03 3.277222E-03 2.199880E-02 3.339861E-02 0.000000E+00
13400 8.787357E+03 3.277222E-03 2.183846E-02 3.339861E-02 0.000000E+00
13450 8.787934E+03 3.277222E-03 2.249536E-02 3.339861E-02 0.000000E+00
13500 8.788511E+03 3.277222E-03 2.141508E-02 3.339861E-02 0.000000E+00
13550 8.789110E+03 3.277222E-03 2.175226E-02 3.339861E-02 0.000000E+00
13600 8.789693E+03 3.277222E-03 2.147548E-02 3.339861E-02 0.000000E+00
13650 8.790277E+03 3.277222E-03 2.162245E-02 3.339861E-02 0.000000E+00
13700 8.790871E+03 3.277222E-03 2.122944E-02 3.339861E-02 0.000000E+00
13750 8.791461E+03 3.355242E-03 2.132743E-02 3.405821E-02 0.000000E+00
13800 8.792026E+03 3.277222E-03 2.147971E-02 3.339861E-02 0.000000E+00
13850 8.792617E+03 3.006099E-03 2.174007E-02 4.497299E-02 0.000000E+00
13900 8.793220E+03 3.277222E-03 2.178802E-02 3.339861E-02 0.000000E+00
13950 8.793819E+03 3.867416E-03 2.172876E-02 3.499383E-02 0.000000E+00
14000 8.794419E+03 3.320996E-03 2.201684E-02 3.344183E-02 0.000000E+00
14050 8.794991E+03 3.289307E-03 2.237885E-02 3.345503E-02 0.000000E+00
14100 8.795603E+03 3.230241E-03 2.273912E-02 3.330835E-02 0.000000E+00
14150 8.796184E+03 3.277222E-03 2.252665E-02 3.339861E-02 0.000000E+00
14200 8.796760E+03 3.277222E-03 2.245415E-02 3.339861E-02 0.000000E+00
14250 8.797339E+03 3.277222E-03 2.216066E-02 3.339861E-02 0.000000E+00
14300 8.797932E+03 3.274412E-03 2.238078E-02 3.342994E-02 0.000000E+00
14350 8.798522E+03 3.277222E-03 2.270027E-02 3.339861E-02 0.000000E+00
14400 8.799112E+03 3.265722E-03 2.267209E-02 3.357916E-02 0.000000E+00
14450 8.799707E+03 3.277222E-03 2.184624E-02 3.339861E-02 0.000000E+00
14500 8.800298E+03 3.548079E-03 2.206728E-02 3.171111E-02 0.000000E+00
14550 8.800898E+03 3.338961E-03 2.195725E-02 3.301709E-02 0.000000E+00
14600 8.801463E+03 3.245569E-03 2.151711E-02 3.365627E-02 0.000000E+00
14650 8.802046E+03 3.915607E-03 2.212428E-02 4.567376E-02 0.000000E+00
14700 8.802624E+03 3.277222E-03 2.233141E-02 3.339861E-02 0.000000E+00
14750 8.803213E+03 3.277222E-03 2.241560E-02 3.339861E-02 0.000000E+00
14800 8.803800E+03 3.276134E-03 2.207749E-02 3.341007E-02 0.000000E+00
14850 8.804379E+03 3.221636E-03 2.188292E-02 3.375930E-02 0.000000E+00
14900 8.804968E+03 3.218877E-03 2.158415E-02 3.363074E-02 0.000000E+00
14950 8.805559E+03 3.273542E-03 2.187921E-02 3.344085E-02 0.000000E+00
15000 8.806139E+03 3.303454E-03 2.203733E-02 3.593010E-02 0.000000E+00
15050 8.806731E+03 3.244963E-03 2.158700E-02 3.341647E-02 0.000000E+00
15100 8.807331E+03 3.271024E-03 2.175861E-02 3.339029E-02 0.000000E+00
15150 8.807936E+03 3.277222E-03 2.183742E-02 3.339861E-02 0.000000E+00
15200 8.808522E+03 3.277222E-03 2.134546E-02 3.339861E-02 0.000000E+00
15250 8.809109E+03 3.278201E-03 2.131047E-02 3.338893E-02 0.000000E+00
15300 8.809700E+03 3.277222E-03 2.148754E-02 3.339861E-02 0.000000E+00
15350 8.810298E+03 3.277222E-03 2.141147E-02 3.339861E-02 0.000000E+00
15400 8.810879E+03 3.277222E-03 2.150317E-02 3.339861E-02 0.000000E+00
15450 8.811477E+03 3.324299E-03 2.191397E-02 3.292876E-02 0.000000E+00
15500 8.812057E+03 3.292641E-03 2.159877E-02 3.326809E-02 0.000000E+00
15550 8.812651E+03 3.277222E-03 2.158300E-02 3.339861E-02 0.000000E+00
15600 8.813245E+03 3.324208E-03 2.127685E-02 3.293457E-02 0.000000E+00
15650 8.813838E+03 3.299149E-03 2.092911E-02 3.318206E-02 0.000000E+00
15700 8.814435E+03 3.375372E-03 2.159760E-02 3.242928E-02 0.000000E+00
15750 8.815020E+03 3.787712E-03 2.157749E-02 3.328487E-02 0.000000E+00
15800 8.815622E+03 1.935924E-03 2.172090E-02 3.231401E-02 0.000000E+00
15850 8.816205E+03 1.657902E-03 2.166767E-02 3.230375E-02 0.000000E+00
15900 8.816797E+03 1.480997E-03 2.170053E-02 3.202208E-02 0.000000E+00
15950 8.817414E+03 2.519769E-03 2.045501E-02 3.233557E-02 0.000000E+00
16000 8.818023E+03 2.762832E-03 2.069524E-02 3.282455E-02 0.000000E+00
16050 8.818625E+03 1.240868E-03 2.129061E-02 3.228834E-02 0.000000E+00
16100 8.819235E+03 6.014184E-04 2.268528E-02 3.226473E-02 0.000000E+00
16150 8.819846E+03 6.014184E-04 2.275378E-02 3.226473E-02 0.000000E+00
16200 8.820422E+03 6.014184E-04 2.245131E-02 3.226473E-02 0.000000E+00
16250 8.821012E+03 7.777605E-04 2.206920E-02 3.161206E-02 0.000000E+00
16300 8.821599E+03 6.060755E-04 2.152039E-02 3.226685E-02 0.000000E+00
16350 8.822206E+03 5.904155E-04 2.234471E-02 3.319562E-02 0.000000E+00
16400 8.822809E+03 5.949736E-04 2.211311E-02 3.229930E-02 0.000000E+00
16450 8.823396E+03 6.014184E-04 2.222995E-02 3.226473E-02 0.000000E+00
16500 8.823990E+03 6.014184E-04 2.211950E-02 3.226473E-02 0.000000E+00
16550 8.824593E+03 5.712482E-04 2.276349E-02 3.230895E-02 0.000000E+00
16600 8.825175E+03 6.014184E-04 2.176655E-02 3.226473E-02 0.000000E+00
16650 8.825766E+03 6.006154E-04 2.185382E-02 3.231444E-02 0.000000E+00
16700 8.826337E+03 6.014184E-04 2.237149E-02 3.226473E-02 0.000000E+00
16750 8.826927E+03 4.255803E-04 2.242246E-02 4.661347E-02 0.000000E+00
16800 8.827534E+03 3.928247E-04 2.221489E-02 4.939758E-02 0.000000E+00
16850 8.828131E+03 3.924733E-04 2.146653E-02 4.944611E-02 0.000000E+00
16900 8.828740E+03 3.928247E-04 2.161027E-02 4.939758E-02 0.000000E+00
16950 8.829335E+03 3.986265E-04 2.128752E-02 4.896133E-02 0.000000E+00
17000 8.829917E+03 3.928247E-04 2.168609E-02 4.939758E-02 0.000000E+00
17050 8.830509E+03 3.928247E-04 2.157248E-02 4.939758E-02 0.000000E+00
17100 8.831112E+03 3.928247E-04 2.189345E-02 4.939758E-02 0.000000E+00
17150 8.831684E+03 4.288509E-04 2.166420E-02 4.909636E-02 0.000000E+00
17200 8.832274E+03 3.928247E-04 2.212519E-02 4.939758E-02 0.000000E+00
17250 8.832866E+03 3.928247E-04 2.174131E-02 4.939758E-02 0.000000E+00
17300 8.833457E+03 3.898889E-04 2.147954E-02 4.998703E-02 0.000000E+00
17350 8.834042E+03 3.927664E-04 2.159883E-02 4.940503E-02 0.000000E+00
17400 8.834642E+03 3.928247E-04 2.211309E-02 4.939758E-02 0.000000E+00
17450 8.835235E+03 3.919326E-04 2.250428E-02 4.954274E-02 0.000000E+00
17500 8.835824E+03 3.928247E-04 2.207622E-02 4.939758E-02 0.000000E+00
17550 8.836432E+03 3.928247E-04 2.192056E-02 4.939758E-02 0.000000E+00
17600 8.837024E+03 4.117125E-04 2.129084E-02 4.941564E-02 0.000000E+00
17650 8.837627E+03 3.634186E-04 2.116502E-02 4.963287E-02 0.000000E+00
17700 8.838206E+03 4.028287E-04 2.131003E-02 4.930162E-02 0.000000E+00
17750 8.838802E+03 3.928247E-04 2.212058E-02 4.939758E-02 0.000000E+00
17800 8.839399E+03 3.928247E-04 2.157749E-02 4.939758E-02 0.000000E+00
17850 8.840004E+03 3.928247E-04 2.300499E-02 4.939758E-02 0.000000E+00
17900 8.840617E+03 3.915214E-04 2.179020E-02 4.957107E-02 0.000000E+00
17950 8.841196E+03 3.928247E-04 2.140108E-02 4.939758E-02 0.000000E+00
18000 8.841785E+03 3.926669E-04 2.149502E-02 4.941764E-02 0.000000E+00
18050 8.842382E+03 3.927902E-04 2.133570E-02 4.940194E-02 0.000000E+00
18100 8.842978E+03 3.928247E-04 2.174109E-02 4.939758E-02 0.000000E+00
18150 8.843566E+03 3.930290E-04 2.206824E-02 4.938686E-02 0.000000E+00
18200 8.844158E+03 3.928247E-04 2.155653E-02 4.939758E-02 0.000000E+00
18250 8.844746E+03 3.976661E-04 2.168051E-02 4.886211E-02 0.000000E+00
18300 8.845343E+03 3.928247E-04 2.279551E-02 4.939758E-02 0.000000E+00
18350 8.845966E+03 3.928247E-04 2.239612E-02 4.939758E-02 0.000000E+00
18400 8.846554E+03 3.928247E-04 2.216011E-02 4.939758E-02 0.000000E+00
18450 8.847126E+03 4.032868E-04 2.164657E-02 4.928895E-02 0.000000E+00
18500 8.847715E+03 3.928247E-04 2.164747E-02 4.939758E-02 0.000000E+00
18550 8.848306E+03 3.925331E-04 2.214907E-02 4.939617E-02 0.000000E+00
18600 8.848899E+03 3.928247E-04 2.171109E-02 4.939758E-02 0.000000E+00
18650 8.849483E+03 3.928247E-04 2.198534E-02 4.939758E-02 0.000000E+00
18700 8.850087E+03 3.959858E-04 2.194601E-02 4.939247E-02 0.000000E+00
18750 8.850680E+03 3.929623E-04 2.140587E-02 5.098329E-02 0.000000E+00
18800 8.851263E+03 3.928247E-04 2.167696E-02 4.939758E-02 0.000000E+00
18850 8.851857E+03 3.928648E-04 2.142881E-02 4.939256E-02 0.000000E+00
18900 8.852460E+03 3.928247E-04 2.175254E-02 4.939758E-02 0.000000E+00
18950 8.853039E+03 3.936186E-04 2.169257E-02 4.940053E-02 0.000000E+00
19000 8.853620E+03 3.983817E-04 2.185805E-02 4.941818E-02 0.000000E+00
19050 8.854216E+03 4.356930E-04 2.122745E-02 4.955650E-02 0.000000E+00
19100 8.854802E+03 4.223128E-04 2.141163E-02 4.899690E-02 0.000000E+00
19150 8.855398E+03 3.928247E-04 2.113477E-02 4.939758E-02 0.000000E+00
19200 8.855992E+03 3.928247E-04 2.106942E-02 4.939758E-02 0.000000E+00
19250 8.856574E+03 3.933730E-04 2.102747E-02 4.932887E-02 0.000000E+00
19300 8.857175E+03 3.934666E-04 2.189034E-02 4.931713E-02 0.000000E+00
19350 8.857771E+03 3.908360E-04 2.129519E-02 5.067383E-02 0.000000E+00
19400 8.858361E+03 3.941407E-04 2.172830E-02 4.923267E-02 0.000000E+00
19450 8.858959E+03 3.941593E-04 2.154048E-02 4.923034E-02 0.000000E+00
19500 8.859553E+03 3.941621E-04 2.194437E-02 4.922998E-02 0.000000E+00
19550 8.860137E+03 5.885571E-04 2.181214E-02 3.730116E-02 0.000000E+00
19600 8.860729E+03 4.357759E-04 2.169128E-02 4.684561E-02 0.000000E+00
19650 8.861306E+03 3.951569E-04 2.252845E-02 4.937925E-02 0.000000E+00
19700 8.861900E+03 3.941621E-04 2.233390E-02 4.922998E-02 0.000000E+00
19750 8.862481E+03 4.134963E-04 2.254028E-02 4.865265E-02 0.000000E+00
19800 8.863065E+03 3.941621E-04 2.218244E-02 4.922998E-02 0.000000E+00
19850 8.863651E+03 3.941621E-04 2.219157E-02 4.922998E-02 0.000000E+00
19900 8.864237E+03 3.941621E-04 2.150076E-02 4.922998E-02 0.000000E+00
19950 8.864820E+03 3.844585E-04 2.194681E-02 4.817514E-02 0.000000E+00
20000 8.865396E+03 3.941621E-04 2.108427E-02 4.922998E-02 0.000000E+00
20050 8.865983E+03 3.984672E-04 2.174403E-02 4.876051E-02 0.000000E+00
20100 8.866591E+03 3.955112E-04 2.116327E-02 4.930716E-02 0.000000E+00
20150 8.867208E+03 3.941621E-04 2.073541E-02 4.922998E-02 0.000000E+00
20200 8.867822E+03 3.941621E-04 2.069606E-02 4.922998E-02 0.000000E+00
20250 8.868415E+03 3.941621E-04 2.142327E-02 4.922998E-02 0.000000E+00
20300 8.869003E+03 3.951278E-04 2.189753E-02 4.924036E-02 0.000000E+00
20350 8.869607E+03 4.050408E-04 2.211388E-02 4.942759E-02 0.000000E+00
20400 8.870193E+03 3.941621E-04 2.127909E-02 4.922998E-02 0.000000E+00
20450 8.870799E+03 3.941621E-04 2.229144E-02 4.922998E-02 0.000000E+00
20500 8.871385E+03 5.335810E-04 2.121944E-02 4.875356E-02 0.000000E+00
20550 8.871995E+03 4.134399E-04 2.241796E-02 4.923429E-02 0.000000E+00
20600 8.872580E+03 4.099009E-04 2.217239E-02 4.923095E-02 0.000000E+00
20650 8.873168E+03 3.941621E-04 2.210480E-02 4.922998E-02 0.000000E+00
20700 8.873761E+03 3.941621E-04 2.226581E-02 4.922998E-02 0.000000E+00
20750 8.874347E+03 3.941621E-04 2.264473E-02 4.922998E-02 0.000000E+00
20800 8.874943E+03 4.118124E-04 2.187798E-02 4.944625E-02 0.000000E+00
20850 8.875538E+03 3.879991E-04 2.252576E-02 5.007295E-02 0.000000E+00
20900 8.876114E+03 3.941349E-04 2.202488E-02 4.923339E-02 0.000000E+00
20950 8.876695E+03 3.941621E-04 2.223723E-02 4.922998E-02 0.000000E+00
21000 8.877265E+03 3.925323E-04 2.234881E-02 4.943455E-02 0.000000E+00
21050 8.877855E+03 3.922670E-04 2.209504E-02 4.946785E-02 0.000000E+00
21100 8.878436E+03 4.150291E-04 2.236223E-02 4.998432E-02 0.000000E+00
21150 8.879029E+03 4.195933E-04 2.230529E-02 4.982833E-02 0.000000E+00
21200 8.879611E+03 3.822330E-04 2.221691E-02 5.805546E-02 0.000000E+00
21250 8.880204E+03 3.922670E-04 2.200777E-02 4.946785E-02 0.000000E+00
21300 8.880795E+03 3.922670E-04 2.206974E-02 4.946785E-02 0.000000E+00
21350 8.881372E+03 3.922670E-04 2.176103E-02 4.946785E-02 0.000000E+00
21400 8.881960E+03 3.922670E-04 2.180292E-02 4.946785E-02 0.000000E+00
21450 8.882546E+03 3.922670E-04 2.142767E-02 4.946785E-02 0.000000E+00
21500 8.883139E+03 3.922670E-04 2.210616E-02 4.946785E-02 0.000000E+00
21550 8.883734E+03 3.922670E-04 2.212869E-02 4.946785E-02 0.000000E+00
21600 8.884332E+03 4.037322E-04 2.154137E-02 4.837741E-02 0.000000E+00
21650 8.884920E+03 4.737509E-04 2.160277E-02 4.505561E-02 0.000000E+00
21700 8.885536E+03 4.483597E-04 2.100654E-02 4.449923E-02 0.000000E+00
21750 8.886123E+03 4.605263E-04 2.101414E-02 5.038068E-02 0.000000E+00
21800 8.886715E+03 4.424300E-04 2.203630E-02 4.385920E-02 0.000000E+00
21850 8.887318E+03 4.424300E-04 2.092429E-02 4.385920E-02 0.000000E+00
21900 8.887930E+03 4.899882E-04 2.073514E-02 4.245940E-02 0.000000E+00
21950 8.888535E+03 4.396912E-04 2.141121E-02 4.457191E-02 0.000000E+00
22000 8.889123E+03 5.373936E-04 2.196370E-02 3.853025E-02 0.000000E+00
22050 8.889712E+03 4.424300E-04 2.163318E-02 4.385920E-02 0.000000E+00
22100 8.890310E+03 4.665074E-04 2.175271E-02 4.981988E-02 0.000000E+00
22150 8.890904E+03 4.424300E-04 2.153650E-02 4.385920E-02 0.000000E+00
22200 8.891485E+03 4.424300E-04 2.191051E-02 4.385920E-02 0.000000E+00
22250 8.892071E+03 4.424300E-04 2.139338E-02 4.385920E-02 0.000000E+00
22300 8.892669E+03 4.431207E-04 2.109712E-02 4.379998E-02 0.000000E+00
22350 8.893260E+03 4.424300E-04 2.098577E-02 4.385920E-02 0.000000E+00
22400 8.893864E+03 4.192526E-04 2.113432E-02 4.692052E-02 0.000000E+00
22450 8.894478E+03 3.813946E-04 2.145202E-02 5.160471E-02 0.000000E+00
22500 8.895079E+03 4.026972E-04 2.218937E-02 4.910718E-02 0.000000E+00
22550 8.895696E+03 3.320611E-04 2.148169E-02 5.843692E-02 0.000000E+00
22600 8.896311E+03 3.320611E-04 2.129263E-02 5.843692E-02 0.000000E+00
22650 8.896929E+03 3.320611E-04 2.090452E-02 5.843692E-02 0.000000E+00
22700 8.897535E+03 3.328332E-04 2.136677E-02 5.854586E-02 0.000000E+00
22750 8.898159E+03 3.320611E-04 2.136363E-02 5.843692E-02 0.000000E+00
22800 8.898766E+03 3.365787E-04 2.097123E-02 5.788995E-02 0.000000E+00
22850 8.899374E+03 3.279019E-04 2.087052E-02 5.881697E-02 0.000000E+00
22900 8.899990E+03 3.328384E-04 2.050579E-02 5.853338E-02 0.000000E+00
22950 8.900609E+03 3.356593E-04 2.126049E-02 5.790056E-02 0.000000E+00
23000 8.901229E+03 3.320611E-04 2.129937E-02 5.843692E-02 0.000000E+00
23050 8.901844E+03 3.320611E-04 2.109880E-02 5.843692E-02 0.000000E+00
23100 8.902451E+03 3.320611E-04 2.135697E-02 5.843692E-02 0.000000E+00
23150 8.903065E+03 3.291632E-04 2.129238E-02 5.992486E-02 0.000000E+00
23200 8.903672E+03 3.258208E-04 2.128465E-02 5.604793E-02 0.000000E+00
23250 8.904314E+03 3.320611E-04 2.178491E-02 5.843692E-02 0.000000E+00
23300 8.904931E+03 3.320611E-04 2.164609E-02 5.843692E-02 0.000000E+00
23350 8.905543E+03 3.320611E-04 2.125308E-02 5.843692E-02 0.000000E+00
23400 8.906163E+03 3.320611E-04 2.145051E-02 5.843692E-02 0.000000E+00
23450 8.906775E+03 3.390393E-04 2.135074E-02 6.045811E-02 0.000000E+00
23500 8.907404E+03 3.315145E-04 2.078568E-02 5.853870E-02 0.000000E+00
23550 8.908029E+03 3.934673E-04 2.041978E-02 5.836057E-02 0.000000E+00
23600 8.908655E+03 3.320611E-04 2.105492E-02 5.843692E-02 0.000000E+00
23650 8.909267E+03 3.320611E-04 2.064769E-02 5.843692E-02 0.000000E+00
23700 8.909874E+03 3.320611E-04 2.086715E-02 5.843692E-02 0.000000E+00
23750 8.910501E+03 3.320611E-04 2.077545E-02 5.843692E-02 0.000000E+00
23800 8.911115E+03 3.320611E-04 2.129703E-02 5.843692E-02 0.000000E+00
23850 8.911751E+03 3.299766E-04 2.111688E-02 5.891742E-02 0.000000E+00
23900 8.912370E+03 3.320611E-04 2.128609E-02 5.843692E-02 0.000000E+00
23950 8.912965E+03 3.324260E-04 2.148231E-02 5.837382E-02 0.000000E+00
24000 8.913581E+03 3.320611E-04 2.116083E-02 5.843692E-02 0.000000E+00
24050 8.914187E+03 3.320611E-04 2.107755E-02 5.843692E-02 0.000000E+00
24100 8.914800E+03 3.320611E-04 2.150607E-02 5.843692E-02 0.000000E+00
24150 8.915402E+03 3.320611E-04 2.114134E-02 5.843692E-02 0.000000E+00
24200 8.916001E+03 3.292273E-04 2.137538E-02 5.913387E-02 0.000000E+00
24250 8.916598E+03 3.329531E-04 2.107597E-02 5.849971E-02 0.000000E+00
24300 8.917206E+03 6.956113E-04 2.048171E-02 5.874582E-02 0.000000E+00
24350 8.917826E+03 7.104076E-04 2.061493E-02 5.887691E-02 0.000000E+00
24400 8.918455E+03 8.384343E-04 2.040119E-02 5.886718E-02 0.000000E+00
24450 8.919077E+03 1.630626E-03 2.011835E-02 6.240214E-02 0.000000E+00
24500 8.919719E+03 1.630455E-03 2.028210E-02 5.954015E-02 0.000000E+00
24550 8.920351E+03 1.535546E-03 1.992401E-02 6.935235E-02 0.000000E+00
24600 8.920982E+03 1.627960E-03 2.049953E-02 5.949351E-02 0.000000E+00
24650 8.921625E+03 1.630455E-03 2.048271E-02 5.954015E-02 0.000000E+00
24700 8.922249E+03 1.636458E-03 2.106115E-02 5.960707E-02 0.000000E+00
24750 8.922870E+03 1.630455E-03 2.074789E-02 5.954015E-02 0.000000E+00
24800 8.923496E+03 1.630455E-03 2.036950E-02 5.954015E-02 0.000000E+00
24850 8.924122E+03 1.630455E-03 2.000225E-02 5.954015E-02 0.000000E+00
24900 8.924740E+03 1.630455E-03 2.000785E-02 5.954015E-02 0.000000E+00
24950 8.925374E+03 1.630455E-03 1.966618E-02 5.954015E-02 0.000000E+00
25000 8.926003E+03 1.630455E-03 2.121369E-02 5.954015E-02 0.000000E+00
25050 8.926631E+03 1.635861E-03 2.082942E-02 5.939190E-02 0.000000E+00
25100 8.927281E+03 1.630455E-03 1.953269E-02 5.954015E-02 0.000000E+00
25150 8.927921E+03 1.623615E-03 2.095738E-02 5.985624E-02 0.000000E+00
25200 8.928559E+03 1.633112E-03 2.073457E-02 5.956384E-02 0.000000E+00
25250 8.929188E+03 1.630455E-03 2.087317E-02 5.954015E-02 0.000000E+00
25300 8.929829E+03 2.208241E-03 2.120209E-02 6.414513E-02 0.000000E+00
25350 8.930451E+03 2.826629E-03 2.074311E-02 6.018765E-02 0.000000E+00
25400 8.931075E+03 1.647292E-03 2.042227E-02 5.975197E-02 0.000000E+00
25450 8.931700E+03 1.630455E-03 2.023100E-02 5.954015E-02 0.000000E+00
25500 8.932340E+03 1.630455E-03 2.016728E-02 5.954015E-02 0.000000E+00
25550 8.932979E+03 1.587064E-03 2.006387E-02 7.357497E-02 0.000000E+00
25600 8.933610E+03 1.630455E-03 2.025947E-02 5.954015E-02 0.000000E+00
25650 8.934235E+03 1.630455E-03 2.094002E-02 5.954015E-02 0.000000E+00
25700 8.934869E+03 1.615930E-03 2.076483E-02 6.357822E-02 0.000000E+00
25750 8.935513E+03 1.630455E-03 2.064672E-02 5.954015E-02 0.000000E+00
25800 8.936147E+03 1.640462E-03 2.032257E-02 5.954707E-02 0.000000E+00
25850 8.936777E+03 1.630455E-03 2.024608E-02 5.954015E-02 0.000000E+00
25900 8.937408E+03 1.630455E-03 2.047654E-02 5.954015E-02 0.000000E+00
25950 8.938038E+03 1.602498E-03 2.047616E-02 6.083961E-02 0.000000E+00
26000 8.938663E+03 1.634052E-03 2.128871E-02 6.080766E-02 0.000000E+00
26050 8.939292E+03 1.630455E-03 2.158967E-02 5.954015E-02 0.000000E+00
26100 8.939947E+03 1.653495E-03 2.151297E-02 6.094917E-02 0.000000E+00
26150 8.940584E+03 1.630455E-03 2.162519E-02 5.954015E-02 0.000000E+00
26200 8.941220E+03 1.630455E-03 2.164011E-02 5.954015E-02 0.000000E+00
26250 8.941838E+03 1.630455E-03 2.074684E-02 5.954015E-02 0.000000E+00
26300 8.942455E+03 1.630455E-03 2.148232E-02 5.954015E-02 0.000000E+00
26350 8.943105E+03 1.626112E-03 2.076010E-02 5.975636E-02 0.000000E+00
26400 8.943738E+03 1.630455E-03 2.080667E-02 5.954015E-02 0.000000E+00
26450 8.944353E+03 1.630455E-03 2.074023E-02 5.954015E-02 0.000000E+00
26500 8.944978E+03 1.630455E-03 2.057257E-02 5.954015E-02 0.000000E+00
26550 8.945611E+03 1.640119E-03 2.045968E-02 5.968251E-02 0.000000E+00
26600 8.946223E+03 1.630455E-03 2.083349E-02 5.954015E-02 0.000000E+00
26650 8.946865E+03 1.594532E-03 2.121953E-02 6.063484E-02 0.000000E+00
26700 8.947490E+03 1.630455E-03 2.089285E-02 5.954015E-02 0.000000E+00
26750 8.948111E+03 1.624074E-03 2.099372E-02 5.992303E-02 0.000000E+00
26800 8.948739E+03 1.630455E-03 2.023046E-02 5.954015E-02 0.000000E+00
26850 8.949380E+03 1.666996E-03 2.092826E-02 5.926597E-02 0.000000E+00
26900 8.949998E+03 1.630455E-03 2.017667E-02 5.954015E-02 0.000000E+00
26950 8.950638E+03 1.630455E-03 2.037827E-02 5.954015E-02 0.000000E+00
27000 8.951259E+03 1.629691E-03 1.979488E-02 5.962824E-02 0.000000E+00
27050 8.951886E+03 1.630455E-03 1.993276E-02 5.954015E-02 0.000000E+00
27100 8.952512E+03 1.632700E-03 2.014378E-02 5.946177E-02 0.000000E+00
27150 8.953142E+03 1.593023E-03 2.045107E-02 6.117523E-02 0.000000E+00
27200 8.953784E+03 1.580507E-03 2.077404E-02 6.072604E-02 0.000000E+00
27250 8.954418E+03 1.630455E-03 2.084510E-02 5.954015E-02 0.000000E+00
27300 8.955030E+03 1.618107E-03 2.123920E-02 5.950337E-02 0.000000E+00
27350 8.955656E+03 1.630455E-03 2.134789E-02 5.954015E-02 0.000000E+00
27400 8.956304E+03 1.630455E-03 1.981930E-02 5.954015E-02 0.000000E+00
27450 8.956930E+03 1.630455E-03 2.001896E-02 5.954015E-02 0.000000E+00
27500 8.957578E+03 1.630455E-03 1.993757E-02 5.954015E-02 0.000000E+00
27550 8.958210E+03 1.630455E-03 1.977620E-02 5.954015E-02 0.000000E+00
27600 8.958834E+03 1.630455E-03 2.070706E-02 5.954015E-02 0.000000E+00
27650 8.959468E+03 1.630455E-03 2.043103E-02 5.954015E-02 0.000000E+00
27700 8.960100E+03 1.630455E-03 2.112310E-02 5.954015E-02 0.000000E+00
27750 8.960744E+03 1.714522E-03 2.101067E-02 5.683701E-02 0.000000E+00
27800 8.961383E+03 1.630455E-03 2.071707E-02 5.954015E-02 0.000000E+00
27850 8.962032E+03 1.995594E-03 2.055745E-02 5.449973E-02 0.000000E+00
27900 8.962671E+03 1.713316E-03 2.114369E-02 5.968271E-02 0.000000E+00
27950 8.963307E+03 1.630455E-03 2.059077E-02 5.954015E-02 0.000000E+00
28000 8.963940E+03 1.960711E-03 1.983875E-02 6.156643E-02 0.000000E+00
28050 8.964567E+03 1.592197E-03 1.974235E-02 5.794477E-02 0.000000E+00
28100 8.965187E+03 1.924670E-03 2.016778E-02 5.801073E-02 0.000000E+00
28150 8.965817E+03 2.626981E-03 2.095923E-02 5.465535E-02 0.000000E+00
28200 8.966442E+03 2.628359E-03 2.103087E-02 5.455178E-02 0.000000E+00
28250 8.967053E+03 2.628359E-03 2.042998E-02 5.455178E-02 0.000000E+00
28300 8.967680E+03 2.628359E-03 2.009243E-02 5.455178E-02 0.000000E+00
28350 8.968299E+03 2.628359E-03 2.092824E-02 5.455178E-02 0.000000E+00
28400 8.968916E+03 2.617563E-03 2.141149E-02 5.479590E-02 0.000000E+00
28450 8.969542E+03 2.628359E-03 2.137046E-02 5.455178E-02 0.000000E+00
28500 8.970161E+03 2.628359E-03 2.160735E-02 5.455178E-02 0.000000E+00
28550 8.970778E+03 2.628359E-03 2.066319E-02 5.455178E-02 0.000000E+00
28600 8.971393E+03 2.628359E-03 2.127775E-02 5.455178E-02 0.000000E+00
28650 8.972007E+03 2.628359E-03 2.130945E-02 5.455178E-02 0.000000E+00
28700 8.972628E+03 2.635607E-03 2.083347E-02 5.438970E-02 0.000000E+00
28750 8.973243E+03 2.215273E-03 2.107785E-02 6.484670E-02 0.000000E+00
28800 8.973867E+03 2.478945E-03 2.056130E-02 5.827547E-02 0.000000E+00
28850 8.974478E+03 2.628359E-03 2.014139E-02 5.455178E-02 0.000000E+00
28900 8.975095E+03 2.664982E-03 2.016809E-02 5.386525E-02 0.000000E+00
28950 8.975734E+03 2.743864E-03 2.032187E-02 5.238656E-02 0.000000E+00
29000 8.976373E+03 2.884723E-03 2.129429E-02 4.974605E-02 0.000000E+00
29050 8.976993E+03 2.910744E-03 2.136393E-02 4.925972E-02 0.000000E+00
29100 8.977632E+03 2.910078E-03 2.103905E-02 4.927076E-02 0.000000E+00
29150 8.978252E+03 2.905342E-03 2.033785E-02 4.936653E-02 0.000000E+00
29200 8.978884E+03 2.910078E-03 2.043040E-02 4.927076E-02 0.000000E+00
29250 8.979524E+03 2.910078E-03 2.062144E-02 4.927076E-02 0.000000E+00
29300 8.980138E+03 2.911535E-03 2.060601E-02 4.924622E-02 0.000000E+00
29350 8.980761E+03 2.910078E-03 2.051056E-02 4.927076E-02 0.000000E+00
29400 8.981388E+03 2.907810E-03 2.070419E-02 4.931019E-02 0.000000E+00
29450 8.982019E+03 2.910078E-03 2.101442E-02 4.927076E-02 0.000000E+00
29500 8.982663E+03 2.910078E-03 2.061365E-02 4.927076E-02 0.000000E+00
29550 8.983307E+03 2.910078E-03 2.113769E-02 4.927076E-02 0.000000E+00
29600 8.983933E+03 2.910078E-03 2.040515E-02 4.927076E-02 0.000000E+00
29650 8.984556E+03 2.910078E-03 2.040938E-02 4.927076E-02 0.000000E+00
29700 8.985188E+03 2.910078E-03 1.973601E-02 4.927076E-02 0.000000E+00
29750 8.985813E+03 2.898606E-03 2.070428E-02 4.948622E-02 0.000000E+00
29800 8.986440E+03 2.910078E-03 2.072041E-02 4.927076E-02 0.000000E+00
29850 8.987068E+03 2.910078E-03 2.065087E-02 4.927076E-02 0.000000E+00
29900 8.987694E+03 2.910078E-03 2.141146E-02 4.927076E-02 0.000000E+00
29950 8.988329E+03 2.910078E-03 2.077288E-02 4.927076E-02 0.000000E+00
30000 8.988955E+03 2.906795E-03 2.100133E-02 5.002035E-02 0.000000E+00
30050 8.989570E+03 2.861748E-03 2.122154E-02 5.066996E-02 0.000000E+00
30100 8.990189E+03 2.910078E-03 2.090956E-02 4.927076E-02 0.000000E+00
30150 8.990806E+03 2.910078E-03 2.084369E-02 4.927076E-02 0.000000E+00
30200 8.991419E+03 2.910078E-03 2.084767E-02 4.927076E-02 0.000000E+00
30250 8.992050E+03 2.683780E-03 1.942666E-02 5.428343E-02 0.000000E+00
30300 8.992686E+03 2.925835E-03 2.064907E-02 4.930729E-02 0.000000E+00
30350 8.993332E+03 2.910078E-03 1.995593E-02 4.927076E-02 0.000000E+00
30400 8.993942E+03 2.910078E-03 2.024771E-02 4.927076E-02 0.000000E+00
30450 8.994570E+03 2.875506E-03 2.012212E-02 5.054841E-02 0.000000E+00
30500 8.995202E+03 2.910078E-03 1.976517E-02 4.927076E-02 0.000000E+00
30550 8.995819E+03 2.910178E-03 2.011365E-02 4.926907E-02 0.000000E+00
30600 8.996441E+03 2.910078E-03 2.055012E-02 4.927076E-02 0.000000E+00
30650 8.997083E+03 2.886058E-03 2.135788E-02 4.872032E-02 0.000000E+00
30700 8.997698E+03 2.910078E-03 2.095843E-02 4.927076E-02 0.000000E+00
30750 8.998350E+03 2.910078E-03 2.152232E-02 4.927076E-02 0.000000E+00
30800 8.998986E+03 2.910078E-03 2.130291E-02 4.927076E-02 0.000000E+00
30850 8.999623E+03 2.910078E-03 2.092561E-02 4.927076E-02 0.000000E+00
30900 9.000255E+03 2.910078E-03 2.038537E-02 4.927076E-02 0.000000E+00
30950 9.000876E+03 2.910078E-03 2.113797E-02 4.927076E-02 0.000000E+00
31000 9.001504E+03 2.910078E-03 2.051826E-02 4.927076E-02 0.000000E+00
31050 9.002124E+03 2.910078E-03 2.068012E-02 4.927076E-02 0.000000E+00
31100 9.002752E+03 2.894383E-03 2.121214E-02 4.933082E-02 0.000000E+00
31150 9.003377E+03 2.910078E-03 2.097399E-02 4.927076E-02 0.000000E+00
31200 9.003987E+03 2.924331E-03 2.044538E-02 4.904765E-02 0.000000E+00
31250 9.004608E+03 2.948580E-03 1.987750E-02 4.930567E-02 0.000000E+00
31300 9.005220E+03 2.910078E-03 2.037259E-02 4.927076E-02 0.000000E+00
31350 9.005849E+03 2.957571E-03 2.028415E-02 5.111078E-02 0.000000E+00
31400 9.006481E+03 2.910078E-03 2.098052E-02 4.927076E-02 0.000000E+00
31450 9.007099E+03 2.910078E-03 2.044553E-02 4.927076E-02 0.000000E+00
31500 9.007723E+03 2.910078E-03 2.040928E-02 4.927076E-02 0.000000E+00
31550 9.008365E+03 2.910078E-03 2.098802E-02 4.927076E-02 0.000000E+00
31600 9.008981E+03 2.898319E-03 2.036053E-02 4.899239E-02 0.000000E+00
31650 9.009604E+03 2.910078E-03 2.018542E-02 4.927076E-02 0.000000E+00
31700 9.010220E+03 2.867710E-03 2.071694E-02 5.012652E-02 0.000000E+00
31750 9.010845E+03 2.910078E-03 2.096668E-02 4.927076E-02 0.000000E+00
31800 9.011476E+03 2.907546E-03 2.139724E-02 4.931557E-02 0.000000E+00
31850 9.012107E+03 2.910078E-03 2.114447E-02 4.927076E-02 0.000000E+00
31900 9.012725E+03 2.907848E-03 2.095719E-02 4.930870E-02 0.000000E+00
31950 9.013341E+03 2.910078E-03 2.056848E-02 4.927076E-02 0.000000E+00
32000 9.013982E+03 2.908087E-03 1.947821E-02 4.931189E-02 0.000000E+00
32050 9.014608E+03 2.883264E-03 2.058998E-02 4.974210E-02 0.000000E+00
32100 9.015236E+03 2.910078E-03 2.048585E-02 4.927076E-02 0.000000E+00
32150 9.015848E+03 2.910078E-03 2.039913E-02 4.927076E-02 0.000000E+00
32200 9.016491E+03 2.910078E-03 2.045860E-02 4.927076E-02 0.000000E+00
32250 9.017107E+03 2.910078E-03 2.046187E-02 4.927076E-02 0.000000E+00
32300 9.017715E+03 2.910078E-03 2.064691E-02 4.927076E-02 0.000000E+00
32350 9.018338E+03 2.910078E-03 2.060984E-02 4.927076E-02 0.000000E+00
32400 9.018959E+03 3.072580E-03 2.056715E-02 5.042203E-02 0.000000E+00
32450 9.019577E+03 3.039558E-03 2.071351E-02 5.007298E-02 0.000000E+00
32500 9.020206E+03 2.910078E-03 2.049990E-02 4.927076E-02 0.000000E+00
32550 9.020828E+03 2.910078E-03 2.044363E-02 4.927076E-02 0.000000E+00
32600 9.021445E+03 2.910078E-03 2.046601E-02 4.927076E-02 0.000000E+00
32650 9.022087E+03 2.910078E-03 1.944946E-02 4.927076E-02 0.000000E+00
32700 9.022737E+03 2.910078E-03 2.133155E-02 4.927076E-02 0.000000E+00
32750 9.023367E+03 3.046325E-03 2.140107E-02 4.982759E-02 0.000000E+00
32800 9.023983E+03 3.051671E-03 2.077209E-02 5.040528E-02 0.000000E+00
32850 9.024618E+03 2.910078E-03 2.063971E-02 4.927076E-02 0.000000E+00
32900 9.025251E+03 2.910078E-03 2.080717E-02 4.927076E-02 0.000000E+00
32950 9.025886E+03 2.910078E-03 2.127525E-02 4.927076E-02 0.000000E+00
33000 9.026489E+03 2.835514E-03 2.076204E-02 5.792291E-02 0.000000E+00
33050 9.027118E+03 3.422452E-03 2.099503E-02 3.600374E-02 0.000000E+00
33100 9.027731E+03 4.223856E-03 2.174627E-02 1.525277E-02 0.000000E+00
33150 9.028341E+03 4.247249E-03 2.114113E-02 1.541927E-02 0.000000E+00
33200 9.028942E+03 4.522355E-03 2.115824E-02 1.608749E-02 0.000000E+00
33250 9.029557E+03 4.223856E-03 2.135565E-02 1.525277E-02 0.000000E+00
33300 9.030173E+03 4.161114E-03 2.135508E-02 1.517529E-02 0.000000E+00
33350 9.030785E+03 4.119792E-03 2.147399E-02 1.735486E-02 0.000000E+00
33400 9.031389E+03 4.707111E-03 2.112591E-02 1.534526E-02 0.000000E+00
33450 9.032010E+03 4.343587E-03 2.120017E-02 1.523502E-02 0.000000E+00
33500 9.032623E+03 4.223856E-03 2.138204E-02 1.525277E-02 0.000000E+00
33550 9.033245E+03 4.223856E-03 2.146745E-02 1.525277E-02 0.000000E+00
33600 9.033860E+03 4.224714E-03 2.158768E-02 1.524973E-02 0.000000E+00
33650 9.034480E+03 4.223856E-03 2.082507E-02 1.525277E-02 0.000000E+00
33700 9.035087E+03 4.223856E-03 2.064279E-02 1.525277E-02 0.000000E+00
33750 9.035698E+03 4.919724E-03 2.100321E-02 1.538564E-02 0.000000E+00
33800 9.036303E+03 4.003363E-03 2.120171E-02 1.411001E-02 0.000000E+00
33850 9.036918E+03 2.622676E-03 2.065838E-02 1.244496E-02 0.000000E+00
33900 9.037543E+03 2.622676E-03 2.082073E-02 1.244496E-02 0.000000E+00
33950 9.038164E+03 2.622676E-03 2.027300E-02 1.244496E-02 0.000000E+00
34000 9.038780E+03 2.622676E-03 2.060348E-02 1.244496E-02 0.000000E+00
34050 9.039403E+03 2.625342E-03 2.030718E-02 1.243348E-02 0.000000E+00
34100 9.040035E+03 2.622676E-03 2.087528E-02 1.244496E-02 0.000000E+00
34150 9.040659E+03 2.622676E-03 2.069384E-02 1.244496E-02 0.000000E+00
34200 9.041287E+03 2.622676E-03 2.040221E-02 1.244496E-02 0.000000E+00
34250 9.041923E+03 2.885296E-03 2.130711E-02 1.259782E-02 0.000000E+00
34300 9.042538E+03 2.622676E-03 2.104616E-02 1.244496E-02 0.000000E+00
34350 9.043169E+03 2.622676E-03 2.170082E-02 1.244496E-02 0.000000E+00
34400 9.043797E+03 2.626773E-03 2.132881E-02 1.254587E-02 0.000000E+00
34450 9.044415E+03 2.619796E-03 2.152128E-02 1.245942E-02 0.000000E+00
34500 9.045033E+03 2.625283E-03 2.015267E-02 1.245740E-02 0.000000E+00
34550 9.045651E+03 2.622676E-03 2.060229E-02 1.244496E-02 0.000000E+00
34600 9.046252E+03 2.622676E-03 2.088448E-02 1.244496E-02 0.000000E+00
34650 9.046874E+03 2.622676E-03 2.149537E-02 1.244496E-02 0.000000E+00
34700 9.047505E+03 2.622676E-03 2.090546E-02 1.244496E-02 0.000000E+00
34750 9.048151E+03 2.622676E-03 2.083636E-02 1.244496E-02 0.000000E+00
34800 9.048780E+03 2.622676E-03 2.090124E-02 1.244496E-02 0.000000E+00
34850 9.049406E+03 2.622676E-03 2.104991E-02 1.244496E-02 0.000000E+00
34900 9.050024E+03 2.617912E-03 2.097574E-02 1.246772E-02 0.000000E+00
34950 9.050632E+03 2.605032E-03 2.065651E-02 1.252926E-02 0.000000E+00
35000 9.051240E+03 2.605032E-03 2.123593E-02 1.252926E-02 0.000000E+00
35050 9.051845E+03 2.479807E-03 2.109562E-02 1.341321E-02 0.000000E+00
35100 9.052452E+03 2.606140E-03 2.093534E-02 1.251828E-02 0.000000E+00
35150 9.053058E+03 2.970769E-03 2.061956E-02 1.294949E-02 0.000000E+00
35200 9.053669E+03 2.605032E-03 2.140047E-02 1.252926E-02 0.000000E+00
35250 9.054287E+03 2.605032E-03 2.117346E-02 1.252926E-02 0.000000E+00
35300 9.054895E+03 2.541724E-03 2.116759E-02 1.249818E-02 0.000000E+00
35350 9.055488E+03 2.605032E-03 2.130880E-02 1.252926E-02 0.000000E+00
35400 9.056083E+03 2.605032E-03 2.168727E-02 1.252926E-02 0.000000E+00
35450 9.056684E+03 2.605032E-03 2.113473E-02 1.252926E-02 0.000000E+00
35500 9.057294E+03 2.605032E-03 2.115888E-02 1.252926E-02 0.000000E+00
35550 9.057895E+03 2.605032E-03 2.125378E-02 1.252926E-02 0.000000E+00
35600 9.058517E+03 2.550363E-03 2.092625E-02 1.279928E-02 0.000000E+00
35650 9.059109E+03 2.556005E-03 2.086468E-02 1.277398E-02 0.000000E+00
35700 9.059723E+03 2.536696E-03 2.069207E-02 1.286679E-02 0.000000E+00
35750 9.060352E+03 2.543118E-03 2.105586E-02 1.284079E-02 0.000000E+00
35800 9.060950E+03 2.536696E-03 2.098199E-02 1.286679E-02 0.000000E+00
35850 9.061555E+03 2.536696E-03 2.113699E-02 1.286679E-02 0.000000E+00
35900 9.062165E+03 2.711245E-03 2.161990E-02 1.223653E-02 0.000000E+00
35950 9.062765E+03 2.891509E-03 2.117197E-02 1.165266E-02 0.000000E+00
36000 9.063373E+03 2.642099E-03 2.156867E-02 1.278320E-02 0.000000E+00
36050 9.063986E+03 2.566623E-03 2.173215E-02 1.280411E-02 0.000000E+00
36100 9.064590E+03 2.717148E-03 2.194634E-02 1.204584E-02 0.000000E+00
36150 9.065193E+03 2.707881E-03 2.137778E-02 1.254318E-02 0.000000E+00
36200 9.065793E+03 2.536696E-03 2.157140E-02 1.286679E-02 0.000000E+00
36250 9.066391E+03 2.536696E-03 2.124485E-02 1.286679E-02 0.000000E+00
36300 9.067012E+03 2.536696E-03 2.044228E-02 1.286679E-02 0.000000E+00
36350 9.067623E+03 2.536696E-03 2.047956E-02 1.286679E-02 0.000000E+00
36400 9.068212E+03 2.536696E-03 2.141180E-02 1.286679E-02 0.000000E+00
36450 9.068835E+03 2.536696E-03 2.114325E-02 1.286679E-02 0.000000E+00
36500 9.069428E+03 2.550403E-03 2.098360E-02 1.282165E-02 0.000000E+00
36550 9.070037E+03 2.536696E-03 2.159080E-02 1.286679E-02 0.000000E+00
36600 9.070658E+03 2.536696E-03 2.119814E-02 1.286679E-02 0.000000E+00
36650 9.071258E+03 2.532989E-03 2.155049E-02 1.288707E-02 0.000000E+00
36700 9.071870E+03 2.524713E-03 2.138539E-02 1.288310E-02 0.000000E+00
36750 9.072474E+03 2.536696E-03 2.119121E-02 1.286679E-02 0.000000E+00
36800 9.073098E+03 2.493609E-03 2.069212E-02 1.431677E-02 0.000000E+00
36850 9.073695E+03 2.437974E-03 2.130050E-02 1.356032E-02 0.000000E+00
36900 9.074305E+03 2.780304E-03 2.208516E-02 1.235176E-02 0.000000E+00
36950 9.074901E+03 2.536696E-03 2.121545E-02 1.286679E-02 0.000000E+00
37000 9.075507E+03 2.535186E-03 2.077514E-02 1.287446E-02 0.000000E+00
37050 9.076120E+03 2.570991E-03 2.194320E-02 1.285277E-02 0.000000E+00
37100 9.076723E+03 2.536696E-03 2.224262E-02 1.286679E-02 0.000000E+00
37150 9.077341E+03 2.536696E-03 2.198386E-02 1.286679E-02 0.000000E+00
37200 9.077967E+03 2.536696E-03 2.124645E-02 1.286679E-02 0.000000E+00
37250 9.078578E+03 2.567341E-03 2.051859E-02 1.273412E-02 0.000000E+00
37300 9.079184E+03 2.536696E-03 2.089670E-02 1.286679E-02 0.000000E+00
37350 9.079782E+03 2.522069E-03 2.102250E-02 1.296551E-02 0.000000E+00
37400 9.080395E+03 2.419662E-03 2.154809E-02 1.375134E-02 0.000000E+00
37450 9.081005E+03 2.571641E-03 2.179812E-02 1.279224E-02 0.000000E+00
37500 9.081627E+03 2.559431E-03 2.228996E-02 1.286930E-02 0.000000E+00
37550 9.082224E+03 2.481467E-03 2.129206E-02 1.330646E-02 0.000000E+00
37600 9.082855E+03 2.391509E-03 2.119076E-02 1.666173E-02 0.000000E+00
37650 9.083477E+03 2.668511E-03 2.117668E-02 1.663413E-02 0.000000E+00
37700 9.084113E+03 2.536696E-03 2.084567E-02 1.286679E-02 0.000000E+00
37750 9.084709E+03 2.536862E-03 2.113199E-02 1.286853E-02 0.000000E+00
37800 9.085317E+03 2.719773E-03 2.103022E-02 1.277582E-02 0.000000E+00
37850 9.085917E+03 2.605368E-03 2.107531E-02 1.262676E-02 0.000000E+00
37900 9.086517E+03 2.536696E-03 2.099910E-02 1.286679E-02 0.000000E+00
37950 9.087121E+03 1.812090E-03 2.139848E-02 1.610779E-02 0.000000E+00
38000 9.087730E+03 1.194835E-03 2.196685E-02 1.886865E-02 0.000000E+00
38050 9.088324E+03 1.194835E-03 2.173296E-02 1.886865E-02 0.000000E+00
38100 9.088940E+03 1.208068E-03 2.161663E-02 1.901352E-02 0.000000E+00
38150 9.089544E+03 1.194835E-03 2.255634E-02 1.886865E-02 0.000000E+00
38200 9.090152E+03 1.194835E-03 2.342076E-02 1.886865E-02 0.000000E+00
38250 9.090768E+03 1.193148E-03 2.097819E-02 1.889967E-02 0.000000E+00
38300 9.091369E+03 1.196034E-03 2.064245E-02 1.885145E-02 0.000000E+00
38350 9.091977E+03 1.195011E-03 2.158844E-02 1.886590E-02 0.000000E+00
38400 9.092570E+03 1.194835E-03 2.142443E-02 1.886865E-02 0.000000E+00
38450 9.093183E+03 1.289267E-03 2.088399E-02 1.893904E-02 0.000000E+00
38500 9.093781E+03 1.194835E-03 2.111776E-02 1.886865E-02 0.000000E+00
38550 9.094373E+03 1.194835E-03 2.159631E-02 1.886865E-02 0.000000E+00
38600 9.094969E+03 1.194835E-03 2.179784E-02 1.886865E-02 0.000000E+00
38650 9.095572E+03 1.213816E-03 2.144964E-02 1.945782E-02 0.000000E+00
38700 9.096173E+03 1.194835E-03 2.222201E-02 1.886865E-02 0.000000E+00
38750 9.096773E+03 1.194835E-03 2.131877E-02 1.886865E-02 0.000000E+00
38800 9.097375E+03 1.261894E-03 2.141604E-02 2.034955E-02 0.000000E+00
38850 9.097987E+03 1.109602E-03 2.153467E-02 2.023968E-02 0.000000E+00
38900 9.098584E+03 1.194835E-03 2.203613E-02 1.886865E-02 0.000000E+00
38950 9.099190E+03 1.192487E-03 2.238723E-02 1.890699E-02 0.000000E+00
39000 9.099813E+03 1.194835E-03 2.276646E-02 1.886865E-02 0.000000E+00
39050 9.100440E+03 1.208136E-03 2.215664E-02 1.887281E-02 0.000000E+00
39100 9.101041E+03 1.194835E-03 2.196791E-02 1.886865E-02 0.000000E+00
39150 9.101656E+03 1.183538E-03 2.228451E-02 2.154253E-02 0.000000E+00
39200 9.102268E+03 1.194835E-03 2.205309E-02 1.886865E-02 0.000000E+00
39250 9.102880E+03 1.194835E-03 2.132232E-02 1.886865E-02 0.000000E+00
39300 9.103482E+03 1.194835E-03 2.126252E-02 1.886865E-02 0.000000E+00
39350 9.104090E+03 1.191461E-03 2.112711E-02 1.892223E-02 0.000000E+00
39400 9.104688E+03 1.194316E-03 2.115820E-02 1.887690E-02 0.000000E+00
39450 9.105295E+03 1.200581E-03 2.093807E-02 1.886443E-02 0.000000E+00
39500 9.105899E+03 1.169929E-03 2.064177E-02 1.858096E-02 0.000000E+00
39550 9.106503E+03 1.190118E-03 2.142091E-02 1.889193E-02 0.000000E+00
39600 9.107105E+03 1.167966E-03 2.098580E-02 1.944186E-02 0.000000E+00
39650 9.107702E+03 1.206406E-03 2.131294E-02 1.917909E-02 0.000000E+00
39700 9.108297E+03 1.178480E-03 2.022634E-02 1.874003E-02 0.000000E+00
39750 9.108915E+03 1.190825E-03 2.142529E-02 1.892698E-02 0.000000E+00
39800 9.109538E+03 1.194835E-03 2.106582E-02 1.886865E-02 0.000000E+00
39850 9.110155E+03 1.194835E-03 2.136675E-02 1.886865E-02 0.000000E+00
39900 9.110754E+03 1.174362E-03 2.148322E-02 1.957279E-02 0.000000E+00
39950 9.111357E+03 1.194077E-03 2.164851E-02 1.888966E-02 0.000000E+00
40000 9.111966E+03 1.194835E-03 2.126011E-02 1.886865E-02 0.000000E+00
40050 9.112573E+03 1.194835E-03 2.158253E-02 1.886865E-02 0.000000E+00
40100 9.113169E+03 1.194835E-03 2.166119E-02 1.886865E-02 0.000000E+00
40150 9.113759E+03 1.194835E-03 2.170254E-02 1.886865E-02 0.000000E+00
40200 9.114368E+03 1.338993E-03 2.146387E-02 1.697615E-02 0.000000E+00
40250 9.114974E+03 1.516374E-03 2.171472E-02 1.927168E-02 0.000000E+00
40300 9.115570E+03 1.236358E-03 2.173187E-02 1.873101E-02 0.000000E+00
40350 9.116169E+03 1.202944E-03 2.179928E-02 1.940562E-02 0.000000E+00
40400 9.116784E+03 1.194835E-03 2.188006E-02 1.886865E-02 0.000000E+00
40450 9.117387E+03 1.216739E-03 2.183222E-02 1.891651E-02 0.000000E+00
40500 9.117985E+03 1.258775E-03 2.144273E-02 1.786986E-02 0.000000E+00
40550 9.118589E+03 1.260033E-03 2.216104E-02 1.789234E-02 0.000000E+00
40600 9.119197E+03 1.260033E-03 2.232884E-02 1.789234E-02 0.000000E+00
40650 9.119783E+03 1.295806E-03 2.134909E-02 1.754753E-02 0.000000E+00
40700 9.120377E+03 1.260033E-03 2.101652E-02 1.789234E-02 0.000000E+00
40750 9.120968E+03 1.262542E-03 2.127644E-02 1.784709E-02 0.000000E+00
40800 9.121551E+03 1.260033E-03 2.206543E-02 1.789234E-02 0.000000E+00
40850 9.122158E+03 1.563003E-03 2.129046E-02 1.976167E-02 0.000000E+00
40900 9.122749E+03 1.260033E-03 2.176959E-02 1.789234E-02 0.000000E+00
40950 9.123341E+03 1.260033E-03 2.157968E-02 1.789234E-02 0.000000E+00
41000 9.123925E+03 1.260033E-03 2.174672E-02 1.789234E-02 0.000000E+00
41050 9.124531E+03 1.254161E-03 2.147541E-02 1.789216E-02 0.000000E+00
41100 9.125149E+03 1.246269E-03 2.163783E-02 1.794544E-02 0.000000E+00
41150 9.125760E+03 1.046228E-03 2.069184E-02 1.854720E-02 0.000000E+00
41200 9.126393E+03 1.046228E-03 2.037017E-02 1.854720E-02 0.000000E+00
41250 9.127011E+03 1.046228E-03 2.051195E-02 1.854720E-02 0.000000E+00
41300 9.127648E+03 1.046228E-03 2.002357E-02 1.854720E-02 0.000000E+00
41350 9.128289E+03 1.046228E-03 2.056074E-02 1.854720E-02 0.000000E+00
41400 9.128930E+03 1.046228E-03 2.084970E-02 1.854720E-02 0.000000E+00
41450 9.129563E+03 1.046228E-03 2.077679E-02 1.854720E-02 0.000000E+00
41500 9.130195E+03 1.205005E-03 2.058849E-02 1.991152E-02 0.000000E+00
41550 9.130831E+03 1.046228E-03 2.114654E-02 1.854720E-02 0.000000E+00
41600 9.131435E+03 1.038461E-03 2.125762E-02 1.852043E-02 0.000000E+00
41650 9.132064E+03 1.059392E-03 2.076316E-02 1.844386E-02 0.000000E+00
41700 9.132681E+03 1.046228E-03 2.074651E-02 1.854720E-02 0.000000E+00
41750 9.133315E+03 1.046228E-03 2.062587E-02 1.854720E-02 0.000000E+00
41800 9.133959E+03 1.046228E-03 2.048013E-02 1.854720E-02 0.000000E+00
41850 9.134578E+03 1.046228E-03 2.062569E-02 1.854720E-02 0.000000E+00
41900 9.135185E+03 1.049752E-03 2.083328E-02 1.850046E-02 0.000000E+00
41950 9.135803E+03 1.046228E-03 2.073312E-02 1.854720E-02 0.000000E+00
42000 9.136449E+03 1.089254E-03 2.101936E-02 1.787378E-02 0.000000E+00
42050 9.137073E+03 1.130892E-03 2.101754E-02 1.722208E-02 0.000000E+00
42100 9.137688E+03 1.161428E-03 2.110914E-02 1.674417E-02 0.000000E+00
42150 9.138318E+03 1.175323E-03 2.059525E-02 1.711361E-02 0.000000E+00
42200 9.138943E+03 1.186174E-03 2.099372E-02 1.637549E-02 0.000000E+00
42250 9.139565E+03 1.185023E-03 2.086114E-02 1.637487E-02 0.000000E+00
42300 9.140186E+03 1.290620E-03 2.062351E-02 1.883093E-02 0.000000E+00
42350 9.140828E+03 1.193764E-03 2.101735E-02 1.646253E-02 0.000000E+00
42400 9.141427E+03 1.167301E-03 2.125443E-02 1.676598E-02 0.000000E+00
42450 9.142047E+03 1.171248E-03 2.026159E-02 1.653323E-02 0.000000E+00
42500 9.142682E+03 1.185023E-03 2.170087E-02 1.637487E-02 0.000000E+00
42550 9.143300E+03 1.202777E-03 2.167650E-02 1.648230E-02 0.000000E+00
42600 9.143913E+03 1.185023E-03 2.107702E-02 1.637487E-02 0.000000E+00
42650 9.144524E+03 1.185023E-03 2.183664E-02 1.637487E-02 0.000000E+00
42700 9.145131E+03 1.185023E-03 2.104498E-02 1.637487E-02 0.000000E+00
42750 9.145746E+03 1.185023E-03 2.103402E-02 1.637487E-02 0.000000E+00
42800 9.146364E+03 1.193966E-03 2.166392E-02 1.636967E-02 0.000000E+00
42850 9.146980E+03 1.180387E-03 2.146403E-02 1.637264E-02 0.000000E+00
42900 9.147584E+03 1.187965E-03 2.098488E-02 1.633870E-02 0.000000E+00
42950 9.148173E+03 1.185023E-03 2.104831E-02 1.637487E-02 0.000000E+00
43000 9.148774E+03 1.185023E-03 2.154135E-02 1.637487E-02 0.000000E+00
43050 9.149369E+03 1.185023E-03 2.057888E-02 1.637487E-02 0.000000E+00
43100 9.149990E+03 1.185023E-03 2.078670E-02 1.637487E-02 0.000000E+00
43150 9.150613E+03 1.185023E-03 2.052101E-02 1.637487E-02 0.000000E+00
43200 9.151207E+03 5.963258E-04 2.136199E-02 2.558748E-02 0.000000E+00
43250 9.151825E+03 4.302832E-04 2.117589E-02 2.818591E-02 0.000000E+00
43300 9.152423E+03 4.302832E-04 2.172067E-02 2.818591E-02 0.000000E+00
43350 9.153012E+03 4.254284E-04 2.146539E-02 2.891554E-02 0.000000E+00
43400 9.153607E+03 4.302832E-04 2.191383E-02 2.818591E-02 0.000000E+00
43450 9.154216E+03 4.358705E-04 2.148983E-02 2.825665E-02 0.000000E+00
43500 9.154827E+03 4.302832E-04 2.155267E-02 2.818591E-02 0.000000E+00
43550 9.155430E+03 4.302832E-04 2.141394E-02 2.818591E-02 0.000000E+00
43600 9.156038E+03 4.273621E-04 2.161221E-02 2.840365E-02 0.000000E+00
43650 9.156651E+03 4.302832E-04 2.176734E-02 2.818591E-02 0.000000E+00
43700 9.157267E+03 4.302832E-04 2.073174E-02 2.818591E-02 0.000000E+00
43750 9.157876E+03 4.291453E-04 2.193384E-02 2.812308E-02 0.000000E+00
43800 9.158485E+03 4.302832E-04 2.089170E-02 2.818591E-02 0.000000E+00
43850 9.159101E+03 4.302832E-04 2.045913E-02 2.818591E-02 0.000000E+00
43900 9.159706E+03 4.302832E-04 2.036197E-02 2.818591E-02 0.000000E+00
43950 9.160333E+03 4.302832E-04 2.037597E-02 2.818591E-02 0.000000E+00
44000 9.160956E+03 4.302832E-04 2.048915E-02 2.818591E-02 0.000000E+00
44050 9.161582E+03 4.302832E-04 2.082869E-02 2.818591E-02 0.000000E+00
44100 9.162195E+03 4.269234E-04 2.114331E-02 2.849653E-02 0.000000E+00
44150 9.162808E+03 4.302832E-04 2.043864E-02 2.818591E-02 0.000000E+00
44200 9.163420E+03 4.292097E-04 2.142521E-02 2.827961E-02 0.000000E+00
44250 9.164028E+03 4.252450E-04 2.037120E-02 3.488459E-02 0.000000E+00
44300 9.164633E+03 4.302832E-04 2.116719E-02 2.818591E-02 0.000000E+00
44350 9.165246E+03 4.302832E-04 2.150748E-02 2.818591E-02 0.000000E+00
44400 9.165850E+03 4.302832E-04 2.163830E-02 2.818591E-02 0.000000E+00
44450 9.166460E+03 4.299796E-04 2.140254E-02 2.820731E-02 0.000000E+00
44500 9.167078E+03 4.302832E-04 2.142633E-02 2.818591E-02 0.000000E+00
44550 9.167676E+03 4.302832E-04 2.120116E-02 2.818591E-02 0.000000E+00
44600 9.168283E+03 3.956208E-04 2.122749E-02 2.932993E-02 0.000000E+00
44650 9.168885E+03 3.932644E-04 2.129378E-02 2.898246E-02 0.000000E+00
44700 9.169482E+03 3.676877E-04 2.135907E-02 2.953280E-02 0.000000E+00
44750 9.170088E+03 3.633463E-04 2.121324E-02 2.960675E-02 0.000000E+00
44800 9.170694E+03 3.629762E-04 2.172538E-02 2.963418E-02 0.000000E+00
44850 9.171291E+03 3.639292E-04 2.105909E-02 2.956540E-02 0.000000E+00
44900 9.171903E+03 3.629762E-04 2.099445E-02 2.963418E-02 0.000000E+00
44950 9.172509E+03 3.622008E-04 2.097704E-02 2.971468E-02 0.000000E+00
45000 9.173103E+03 3.629762E-04 2.123807E-02 2.963418E-02 0.000000E+00
45050 9.173700E+03 3.629762E-04 2.122067E-02 2.963418E-02 0.000000E+00
45100 9.174306E+03 3.634504E-04 2.085016E-02 3.028639E-02 0.000000E+00
45150 9.174919E+03 3.629762E-04 2.105838E-02 2.963418E-02 0.000000E+00
45200 9.175548E+03 3.742425E-04 2.098788E-02 3.372317E-02 0.000000E+00
45250 9.176167E+03 3.629762E-04 2.100089E-02 2.963418E-02 0.000000E+00
45300 9.176783E+03 3.627557E-04 2.124479E-02 2.965274E-02 0.000000E+00
45350 9.177397E+03 3.645522E-04 2.102363E-02 2.959028E-02 0.000000E+00
45400 9.178009E+03 3.597433E-04 2.084443E-02 2.968888E-02 0.000000E+00
45450 9.178629E+03 3.629762E-04 2.113279E-02 2.963418E-02 0.000000E+00
45500 9.179222E+03 3.629762E-04 2.092259E-02 2.963418E-02 0.000000E+00
45550 9.179825E+03 3.614447E-04 2.067404E-02 2.979285E-02 0.000000E+00
45600 9.180447E+03 3.414428E-04 2.077497E-02 3.182554E-02 0.000000E+00
45650 9.181064E+03 3.629762E-04 2.080188E-02 2.963418E-02 0.000000E+00
45700 9.181671E+03 3.629762E-04 2.120941E-02 2.963418E-02 0.000000E+00
45750 9.182290E+03 3.629762E-04 2.176874E-02 2.963418E-02 0.000000E+00
45800 9.182916E+03 3.629762E-04 2.168596E-02 2.963418E-02 0.000000E+00
45850 9.183536E+03 3.629762E-04 2.130555E-02 2.963418E-02 0.000000E+00
45900 9.184158E+03 3.629762E-04 2.157223E-02 2.963418E-02 0.000000E+00
45950 9.184779E+03 3.629762E-04 2.168171E-02 2.963418E-02 0.000000E+00
46000 9.185395E+03 3.632095E-04 2.134424E-02 2.961628E-02 0.000000E+00
46050 9.186029E+03 3.629762E-04 2.168397E-02 2.963418E-02 0.000000E+00
46100 9.186643E+03 3.629762E-04 2.134551E-02 2.963418E-02 0.000000E+00
46150 9.187238E+03 3.823771E-04 2.140356E-02 2.902860E-02 0.000000E+00
46200 9.187857E+03 3.621303E-04 2.173700E-02 2.971234E-02 0.000000E+00
46250 9.188466E+03 3.763154E-04 2.058625E-02 2.987078E-02 0.000000E+00
46300 9.189084E+03 3.629762E-04 2.141223E-02 2.963418E-02 0.000000E+00
46350 9.189709E+03 3.659485E-04 2.032937E-02 2.946200E-02 0.000000E+00
46400 9.190315E+03 3.626656E-04 2.060680E-02 2.963999E-02 0.000000E+00
46450 9.190917E+03 3.629762E-04 2.147705E-02 2.963418E-02 0.000000E+00
46500 9.191536E+03 3.616311E-04 2.106244E-02 2.980863E-02 0.000000E+00
46550 9.192148E+03 3.703283E-04 2.113250E-02 2.961774E-02 0.000000E+00
46600 9.192750E+03 3.629762E-04 2.097214E-02 2.963418E-02 0.000000E+00
46650 9.193398E+03 3.629762E-04 2.085270E-02 2.963418E-02 0.000000E+00
46700 9.194019E+03 3.629762E-04 2.105392E-02 2.963418E-02 0.000000E+00
46750 9.194625E+03 3.629762E-04 2.168472E-02 2.963418E-02 0.000000E+00
46800 9.195244E+03 3.629762E-04 2.193209E-02 2.963418E-02 0.000000E+00
46850 9.195866E+03 3.629762E-04 2.188485E-02 2.963418E-02 0.000000E+00
46900 9.196489E+03 3.640728E-04 2.216231E-02 2.956542E-02 0.000000E+00
46950 9.197103E+03 3.629762E-04 2.154594E-02 2.963418E-02 0.000000E+00
47000 9.197717E+03 3.629762E-04 2.149315E-02 2.963418E-02 0.000000E+00
47050 9.198317E+03 4.081201E-04 2.171252E-02 3.047048E-02 0.000000E+00
