0 0.000000E+00 0.000000E+00 0.000000E+00 0.000000E+00 0.000000E+00 0.000000E+00 0.000000E+00
0 1.846178E+02 0.000000E+00 0.000000E+00 0.000000E+00 0.000000E+00 0.000000E+00 0.000000E+00
50 7.993729E+03 0.000000E+00 0.000000E+00 0.000000E+00 0.000000E+00 0.000000E+00 0.000000E+00
100 8.499670E+03 2.000000E+00 0.000000E+00 0.000000E+00 2.000000E+00 2.000000E+00 2.000000E+00
150 8.518640E+03 2.000000E+00 9.500000E-01 9.500000E-01 2.000000E+00 2.950000E+00 2.950000E+00
200 8.532786E+03 2.000000E+00 1.000000E+00 1.000000E+00 2.000000E+00 3.000000E+00 3.000000E+00
250 8.546691E+03 2.050000E+00 1.050000E+00 1.000000E+00 2.000000E+00 3.050000E+00 3.050000E+00
300 8.560231E+03 2.000000E+00 1.000000E+00 1.000000E+00 2.000000E+00 3.000000E+00 3.000000E+00
350 8.571961E+03 3.000000E+00 2.000000E+00 1.000000E+00 2.000000E+00 4.000000E+00 4.000000E+00
400 8.578692E+03 3.000000E+00 2.000000E+00 1.000000E+00 2.000000E+00 4.000000E+00 4.000000E+00
450 8.583082E+03 4.000000E+00 2.000000E+00 1.000000E+00 3.000000E+00 5.000000E+00 5.000000E+00
500 8.586992E+03 4.080000E+00 2.020000E+00 1.020000E+00 3.080000E+00 5.100000E+00 5.100000E+00
550 8.590073E+03 5.040000E+00 2.040000E+00 1.020000E+00 4.020000E+00 6.060000E+00 6.060000E+00
600 8.592704E+03 5.260000E+00 2.260000E+00 1.000000E+00 4.000000E+00 6.260000E+00 6.260000E+00
650 8.595376E+03 5.000000E+00 2.050000E+00 1.050000E+00 4.000000E+00 6.050000E+00 6.050000E+00
700 8.597768E+03 5.690000E+00 3.000000E+00 1.310000E+00 4.000000E+00 7.000000E+00 7.000000E+00
750 8.599678E+03 6.000000E+00 3.000000E+00 1.000000E+00 4.000000E+00 7.000000E+00 7.000000E+00
800 8.601491E+03 6.870000E+00 3.870000E+00 1.000000E+00 4.000000E+00 7.870000E+00 7.870000E+00
850 8.603017E+03 7.000000E+00 4.000000E+00 1.000000E+00 4.000000E+00 8.000000E+00 8.000000E+00
900 8.604530E+03 7.000000E+00 4.000000E+00 1.000000E+00 4.000000E+00 8.000000E+00 8.000000E+00
950 8.606078E+03 7.000000E+00 4.000000E+00 1.000000E+00 4.000000E+00 8.000000E+00 8.000000E+00
1000 8.607608E+03 7.000000E+00 4.000000E+00 1.000000E+00 4.000000E+00 8.000000E+00 8.000000E+00
1050 8.609100E+03 7.020000E+00 4.020000E+00 1.000000E+00 4.000000E+00 8.020000E+00 8.020000E+00
1100 8.610641E+03 7.000000E+00 4.000000E+00 1.000000E+00 4.000000E+00 8.000000E+00 8.000000E+00
1150 8.612168E+03 7.000000E+00 4.000000E+00 1.000000E+00 4.000000E+00 8.000000E+00 8.000000E+00
1200 8.613684E+03 7.000000E+00 4.000000E+00 1.000000E+00 4.000000E+00 8.000000E+00 8.000000E+00
1250 8.615231E+03 7.000000E+00 4.000000E+00 1.000000E+00 4.000000E+00 8.000000E+00 8.000000E+00
1300 8.616786E+03 7.240000E+00 4.220000E+00 1.000000E+00 4.020000E+00 8.240000E+00 8.240000E+00
1350 8.617789E+03 8.000000E+00 5.060000E+00 1.060000E+00 4.000000E+00 9.060000E+00 9.060000E+00
1400 8.618763E+03 8.010000E+00 5.390000E+00 1.380000E+00 4.000000E+00 9.390000E+00 9.390000E+00
1450 8.619731E+03 8.000000E+00 5.790000E+00 1.790000E+00 4.000000E+00 9.790000E+00 9.790000E+00
1500 8.620713E+03 8.010000E+00 6.000000E+00 2.000000E+00 4.010000E+00 1.001000E+01 1.001000E+01
1550 8.621706E+03 8.000000E+00 6.000000E+00 2.000000E+00 4.000000E+00 1.000000E+01 1.000000E+01
1600 8.622694E+03 8.000000E+00 6.000000E+00 2.000000E+00 4.000000E+00 1.000000E+01 1.000000E+01
1650 8.623665E+03 8.000000E+00 6.000000E+00 2.000000E+00 4.000000E+00 1.000000E+01 1.000000E+01
1700 8.624628E+03 8.050000E+00 6.030000E+00 2.000000E+00 4.020000E+00 1.005000E+01 1.005000E+01
1750 8.625631E+03 8.080000E+00 6.160000E+00 2.080000E+00 4.000000E+00 1.016000E+01 1.016000E+01
1800 8.626655E+03 8.000000E+00 6.000000E+00 2.000000E+00 4.000000E+00 1.000000E+01 1.000000E+01
1850 8.627658E+03 8.000000E+00 6.000000E+00 2.000000E+00 4.000000E+00 1.000000E+01 1.000000E+01
1900 8.628666E+03 8.380000E+00 6.380000E+00 2.000000E+00 4.000000E+00 1.038000E+01 1.038000E+01
1950 8.629681E+03 8.980000E+00 6.980000E+00 2.000000E+00 4.000000E+00 1.098000E+01 1.098000E+01
2000 8.630680E+03 9.000000E+00 7.000000E+00 2.000000E+00 4.000000E+00 1.100000E+01 1.100000E+01
2050 8.631674E+03 9.000000E+00 7.020000E+00 2.020000E+00 4.000000E+00 1.102000E+01 1.102000E+01
2100 8.632661E+03 9.000000E+00 7.010000E+00 2.010000E+00 4.000000E+00 1.101000E+01 1.101000E+01
2150 8.633667E+03 9.290000E+00 7.000000E+00 2.000000E+00 4.290000E+00 1.129000E+01 1.129000E+01
2200 8.634637E+03 9.630000E+00 7.000000E+00 2.000000E+00 4.630000E+00 1.163000E+01 1.163000E+01
2250 8.635618E+03 1.004000E+01 7.150000E+00 2.110000E+00 5.000000E+00 1.215000E+01 1.215000E+01
2300 8.636547E+03 1.000000E+01 8.000000E+00 3.000000E+00 5.000000E+00 1.300000E+01 1.300000E+01
2350 8.637443E+03 1.000000E+01 8.000000E+00 3.000000E+00 5.000000E+00 1.300000E+01 1.300000E+01
2400 8.638285E+03 1.000000E+01 8.000000E+00 3.000000E+00 5.000000E+00 1.300000E+01 1.300000E+01
2450 8.639147E+03 1.000000E+01 8.000000E+00 3.000000E+00 5.000000E+00 1.300000E+01 1.300000E+01
2500 8.639997E+03 1.000000E+01 8.000000E+00 3.000000E+00 5.000000E+00 1.300000E+01 1.300000E+01
2550 8.640835E+03 1.000000E+01 8.000000E+00 3.000000E+00 5.000000E+00 1.300000E+01 1.300000E+01
2600 8.641682E+03 1.000000E+01 8.000000E+00 3.000000E+00 5.000000E+00 1.300000E+01 1.300000E+01
2650 8.642520E+03 1.000000E+01 8.000000E+00 3.000000E+00 5.000000E+00 1.300000E+01 1.300000E+01
2700 8.643356E+03 1.005000E+01 8.050000E+00 3.000000E+00 5.000000E+00 1.305000E+01 1.305000E+01
2750 8.644203E+03 1.004000E+01 8.040000E+00 3.000000E+00 5.000000E+00 1.304000E+01 1.304000E+01
2800 8.645064E+03 1.002000E+01 8.020000E+00 3.000000E+00 5.000000E+00 1.302000E+01 1.302000E+01
2850 8.645907E+03 1.001000E+01 8.150000E+00 3.140000E+00 5.000000E+00 1.315000E+01 1.315000E+01
2900 8.646749E+03 1.000000E+01 8.050000E+00 3.050000E+00 5.000000E+00 1.305000E+01 1.305000E+01
2950 8.647579E+03 1.002000E+01 8.020000E+00 3.000000E+00 5.000000E+00 1.302000E+01 1.302000E+01
3000 8.648434E+03 1.003000E+01 8.030000E+00 3.000000E+00 5.000000E+00 1.303000E+01 1.303000E+01
3050 8.649290E+03 1.000000E+01 8.000000E+00 3.000000E+00 5.000000E+00 1.300000E+01 1.300000E+01
3100 8.650170E+03 1.000000E+01 8.000000E+00 3.000000E+00 5.000000E+00 1.300000E+01 1.300000E+01
3150 8.651027E+03 1.001000E+01 8.000000E+00 3.000000E+00 5.010000E+00 1.301000E+01 1.301000E+01
3200 8.651881E+03 1.000000E+01 8.000000E+00 3.000000E+00 5.000000E+00 1.300000E+01 1.300000E+01
3250 8.652689E+03 1.100000E+01 9.000000E+00 3.000000E+00 5.000000E+00 1.400000E+01 1.400000E+01
3300 8.653469E+03 1.101000E+01 9.010000E+00 3.000000E+00 5.000000E+00 1.401000E+01 1.401000E+01
3350 8.654245E+03 1.100000E+01 9.000000E+00 3.000000E+00 5.000000E+00 1.400000E+01 1.400000E+01
3400 8.655015E+03 1.106000E+01 9.000000E+00 3.000000E+00 5.060000E+00 1.406000E+01 1.406000E+01
3450 8.655802E+03 1.148000E+01 9.030000E+00 3.000000E+00 5.450000E+00 1.448000E+01 1.448000E+01
3500 8.656556E+03 1.100000E+01 9.000000E+00 3.000000E+00 5.000000E+00 1.400000E+01 1.400000E+01
3550 8.657316E+03 1.100000E+01 9.000000E+00 3.000000E+00 5.000000E+00 1.400000E+01 1.400000E+01
3600 8.658099E+03 1.100000E+01 9.000000E+00 3.000000E+00 5.000000E+00 1.400000E+01 1.400000E+01
3650 8.658894E+03 1.114000E+01 9.000000E+00 3.000000E+00 5.140000E+00 1.414000E+01 1.414000E+01
3700 8.659672E+03 1.100000E+01 9.000000E+00 3.000000E+00 5.000000E+00 1.400000E+01 1.400000E+01
3750 8.660464E+03 1.100000E+01 9.000000E+00 3.000000E+00 5.000000E+00 1.400000E+01 1.400000E+01
3800 8.661250E+03 1.100000E+01 9.000000E+00 3.000000E+00 5.000000E+00 1.400000E+01 1.400000E+01
3850 8.662041E+03 1.100000E+01 9.000000E+00 3.000000E+00 5.000000E+00 1.400000E+01 1.400000E+01
3900 8.662829E+03 1.100000E+01 9.000000E+00 3.000000E+00 5.000000E+00 1.400000E+01 1.400000E+01
3950 8.663618E+03 1.100000E+01 9.000000E+00 3.000000E+00 5.000000E+00 1.400000E+01 1.400000E+01
4000 8.664375E+03 1.102000E+01 9.020000E+00 3.000000E+00 5.000000E+00 1.402000E+01 1.402000E+01
4050 8.665159E+03 1.104000E+01 9.040000E+00 3.000000E+00 5.000000E+00 1.404000E+01 1.404000E+01
4100 8.665943E+03 1.101000E+01 9.060000E+00 3.050000E+00 5.000000E+00 1.406000E+01 1.406000E+01
4150 8.666723E+03 1.100000E+01 9.070000E+00 3.070000E+00 5.000000E+00 1.407000E+01 1.407000E+01
4200 8.667484E+03 1.100000E+01 9.000000E+00 3.000000E+00 5.000000E+00 1.400000E+01 1.400000E+01
4250 8.668256E+03 1.100000E+01 9.000000E+00 3.000000E+00 5.000000E+00 1.400000E+01 1.400000E+01
4300 8.669015E+03 1.109000E+01 9.180000E+00 3.090000E+00 5.000000E+00 1.418000E+01 1.418000E+01
4350 8.669806E+03 1.100000E+01 9.000000E+00 3.000000E+00 5.000000E+00 1.400000E+01 1.400000E+01
4400 8.670580E+03 1.100000E+01 9.000000E+00 3.000000E+00 5.000000E+00 1.400000E+01 1.400000E+01
4450 8.671352E+03 1.107000E+01 9.070000E+00 3.000000E+00 5.000000E+00 1.407000E+01 1.407000E+01
4500 8.672111E+03 1.100000E+01 9.000000E+00 3.000000E+00 5.000000E+00 1.400000E+01 1.400000E+01
4550 8.672902E+03 1.108000E+01 9.080000E+00 3.000000E+00 5.000000E+00 1.408000E+01 1.408000E+01
4600 8.673687E+03 1.100000E+01 9.000000E+00 3.000000E+00 5.000000E+00 1.400000E+01 1.400000E+01
4650 8.674483E+03 1.100000E+01 9.000000E+00 3.000000E+00 5.000000E+00 1.400000E+01 1.400000E+01
4700 8.675265E+03 1.103000E+01 9.030000E+00 3.000000E+00 5.000000E+00 1.403000E+01 1.403000E+01
4750 8.676036E+03 1.100000E+01 9.000000E+00 3.000000E+00 5.000000E+00 1.400000E+01 1.400000E+01
4800 8.676812E+03 1.121000E+01 9.210000E+00 3.000000E+00 5.000000E+00 1.421000E+01 1.421000E+01
4850 8.677570E+03 1.100000E+01 9.000000E+00 3.000000E+00 5.000000E+00 1.400000E+01 1.400000E+01
4900 8.678361E+03 1.100000E+01 9.000000E+00 3.000000E+00 5.000000E+00 1.400000E+01 1.400000E+01
4950 8.679126E+03 1.100000E+01 9.000000E+00 3.000000E+00 5.000000E+00 1.400000E+01 1.400000E+01
5000 8.679910E+03 1.100000E+01 9.000000E+00 3.000000E+00 5.000000E+00 1.400000E+01 1.400000E+01
5050 8.680699E+03 1.101000E+01 9.000000E+00 3.000000E+00 5.010000E+00 1.401000E+01 1.401000E+01
5100 8.681502E+03 1.106000E+01 9.100000E+00 3.040000E+00 5.000000E+00 1.410000E+01 1.410000E+01
5150 8.682273E+03 1.100000E+01 9.000000E+00 3.000000E+00 5.000000E+00 1.400000E+01 1.400000E+01
5200 8.683053E+03 1.100000E+01 9.000000E+00 3.000000E+00 5.000000E+00 1.400000E+01 1.400000E+01
5250 8.683838E+03 1.100000E+01 9.000000E+00 3.000000E+00 5.000000E+00 1.400000E+01 1.400000E+01
5300 8.684610E+03 1.166000E+01 9.660000E+00 3.000000E+00 5.000000E+00 1.466000E+01 1.466000E+01
5350 8.685311E+03 1.202000E+01 1.002000E+01 3.000000E+00 5.000000E+00 1.502000E+01 1.502000E+01
5400 8.686018E+03 1.200000E+01 1.000000E+01 3.000000E+00 5.000000E+00 1.500000E+01 1.500000E+01
5450 8.686719E+03 1.200000E+01 1.000000E+01 3.000000E+00 5.000000E+00 1.500000E+01 1.500000E+01
5500 8.687434E+03 1.202000E+01 1.045000E+01 3.430000E+00 5.000000E+00 1.545000E+01 1.545000E+01
5550 8.688135E+03 1.200000E+01 1.010000E+01 3.100000E+00 5.000000E+00 1.510000E+01 1.510000E+01
5600 8.688842E+03 1.200000E+01 1.000000E+01 3.000000E+00 5.000000E+00 1.500000E+01 1.500000E+01
5650 8.689548E+03 1.200000E+01 1.000000E+01 3.000000E+00 5.000000E+00 1.500000E+01 1.500000E+01
5700 8.690237E+03 1.202000E+01 1.002000E+01 3.000000E+00 5.000000E+00 1.502000E+01 1.502000E+01
5750 8.690949E+03 1.200000E+01 1.025000E+01 3.250000E+00 5.000000E+00 1.525000E+01 1.525000E+01
5800 8.691628E+03 1.200000E+01 1.100000E+01 4.000000E+00 5.000000E+00 1.600000E+01 1.600000E+01
5850 8.692332E+03 1.200000E+01 1.100000E+01 4.000000E+00 5.000000E+00 1.600000E+01 1.600000E+01
5900 8.693004E+03 1.203000E+01 1.103000E+01 4.000000E+00 5.000000E+00 1.603000E+01 1.603000E+01
5950 8.693715E+03 1.225000E+01 1.125000E+01 4.000000E+00 5.000000E+00 1.625000E+01 1.625000E+01
6000 8.694418E+03 1.244000E+01 1.144000E+01 4.000000E+00 5.000000E+00 1.644000E+01 1.644000E+01
6050 8.695108E+03 1.276000E+01 1.176000E+01 4.000000E+00 5.000000E+00 1.676000E+01 1.676000E+01
6100 8.695771E+03 1.300000E+01 1.200000E+01 4.000000E+00 5.000000E+00 1.700000E+01 1.700000E+01
6150 8.696419E+03 1.300000E+01 1.200000E+01 4.000000E+00 5.000000E+00 1.700000E+01 1.700000E+01
6200 8.697062E+03 1.300000E+01 1.200000E+01 4.000000E+00 5.000000E+00 1.700000E+01 1.700000E+01
6250 8.697718E+03 1.341000E+01 1.241000E+01 4.000000E+00 5.000000E+00 1.741000E+01 1.741000E+01
6300 8.698373E+03 1.304000E+01 1.204000E+01 4.000000E+00 5.000000E+00 1.704000E+01 1.704000E+01
6350 8.699022E+03 1.331000E+01 1.200000E+01 4.000000E+00 5.310000E+00 1.731000E+01 1.731000E+01
6400 8.699678E+03 1.300000E+01 1.200000E+01 4.000000E+00 5.000000E+00 1.700000E+01 1.700000E+01
6450 8.700326E+03 1.301000E+01 1.201000E+01 4.000000E+00 5.000000E+00 1.701000E+01 1.701000E+01
6500 8.700977E+03 1.304000E+01 1.211000E+01 4.070000E+00 5.000000E+00 1.711000E+01 1.711000E+01
6550 8.701624E+03 1.301000E+01 1.225000E+01 4.240000E+00 5.000000E+00 1.725000E+01 1.725000E+01
6600 8.702277E+03 1.300000E+01 1.200000E+01 4.000000E+00 5.000000E+00 1.700000E+01 1.700000E+01
6650 8.702913E+03 1.301000E+01 1.201000E+01 4.000000E+00 5.000000E+00 1.701000E+01 1.701000E+01
6700 8.703573E+03 1.300000E+01 1.200000E+01 4.000000E+00 5.000000E+00 1.700000E+01 1.700000E+01
6750 8.704219E+03 1.300000E+01 1.212000E+01 4.120000E+00 5.000000E+00 1.712000E+01 1.712000E+01
6800 8.704870E+03 1.300000E+01 1.200000E+01 4.000000E+00 5.000000E+00 1.700000E+01 1.700000E+01
6850 8.705521E+03 1.300000E+01 1.200000E+01 4.000000E+00 5.000000E+00 1.700000E+01 1.700000E+01
6900 8.706179E+03 1.300000E+01 1.200000E+01 4.000000E+00 5.000000E+00 1.700000E+01 1.700000E+01
6950 8.706826E+03 1.300000E+01 1.200000E+01 4.000000E+00 5.000000E+00 1.700000E+01 1.700000E+01
7000 8.707476E+03 1.300000E+01 1.200000E+01 4.000000E+00 5.000000E+00 1.700000E+01 1.700000E+01
7050 8.708136E+03 1.340000E+01 1.220000E+01 4.000000E+00 5.200000E+00 1.740000E+01 1.740000E+01
7100 8.708779E+03 1.311000E+01 1.200000E+01 4.000000E+00 5.110000E+00 1.711000E+01 1.711000E+01
7150 8.709423E+03 1.300000E+01 1.200000E+01 4.000000E+00 5.000000E+00 1.700000E+01 1.700000E+01
7200 8.710065E+03 1.334000E+01 1.234000E+01 4.000000E+00 5.000000E+00 1.734000E+01 1.734000E+01
7250 8.710711E+03 1.300000E+01 1.200000E+01 4.000000E+00 5.000000E+00 1.700000E+01 1.700000E+01
7300 8.711356E+03 1.302000E+01 1.200000E+01 4.000000E+00 5.020000E+00 1.702000E+01 1.702000E+01
7350 8.712016E+03 1.300000E+01 1.259000E+01 4.590000E+00 5.000000E+00 1.759000E+01 1.759000E+01
7400 8.712662E+03 1.300000E+01 1.208000E+01 4.080000E+00 5.000000E+00 1.708000E+01 1.708000E+01
7450 8.713314E+03 1.300000E+01 1.200000E+01 4.000000E+00 5.000000E+00 1.700000E+01 1.700000E+01
7500 8.713974E+03 1.300000E+01 1.200000E+01 4.000000E+00 5.000000E+00 1.700000E+01 1.700000E+01
7550 8.714616E+03 1.300000E+01 1.200000E+01 4.000000E+00 5.000000E+00 1.700000E+01 1.700000E+01
7600 8.715253E+03 1.300000E+01 1.200000E+01 4.000000E+00 5.000000E+00 1.700000E+01 1.700000E+01
7650 8.715913E+03 1.300000E+01 1.200000E+01 4.000000E+00 5.000000E+00 1.700000E+01 1.700000E+01
7700 8.716576E+03 1.300000E+01 1.203000E+01 4.030000E+00 5.000000E+00 1.703000E+01 1.703000E+01
7750 8.717228E+03 1.300000E+01 1.200000E+01 4.000000E+00 5.000000E+00 1.700000E+01 1.700000E+01
7800 8.717874E+03 1.306000E+01 1.206000E+01 4.050000E+00 5.050000E+00 1.711000E+01 1.711000E+01
7850 8.718511E+03 1.300000E+01 1.200000E+01 4.000000E+00 5.000000E+00 1.700000E+01 1.700000E+01
7900 8.719160E+03 1.300000E+01 1.200000E+01 4.000000E+00 5.000000E+00 1.700000E+01 1.700000E+01
7950 8.719813E+03 1.300000E+01 1.200000E+01 4.000000E+00 5.000000E+00 1.700000E+01 1.700000E+01
8000 8.720463E+03 1.306000E+01 1.203000E+01 4.000000E+00 5.030000E+00 1.706000E+01 1.706000E+01
8050 8.721103E+03 1.379000E+01 1.279000E+01 4.000000E+00 5.000000E+00 1.779000E+01 1.779000E+01
8100 8.721748E+03 1.330000E+01 1.226000E+01 4.000000E+00 5.040000E+00 1.730000E+01 1.730000E+01
8150 8.722390E+03 1.463000E+01 1.363000E+01 4.000000E+00 5.000000E+00 1.863000E+01 1.863000E+01
8200 8.723040E+03 1.374000E+01 1.274000E+01 4.000000E+00 5.000000E+00 1.774000E+01 1.774000E+01
8250 8.723708E+03 1.315000E+01 1.215000E+01 4.000000E+00 5.000000E+00 1.715000E+01 1.715000E+01
8300 8.724361E+03 1.300000E+01 1.200000E+01 4.000000E+00 5.000000E+00 1.700000E+01 1.700000E+01
8350 8.724986E+03 1.300000E+01 1.200000E+01 4.000000E+00 5.000000E+00 1.700000E+01 1.700000E+01
8400 8.725638E+03 1.300000E+01 1.200000E+01 4.000000E+00 5.000000E+00 1.700000E+01 1.700000E+01
8450 8.726283E+03 1.325000E+01 1.200000E+01 4.000000E+00 5.250000E+00 1.725000E+01 1.725000E+01
8500 8.726943E+03 1.300000E+01 1.200000E+01 4.000000E+00 5.000000E+00 1.700000E+01 1.700000E+01
8550 8.727596E+03 1.300000E+01 1.200000E+01 4.000000E+00 5.000000E+00 1.700000E+01 1.700000E+01
8600 8.728265E+03 1.300000E+01 1.200000E+01 4.000000E+00 5.000000E+00 1.700000E+01 1.700000E+01
8650 8.728905E+03 1.300000E+01 1.200000E+01 4.000000E+00 5.000000E+00 1.700000E+01 1.700000E+01
8700 8.729574E+03 1.300000E+01 1.200000E+01 4.000000E+00 5.000000E+00 1.700000E+01 1.700000E+01
8750 8.730263E+03 1.319000E+01 1.200000E+01 4.000000E+00 5.190000E+00 1.719000E+01 1.719000E+01
8800 8.730927E+03 1.303000E+01 1.203000E+01 4.000000E+00 5.000000E+00 1.703000E+01 1.703000E+01
8850 8.731601E+03 1.303000E+01 1.203000E+01 4.000000E+00 5.000000E+00 1.703000E+01 1.703000E+01
8900 8.732258E+03 1.300000E+01 1.200000E+01 4.000000E+00 5.000000E+00 1.700000E+01 1.700000E+01
8950 8.732913E+03 1.300000E+01 1.200000E+01 4.000000E+00 5.000000E+00 1.700000E+01 1.700000E+01
9000 8.733567E+03 1.300000E+01 1.200000E+01 4.000000E+00 5.000000E+00 1.700000E+01 1.700000E+01
9050 8.734235E+03 1.302000E+01 1.201000E+01 4.000000E+00 5.010000E+00 1.702000E+01 1.702000E+01
9100 8.734892E+03 1.300000E+01 1.200000E+01 4.000000E+00 5.000000E+00 1.700000E+01 1.700000E+01
9150 8.735529E+03 1.322000E+01 1.222000E+01 4.000000E+00 5.000000E+00 1.722000E+01 1.722000E+01
9200 8.736166E+03 1.340000E+01 1.240000E+01 4.000000E+00 5.000000E+00 1.740000E+01 1.740000E+01
9250 8.736792E+03 1.400000E+01 1.300000E+01 4.000000E+00 5.000000E+00 1.800000E+01 1.800000E+01
9300 8.737442E+03 1.400000E+01 1.300000E+01 4.000000E+00 5.000000E+00 1.800000E+01 1.800000E+01
9350 8.738061E+03 1.402000E+01 1.302000E+01 4.000000E+00 5.000000E+00 1.802000E+01 1.802000E+01
9400 8.738694E+03 1.400000E+01 1.300000E+01 4.000000E+00 5.000000E+00 1.800000E+01 1.800000E+01
9450 8.739340E+03 1.400000E+01 1.300000E+01 4.000000E+00 5.000000E+00 1.800000E+01 1.800000E+01
9500 8.739976E+03 1.405000E+01 1.305000E+01 4.000000E+00 5.000000E+00 1.805000E+01 1.805000E+01
9550 8.740612E+03 1.400000E+01 1.300000E+01 4.000000E+00 5.000000E+00 1.800000E+01 1.800000E+01
9600 8.741239E+03 1.400000E+01 1.300000E+01 4.000000E+00 5.000000E+00 1.800000E+01 1.800000E+01
9650 8.741860E+03 1.400000E+01 1.300000E+01 4.000000E+00 5.000000E+00 1.800000E+01 1.800000E+01
9700 8.742491E+03 1.400000E+01 1.300000E+01 4.000000E+00 5.000000E+00 1.800000E+01 1.800000E+01
9750 8.743133E+03 1.405000E+01 1.305000E+01 4.000000E+00 5.000000E+00 1.805000E+01 1.805000E+01
9800 8.743780E+03 1.400000E+01 1.300000E+01 4.000000E+00 5.000000E+00 1.800000E+01 1.800000E+01
9850 8.744420E+03 1.401000E+01 1.301000E+01 4.000000E+00 5.000000E+00 1.801000E+01 1.801000E+01
9900 8.745041E+03 1.472000E+01 1.300000E+01 4.000000E+00 5.720000E+00 1.872000E+01 1.872000E+01
9950 8.745658E+03 1.545000E+01 1.300000E+01 4.000000E+00 6.450000E+00 1.945000E+01 1.945000E+01
10000 8.746279E+03 1.512000E+01 1.313000E+01 4.010000E+00 6.000000E+00 1.913000E+01 1.913000E+01
10050 8.746916E+03 1.508000E+01 1.308000E+01 4.000000E+00 6.000000E+00 1.908000E+01 1.908000E+01
10100 8.747537E+03 1.500000E+01 1.301000E+01 4.010000E+00 6.000000E+00 1.901000E+01 1.901000E+01
10150 8.748146E+03 1.500000E+01 1.300000E+01 4.000000E+00 6.000000E+00 1.900000E+01 1.900000E+01
10200 8.748768E+03 1.500000E+01 1.300000E+01 4.000000E+00 6.000000E+00 1.900000E+01 1.900000E+01
10250 8.749394E+03 1.508000E+01 1.308000E+01 4.000000E+00 6.000000E+00 1.908000E+01 1.908000E+01
10300 8.749996E+03 1.523000E+01 1.323000E+01 4.000000E+00 6.000000E+00 1.923000E+01 1.923000E+01
10350 8.750604E+03 1.565000E+01 1.365000E+01 4.000000E+00 6.000000E+00 1.965000E+01 1.965000E+01
10400 8.751219E+03 1.501000E+01 1.300000E+01 4.000000E+00 6.010000E+00 1.901000E+01 1.901000E+01
10450 8.751832E+03 1.500000E+01 1.300000E+01 4.000000E+00 6.000000E+00 1.900000E+01 1.900000E+01
10500 8.752471E+03 1.523000E+01 1.303000E+01 4.000000E+00 6.200000E+00 1.923000E+01 1.923000E+01
10550 8.753119E+03 1.514000E+01 1.300000E+01 4.000000E+00 6.140000E+00 1.914000E+01 1.914000E+01
10600 8.753749E+03 1.500000E+01 1.300000E+01 4.000000E+00 6.000000E+00 1.900000E+01 1.900000E+01
10650 8.754379E+03 1.505000E+01 1.305000E+01 4.000000E+00 6.000000E+00 1.905000E+01 1.905000E+01
10700 8.754995E+03 1.500000E+01 1.300000E+01 4.000000E+00 6.000000E+00 1.900000E+01 1.900000E+01
10750 8.755613E+03 1.500000E+01 1.300000E+01 4.000000E+00 6.000000E+00 1.900000E+01 1.900000E+01
10800 8.756234E+03 1.500000E+01 1.300000E+01 4.000000E+00 6.000000E+00 1.900000E+01 1.900000E+01
10850 8.756855E+03 1.540000E+01 1.340000E+01 4.000000E+00 6.000000E+00 1.940000E+01 1.940000E+01
10900 8.757488E+03 1.568000E+01 1.368000E+01 4.000000E+00 6.000000E+00 1.968000E+01 1.968000E+01
10950 8.758112E+03 1.500000E+01 1.300000E+01 4.000000E+00 6.000000E+00 1.900000E+01 1.900000E+01
11000 8.758730E+03 1.501000E+01 1.303000E+01 4.020000E+00 6.000000E+00 1.903000E+01 1.903000E+01
11050 8.759357E+03 1.541000E+01 1.341000E+01 4.000000E+00 6.000000E+00 1.941000E+01 1.941000E+01
11100 8.759973E+03 1.511000E+01 1.311000E+01 4.000000E+00 6.000000E+00 1.911000E+01 1.911000E+01
11150 8.760604E+03 1.500000E+01 1.300000E+01 4.000000E+00 6.000000E+00 1.900000E+01 1.900000E+01
11200 8.761217E+03 1.506000E+01 1.306000E+01 4.000000E+00 6.000000E+00 1.906000E+01 1.906000E+01
11250 8.761846E+03 1.559000E+01 1.359000E+01 4.000000E+00 6.000000E+00 1.959000E+01 1.959000E+01
11300 8.762456E+03 1.600000E+01 1.400000E+01 4.000000E+00 6.000000E+00 2.000000E+01 2.000000E+01
11350 8.763067E+03 1.601000E+01 1.401000E+01 4.000000E+00 6.000000E+00 2.001000E+01 2.001000E+01
11400 8.763681E+03 1.600000E+01 1.400000E+01 4.000000E+00 6.000000E+00 2.000000E+01 2.000000E+01
11450 8.764291E+03 1.689000E+01 1.400000E+01 4.000000E+00 6.890000E+00 2.089000E+01 2.089000E+01
11500 8.764880E+03 1.702000E+01 1.402000E+01 4.000000E+00 7.000000E+00 2.102000E+01 2.102000E+01
11550 8.765472E+03 1.700000E+01 1.400000E+01 4.000000E+00 7.000000E+00 2.100000E+01 2.100000E+01
11600 8.766070E+03 1.700000E+01 1.400000E+01 4.000000E+00 7.000000E+00 2.100000E+01 2.100000E+01
11650 8.766662E+03 1.700000E+01 1.400000E+01 4.000000E+00 7.000000E+00 2.100000E+01 2.100000E+01
11700 8.767273E+03 1.700000E+01 1.423000E+01 4.230000E+00 7.000000E+00 2.123000E+01 2.123000E+01
11750 8.767855E+03 1.703000E+01 1.403000E+01 4.000000E+00 7.000000E+00 2.103000E+01 2.103000E+01
11800 8.768445E+03 1.702000E+01 1.402000E+01 4.000000E+00 7.000000E+00 2.102000E+01 2.102000E+01
11850 8.769039E+03 1.701000E+01 1.401000E+01 4.000000E+00 7.000000E+00 2.101000E+01 2.101000E+01
11900 8.769649E+03 1.700000E+01 1.400000E+01 4.000000E+00 7.000000E+00 2.100000E+01 2.100000E+01
11950 8.770244E+03 1.711000E+01 1.411000E+01 4.000000E+00 7.000000E+00 2.111000E+01 2.111000E+01
12000 8.770842E+03 1.745000E+01 1.500000E+01 4.550000E+00 7.000000E+00 2.200000E+01 2.200000E+01
12050 8.771429E+03 1.725000E+01 1.500000E+01 4.750000E+00 7.000000E+00 2.200000E+01 2.200000E+01
12100 8.772011E+03 1.730000E+01 1.513000E+01 4.830000E+00 7.000000E+00 2.213000E+01 2.213000E+01
12150 8.772612E+03 1.700000E+01 1.500000E+01 5.000000E+00 7.000000E+00 2.200000E+01 2.200000E+01
12200 8.773204E+03 1.725000E+01 1.500000E+01 5.000000E+00 7.250000E+00 2.225000E+01 2.225000E+01
12250 8.773813E+03 1.717000E+01 1.500000E+01 5.000000E+00 7.170000E+00 2.217000E+01 2.217000E+01
12300 8.774424E+03 1.700000E+01 1.500000E+01 5.000000E+00 7.000000E+00 2.200000E+01 2.200000E+01
12350 8.775023E+03 1.725000E+01 1.525000E+01 5.000000E+00 7.000000E+00 2.225000E+01 2.225000E+01
12400 8.775625E+03 1.800000E+01 1.600000E+01 5.000000E+00 7.000000E+00 2.300000E+01 2.300000E+01
12450 8.776222E+03 1.862000E+01 1.661000E+01 5.000000E+00 7.010000E+00 2.362000E+01 2.362000E+01
12500 8.776813E+03 1.845000E+01 1.646000E+01 5.010000E+00 7.000000E+00 2.346000E+01 2.346000E+01
12550 8.777409E+03 1.800000E+01 1.600000E+01 5.000000E+00 7.000000E+00 2.300000E+01 2.300000E+01
12600 8.778012E+03 1.800000E+01 1.600000E+01 5.000000E+00 7.000000E+00 2.300000E+01 2.300000E+01
12650 8.778596E+03 1.800000E+01 1.600000E+01 5.000000E+00 7.000000E+00 2.300000E+01 2.300000E+01
12700 8.779188E+03 1.800000E+01 1.600000E+01 5.000000E+00 7.000000E+00 2.300000E+01 2.300000E+01
12750 8.779768E+03 1.800000E+01 1.600000E+01 5.000000E+00 7.000000E+00 2.300000E+01 2.300000E+01
12800 8.780356E+03 1.800000E+01 1.600000E+01 5.000000E+00 7.000000E+00 2.300000E+01 2.300000E+01
12850 8.780939E+03 1.800000E+01 1.600000E+01 5.000000E+00 7.000000E+00 2.300000E+01 2.300000E+01
12900 8.781526E+03 1.800000E+01 1.600000E+01 5.000000E+00 7.000000E+00 2.300000E+01 2.300000E+01
12950 8.782101E+03 1.800000E+01 1.600000E+01 5.000000E+00 7.000000E+00 2.300000E+01 2.300000E+01
13000 8.782700E+03 1.800000E+01 1.600000E+01 5.000000E+00 7.000000E+00 2.300000E+01 2.300000E+01
13050 8.783269E+03 1.800000E+01 1.600000E+01 5.000000E+00 7.000000E+00 2.300000E+01 2.300000E+01
13100 8.783852E+03 1.800000E+01 1.600000E+01 5.000000E+00 7.000000E+00 2.300000E+01 2.300000E+01
13150 8.784440E+03 1.803000E+01 1.600000E+01 5.000000E+00 7.030000E+00 2.303000E+01 2.303000E+01
13200 8.785034E+03 1.800000E+01 1.600000E+01 5.000000E+00 7.000000E+00 2.300000E+01 2.300000E+01
13250 8.785621E+03 1.800000E+01 1.600000E+01 5.000000E+00 7.000000E+00 2.300000E+01 2.300000E+01
13300 8.786197E+03 1.810000E+01 1.640000E+01 5.300000E+00 7.000000E+00 2.340000E+01 2.340000E+01
13350 8.786777E+03 1.800000E+01 1.600000E+01 5.000000E+00 7.000000E+00 2.300000E+01 2.300000E+01
13400 8.787357E+03 1.800000E+01 1.600000E+01 5.000000E+00 7.000000E+00 2.300000E+01 2.300000E+01
13450 8.787934E+03 1.800000E+01 1.600000E+01 5.000000E+00 7.000000E+00 2.300000E+01 2.300000E+01
13500 8.788511E+03 1.800000E+01 1.600000E+01 5.000000E+00 7.000000E+00 2.300000E+01 2.300000E+01
13550 8.789110E+03 1.800000E+01 1.600000E+01 5.000000E+00 7.000000E+00 2.300000E+01 2.300000E+01
13600 8.789693E+03 1.800000E+01 1.600000E+01 5.000000E+00 7.000000E+00 2.300000E+01 2.300000E+01
13650 8.790277E+03 1.800000E+01 1.600000E+01 5.000000E+00 7.000000E+00 2.300000E+01 2.300000E+01
13700 8.790871E+03 1.800000E+01 1.600000E+01 5.000000E+00 7.000000E+00 2.300000E+01 2.300000E+01
13750 8.791461E+03 1.803000E+01 1.603000E+01 5.000000E+00 7.000000E+00 2.303000E+01 2.303000E+01
13800 8.792026E+03 1.800000E+01 1.600000E+01 5.000000E+00 7.000000E+00 2.300000E+01 2.300000E+01
13850 8.792617E+03 1.812000E+01 1.613000E+01 5.010000E+00 7.000000E+00 2.313000E+01 2.313000E+01
13900 8.793220E+03 1.800000E+01 1.600000E+01 5.000000E+00 7.000000E+00 2.300000E+01 2.300000E+01
13950 8.793819E+03 1.802000E+01 1.614000E+01 5.120000E+00 7.000000E+00 2.314000E+01 2.314000E+01
14000 8.794419E+03 1.801000E+01 1.601000E+01 5.000000E+00 7.000000E+00 2.301000E+01 2.301000E+01
14050 8.794991E+03 1.801000E+01 1.600000E+01 5.000000E+00 7.010000E+00 2.301000E+01 2.301000E+01
14100 8.795603E+03 1.800000E+01 1.612000E+01 5.120000E+00 7.000000E+00 2.312000E+01 2.312000E+01
14150 8.796184E+03 1.800000E+01 1.600000E+01 5.000000E+00 7.000000E+00 2.300000E+01 2.300000E+01
14200 8.796760E+03 1.800000E+01 1.600000E+01 5.000000E+00 7.000000E+00 2.300000E+01 2.300000E+01
14250 8.797339E+03 1.800000E+01 1.600000E+01 5.000000E+00 7.000000E+00 2.300000E+01 2.300000E+01
14300 8.797932E+03 1.801000E+01 1.600000E+01 5.000000E+00 7.010000E+00 2.301000E+01 2.301000E+01
14350 8.798522E+03 1.800000E+01 1.600000E+01 5.000000E+00 7.000000E+00 2.300000E+01 2.300000E+01
14400 8.799112E+03 1.801000E+01 1.601000E+01 5.000000E+00 7.000000E+00 2.301000E+01 2.301000E+01
14450 8.799707E+03 1.800000E+01 1.600000E+01 5.000000E+00 7.000000E+00 2.300000E+01 2.300000E+01
14500 8.800298E+03 1.813000E+01 1.613000E+01 5.000000E+00 7.000000E+00 2.313000E+01 2.313000E+01
14550 8.800898E+03 1.803000E+01 1.605000E+01 5.020000E+00 7.000000E+00 2.305000E+01 2.305000E+01
14600 8.801463E+03 1.804000E+01 1.604000E+01 5.000000E+00 7.000000E+00 2.304000E+01 2.304000E+01
14650 8.802046E+03 1.819000E+01 1.614000E+01 5.000000E+00 7.050000E+00 2.319000E+01 2.319000E+01
14700 8.802624E+03 1.800000E+01 1.600000E+01 5.000000E+00 7.000000E+00 2.300000E+01 2.300000E+01
14750 8.803213E+03 1.800000E+01 1.600000E+01 5.000000E+00 7.000000E+00 2.300000E+01 2.300000E+01
14800 8.803800E+03 1.800000E+01 1.601000E+01 5.010000E+00 7.000000E+00 2.301000E+01 2.301000E+01
14850 8.804379E+03 1.813000E+01 1.613000E+01 5.000000E+00 7.000000E+00 2.313000E+01 2.313000E+01
14900 8.804968E+03 1.805000E+01 1.605000E+01 5.000000E+00 7.000000E+00 2.305000E+01 2.305000E+01
14950 8.805559E+03 1.801000E+01 1.600000E+01 5.000000E+00 7.010000E+00 2.301000E+01 2.301000E+01
15000 8.806139E+03 1.805000E+01 1.605000E+01 5.000000E+00 7.000000E+00 2.305000E+01 2.305000E+01
15050 8.806731E+03 1.803000E+01 1.603000E+01 5.000000E+00 7.000000E+00 2.303000E+01 2.303000E+01
15100 8.807331E+03 1.802000E+01 1.600000E+01 5.000000E+00 7.020000E+00 2.302000E+01 2.302000E+01
15150 8.807936E+03 1.800000E+01 1.600000E+01 5.000000E+00 7.000000E+00 2.300000E+01 2.300000E+01
15200 8.808522E+03 1.800000E+01 1.600000E+01 5.000000E+00 7.000000E+00 2.300000E+01 2.300000E+01
15250 8.809109E+03 1.800000E+01 1.601000E+01 5.010000E+00 7.000000E+00 2.301000E+01 2.301000E+01
15300 8.809700E+03 1.800000E+01 1.600000E+01 5.000000E+00 7.000000E+00 2.300000E+01 2.300000E+01
15350 8.810298E+03 1.800000E+01 1.600000E+01 5.000000E+00 7.000000E+00 2.300000E+01 2.300000E+01
15400 8.810879E+03 1.800000E+01 1.600000E+01 5.000000E+00 7.000000E+00 2.300000E+01 2.300000E+01
15450 8.811477E+03 1.800000E+01 1.668000E+01 5.680000E+00 7.000000E+00 2.368000E+01 2.368000E+01
15500 8.812057E+03 1.801000E+01 1.601000E+01 5.000000E+00 7.000000E+00 2.301000E+01 2.301000E+01
15550 8.812651E+03 1.800000E+01 1.600000E+01 5.000000E+00 7.000000E+00 2.300000E+01 2.300000E+01
15600 8.813245E+03 1.845000E+01 1.600000E+01 5.000000E+00 7.450000E+00 2.345000E+01 2.345000E+01
15650 8.813838E+03 1.821000E+01 1.600000E+01 5.000000E+00 7.210000E+00 2.321000E+01 2.321000E+01
15700 8.814435E+03 1.894000E+01 1.600000E+01 5.000000E+00 7.940000E+00 2.394000E+01 2.394000E+01
15750 8.815020E+03 1.908000E+01 1.608000E+01 5.000000E+00 8.000000E+00 2.408000E+01 2.408000E+01
15800 8.815622E+03 1.952000E+01 1.652000E+01 5.000000E+00 8.000000E+00 2.452000E+01 2.452000E+01
15850 8.816205E+03 1.962000E+01 1.662000E+01 5.000000E+00 8.000000E+00 2.462000E+01 2.462000E+01
15900 8.816797E+03 1.972000E+01 1.672000E+01 5.000000E+00 8.000000E+00 2.472000E+01 2.472000E+01
15950 8.817414E+03 1.931000E+01 1.631000E+01 5.020000E+00 8.020000E+00 2.433000E+01 2.433000E+01
16000 8.818023E+03 1.945000E+01 1.645000E+01 5.000000E+00 8.000000E+00 2.445000E+01 2.445000E+01
16050 8.818625E+03 1.977000E+01 1.677000E+01 5.000000E+00 8.000000E+00 2.477000E+01 2.477000E+01
16100 8.819235E+03 2.000000E+01 1.700000E+01 5.000000E+00 8.000000E+00 2.500000E+01 2.500000E+01
16150 8.819846E+03 2.000000E+01 1.700000E+01 5.000000E+00 8.000000E+00 2.500000E+01 2.500000E+01
16200 8.820422E+03 2.000000E+01 1.700000E+01 5.000000E+00 8.000000E+00 2.500000E+01 2.500000E+01
16250 8.821012E+03 2.034000E+01 1.737000E+01 5.030000E+00 8.000000E+00 2.537000E+01 2.537000E+01
16300 8.821599E+03 2.001000E+01 1.701000E+01 5.000000E+00 8.000000E+00 2.501000E+01 2.501000E+01
16350 8.822206E+03 2.005000E+01 1.705000E+01 5.000000E+00 8.000000E+00 2.505000E+01 2.505000E+01
16400 8.822809E+03 2.005000E+01 1.700000E+01 5.000000E+00 8.050000E+00 2.505000E+01 2.505000E+01
16450 8.823396E+03 2.000000E+01 1.700000E+01 5.000000E+00 8.000000E+00 2.500000E+01 2.500000E+01
16500 8.823990E+03 2.000000E+01 1.700000E+01 5.000000E+00 8.000000E+00 2.500000E+01 2.500000E+01
16550 8.824593E+03 2.000000E+01 1.712000E+01 5.120000E+00 8.000000E+00 2.512000E+01 2.512000E+01
16600 8.825175E+03 2.000000E+01 1.700000E+01 5.000000E+00 8.000000E+00 2.500000E+01 2.500000E+01
16650 8.825766E+03 2.001000E+01 1.700000E+01 5.000000E+00 8.010000E+00 2.501000E+01 2.501000E+01
16700 8.826337E+03 2.000000E+01 1.700000E+01 5.000000E+00 8.000000E+00 2.500000E+01 2.500000E+01
16750 8.826927E+03 2.092000E+01 1.792000E+01 5.000000E+00 8.000000E+00 2.592000E+01 2.592000E+01
16800 8.827534E+03 2.100000E+01 1.800000E+01 5.000000E+00 8.000000E+00 2.600000E+01 2.600000E+01
16850 8.828131E+03 2.101000E+01 1.800000E+01 5.000000E+00 8.010000E+00 2.601000E+01 2.601000E+01
16900 8.828740E+03 2.100000E+01 1.800000E+01 5.000000E+00 8.000000E+00 2.600000E+01 2.600000E+01
16950 8.829335E+03 2.109000E+01 1.806000E+01 5.000000E+00 8.030000E+00 2.609000E+01 2.609000E+01
17000 8.829917E+03 2.100000E+01 1.800000E+01 5.060000E+00 8.060000E+00 2.606000E+01 2.606000E+01
17050 8.830509E+03 2.100000E+01 1.800000E+01 5.000000E+00 8.000000E+00 2.600000E+01 2.600000E+01
17100 8.831112E+03 2.100000E+01 1.800000E+01 5.000000E+00 8.000000E+00 2.600000E+01 2.600000E+01
17150 8.831684E+03 2.109000E+01 1.809000E+01 5.000000E+00 8.000000E+00 2.609000E+01 2.609000E+01
17200 8.832274E+03 2.100000E+01 1.800000E+01 5.000000E+00 8.000000E+00 2.600000E+01 2.600000E+01
17250 8.832866E+03 2.100000E+01 1.800000E+01 5.000000E+00 8.000000E+00 2.600000E+01 2.600000E+01
17300 8.833457E+03 2.102000E+01 1.802000E+01 5.000000E+00 8.000000E+00 2.602000E+01 2.602000E+01
17350 8.834042E+03 2.101000E+01 1.801000E+01 5.000000E+00 8.000000E+00 2.601000E+01 2.601000E+01
17400 8.834642E+03 2.100000E+01 1.800000E+01 5.000000E+00 8.000000E+00 2.600000E+01 2.600000E+01
17450 8.835235E+03 2.101000E+01 1.801000E+01 5.000000E+00 8.000000E+00 2.601000E+01 2.601000E+01
17500 8.835824E+03 2.100000E+01 1.800000E+01 5.000000E+00 8.000000E+00 2.600000E+01 2.600000E+01
17550 8.836432E+03 2.100000E+01 1.800000E+01 5.000000E+00 8.000000E+00 2.600000E+01 2.600000E+01
17600 8.837024E+03 2.112000E+01 1.812000E+01 5.000000E+00 8.000000E+00 2.612000E+01 2.612000E+01
17650 8.837627E+03 2.115000E+01 1.800000E+01 5.000000E+00 8.150000E+00 2.615000E+01 2.615000E+01
17700 8.838206E+03 2.101000E+01 1.809000E+01 5.080000E+00 8.000000E+00 2.609000E+01 2.609000E+01
17750 8.838802E+03 2.100000E+01 1.800000E+01 5.000000E+00 8.000000E+00 2.600000E+01 2.600000E+01
17800 8.839399E+03 2.100000E+01 1.800000E+01 5.000000E+00 8.000000E+00 2.600000E+01 2.600000E+01
17850 8.840004E+03 2.100000E+01 1.800000E+01 5.000000E+00 8.000000E+00 2.600000E+01 2.600000E+01
17900 8.840617E+03 2.106000E+01 1.800000E+01 5.000000E+00 8.060000E+00 2.606000E+01 2.606000E+01
17950 8.841196E+03 2.100000E+01 1.800000E+01 5.000000E+00 8.000000E+00 2.600000E+01 2.600000E+01
18000 8.841785E+03 2.104000E+01 1.804000E+01 5.000000E+00 8.000000E+00 2.604000E+01 2.604000E+01
18050 8.842382E+03 2.102000E+01 1.802000E+01 5.000000E+00 8.000000E+00 2.602000E+01 2.602000E+01
18100 8.842978E+03 2.100000E+01 1.800000E+01 5.000000E+00 8.000000E+00 2.600000E+01 2.600000E+01
18150 8.843566E+03 2.101000E+01 1.806000E+01 5.050000E+00 8.000000E+00 2.606000E+01 2.606000E+01
18200 8.844158E+03 2.100000E+01 1.800000E+01 5.000000E+00 8.000000E+00 2.600000E+01 2.600000E+01
18250 8.844746E+03 2.109000E+01 1.809000E+01 5.000000E+00 8.000000E+00 2.609000E+01 2.609000E+01
18300 8.845343E+03 2.100000E+01 1.800000E+01 5.000000E+00 8.000000E+00 2.600000E+01 2.600000E+01
18350 8.845966E+03 2.100000E+01 1.800000E+01 5.000000E+00 8.000000E+00 2.600000E+01 2.600000E+01
18400 8.846554E+03 2.100000E+01 1.800000E+01 5.000000E+00 8.000000E+00 2.600000E+01 2.600000E+01
18450 8.847126E+03 2.100000E+01 1.801000E+01 5.010000E+00 8.000000E+00 2.601000E+01 2.601000E+01
18500 8.847715E+03 2.100000E+01 1.800000E+01 5.000000E+00 8.000000E+00 2.600000E+01 2.600000E+01
18550 8.848306E+03 2.101000E+01 1.801000E+01 5.000000E+00 8.000000E+00 2.601000E+01 2.601000E+01
18600 8.848899E+03 2.100000E+01 1.800000E+01 5.000000E+00 8.000000E+00 2.600000E+01 2.600000E+01
18650 8.849483E+03 2.100000E+01 1.800000E+01 5.000000E+00 8.000000E+00 2.600000E+01 2.600000E+01
18700 8.850087E+03 2.101000E+01 1.801000E+01 5.000000E+00 8.000000E+00 2.601000E+01 2.601000E+01
18750 8.850680E+03 2.102000E+01 1.801000E+01 5.000000E+00 8.010000E+00 2.602000E+01 2.602000E+01
18800 8.851263E+03 2.100000E+01 1.800000E+01 5.000000E+00 8.000000E+00 2.600000E+01 2.600000E+01
18850 8.851857E+03 2.103000E+01 1.800000E+01 5.000000E+00 8.030000E+00 2.603000E+01 2.603000E+01
18900 8.852460E+03 2.100000E+01 1.800000E+01 5.000000E+00 8.000000E+00 2.600000E+01 2.600000E+01
18950 8.853039E+03 2.101000E+01 1.801000E+01 5.000000E+00 8.000000E+00 2.601000E+01 2.601000E+01
19000 8.853620E+03 2.107000E+01 1.807000E+01 5.000000E+00 8.000000E+00 2.607000E+01 2.607000E+01
19050 8.854216E+03 2.154000E+01 1.854000E+01 5.000000E+00 8.000000E+00 2.654000E+01 2.654000E+01
19100 8.854802E+03 2.104000E+01 1.804000E+01 5.000000E+00 8.000000E+00 2.604000E+01 2.604000E+01
19150 8.855398E+03 2.100000E+01 1.800000E+01 5.000000E+00 8.000000E+00 2.600000E+01 2.600000E+01
19200 8.855992E+03 2.100000E+01 1.800000E+01 5.000000E+00 8.000000E+00 2.600000E+01 2.600000E+01
19250 8.856574E+03 2.141000E+01 1.800000E+01 5.000000E+00 8.410000E+00 2.641000E+01 2.641000E+01
19300 8.857175E+03 2.148000E+01 1.800000E+01 5.000000E+00 8.480000E+00 2.648000E+01 2.648000E+01
19350 8.857771E+03 2.212000E+01 1.806000E+01 5.000000E+00 9.060000E+00 2.712000E+01 2.712000E+01
19400 8.858361E+03 2.245000E+01 1.800000E+01 5.000000E+00 9.450000E+00 2.745000E+01 2.745000E+01
19450 8.858959E+03 2.206000E+01 1.800000E+01 5.000000E+00 9.060000E+00 2.706000E+01 2.706000E+01
19500 8.859553E+03 2.200000E+01 1.800000E+01 5.000000E+00 9.000000E+00 2.700000E+01 2.700000E+01
19550 8.860137E+03 2.254000E+01 1.851000E+01 5.000000E+00 9.030000E+00 2.754000E+01 2.754000E+01
19600 8.860729E+03 2.227000E+01 1.827000E+01 5.000000E+00 9.000000E+00 2.727000E+01 2.727000E+01
19650 8.861306E+03 2.202000E+01 1.800000E+01 5.000000E+00 9.020000E+00 2.702000E+01 2.702000E+01
19700 8.861900E+03 2.200000E+01 1.800000E+01 5.000000E+00 9.000000E+00 2.700000E+01 2.700000E+01
19750 8.862481E+03 2.200000E+01 1.806000E+01 5.060000E+00 9.000000E+00 2.706000E+01 2.706000E+01
19800 8.863065E+03 2.200000E+01 1.800000E+01 5.000000E+00 9.000000E+00 2.700000E+01 2.700000E+01
19850 8.863651E+03 2.200000E+01 1.800000E+01 5.000000E+00 9.000000E+00 2.700000E+01 2.700000E+01
19900 8.864237E+03 2.200000E+01 1.800000E+01 5.000000E+00 9.000000E+00 2.700000E+01 2.700000E+01
19950 8.864820E+03 2.200000E+01 1.811000E+01 5.110000E+00 9.000000E+00 2.711000E+01 2.711000E+01
20000 8.865396E+03 2.200000E+01 1.800000E+01 5.000000E+00 9.000000E+00 2.700000E+01 2.700000E+01
20050 8.865983E+03 2.218000E+01 1.818000E+01 5.000000E+00 9.000000E+00 2.718000E+01 2.718000E+01
20100 8.866591E+03 2.201000E+01 1.801000E+01 5.000000E+00 9.000000E+00 2.701000E+01 2.701000E+01
20150 8.867208E+03 2.200000E+01 1.800000E+01 5.000000E+00 9.000000E+00 2.700000E+01 2.700000E+01
20200 8.867822E+03 2.200000E+01 1.800000E+01 5.000000E+00 9.000000E+00 2.700000E+01 2.700000E+01
20250 8.868415E+03 2.200000E+01 1.800000E+01 5.000000E+00 9.000000E+00 2.700000E+01 2.700000E+01
20300 8.869003E+03 2.201000E+01 1.800000E+01 5.000000E+00 9.010000E+00 2.701000E+01 2.701000E+01
20350 8.869607E+03 2.202000E+01 1.802000E+01 5.000000E+00 9.000000E+00 2.702000E+01 2.702000E+01
20400 8.870193E+03 2.200000E+01 1.800000E+01 5.000000E+00 9.000000E+00 2.700000E+01 2.700000E+01
20450 8.870799E+03 2.200000E+01 1.800000E+01 5.000000E+00 9.000000E+00 2.700000E+01 2.700000E+01
20500 8.871385E+03 2.232000E+01 1.821000E+01 5.000000E+00 9.110000E+00 2.732000E+01 2.732000E+01
20550 8.871995E+03 2.203000E+01 1.803000E+01 5.000000E+00 9.000000E+00 2.703000E+01 2.703000E+01
20600 8.872580E+03 2.201000E+01 1.801000E+01 5.000000E+00 9.000000E+00 2.701000E+01 2.701000E+01
20650 8.873168E+03 2.200000E+01 1.800000E+01 5.000000E+00 9.000000E+00 2.700000E+01 2.700000E+01
20700 8.873761E+03 2.200000E+01 1.800000E+01 5.000000E+00 9.000000E+00 2.700000E+01 2.700000E+01
20750 8.874347E+03 2.200000E+01 1.800000E+01 5.000000E+00 9.000000E+00 2.700000E+01 2.700000E+01
20800 8.874943E+03 2.203000E+01 1.803000E+01 5.000000E+00 9.000000E+00 2.703000E+01 2.703000E+01
20850 8.875538E+03 2.218000E+01 1.818000E+01 5.000000E+00 9.000000E+00 2.718000E+01 2.718000E+01
20900 8.876114E+03 2.210000E+01 1.810000E+01 5.000000E+00 9.000000E+00 2.710000E+01 2.710000E+01
20950 8.876695E+03 2.200000E+01 1.800000E+01 5.000000E+00 9.000000E+00 2.700000E+01 2.700000E+01
21000 8.877265E+03 2.200000E+01 1.886000E+01 5.860000E+00 9.000000E+00 2.786000E+01 2.786000E+01
21050 8.877855E+03 2.200000E+01 1.900000E+01 6.000000E+00 9.000000E+00 2.800000E+01 2.800000E+01
21100 8.878436E+03 2.205000E+01 1.905000E+01 6.000000E+00 9.000000E+00 2.805000E+01 2.805000E+01
21150 8.879029E+03 2.206000E+01 1.906000E+01 6.000000E+00 9.000000E+00 2.806000E+01 2.806000E+01
21200 8.879611E+03 2.203000E+01 1.903000E+01 6.000000E+00 9.000000E+00 2.803000E+01 2.803000E+01
21250 8.880204E+03 2.200000E+01 1.900000E+01 6.000000E+00 9.000000E+00 2.800000E+01 2.800000E+01
21300 8.880795E+03 2.200000E+01 1.900000E+01 6.000000E+00 9.000000E+00 2.800000E+01 2.800000E+01
21350 8.881372E+03 2.200000E+01 1.900000E+01 6.000000E+00 9.000000E+00 2.800000E+01 2.800000E+01
21400 8.881960E+03 2.200000E+01 1.900000E+01 6.000000E+00 9.000000E+00 2.800000E+01 2.800000E+01
21450 8.882546E+03 2.200000E+01 1.900000E+01 6.000000E+00 9.000000E+00 2.800000E+01 2.800000E+01
21500 8.883139E+03 2.200000E+01 1.900000E+01 6.000000E+00 9.000000E+00 2.800000E+01 2.800000E+01
21550 8.883734E+03 2.200000E+01 1.900000E+01 6.000000E+00 9.000000E+00 2.800000E+01 2.800000E+01
21600 8.884332E+03 2.226000E+01 1.926000E+01 6.000000E+00 9.000000E+00 2.826000E+01 2.826000E+01
21650 8.884920E+03 2.286000E+01 1.986000E+01 6.000000E+00 9.000000E+00 2.886000E+01 2.886000E+01
21700 8.885536E+03 2.304000E+01 2.004000E+01 6.000000E+00 9.000000E+00 2.904000E+01 2.904000E+01
21750 8.886123E+03 2.309000E+01 2.009000E+01 6.000000E+00 9.000000E+00 2.909000E+01 2.909000E+01
21800 8.886715E+03 2.300000E+01 2.000000E+01 6.000000E+00 9.000000E+00 2.900000E+01 2.900000E+01
21850 8.887318E+03 2.300000E+01 2.000000E+01 6.000000E+00 9.000000E+00 2.900000E+01 2.900000E+01
21900 8.887930E+03 2.311000E+01 2.011000E+01 6.000000E+00 9.000000E+00 2.911000E+01 2.911000E+01
21950 8.888535E+03 2.301000E+01 2.001000E+01 6.000000E+00 9.000000E+00 2.901000E+01 2.901000E+01
22000 8.889123E+03 2.328000E+01 2.000000E+01 6.000000E+00 9.280000E+00 2.928000E+01 2.928000E+01
22050 8.889712E+03 2.300000E+01 2.000000E+01 6.000000E+00 9.000000E+00 2.900000E+01 2.900000E+01
22100 8.890310E+03 2.322000E+01 2.022000E+01 6.000000E+00 9.000000E+00 2.922000E+01 2.922000E+01
22150 8.890904E+03 2.300000E+01 2.000000E+01 6.000000E+00 9.000000E+00 2.900000E+01 2.900000E+01
22200 8.891485E+03 2.300000E+01 2.000000E+01 6.000000E+00 9.000000E+00 2.900000E+01 2.900000E+01
22250 8.892071E+03 2.300000E+01 2.000000E+01 6.000000E+00 9.000000E+00 2.900000E+01 2.900000E+01
22300 8.892669E+03 2.301000E+01 2.000000E+01 6.000000E+00 9.010000E+00 2.901000E+01 2.901000E+01
22350 8.893260E+03 2.300000E+01 2.000000E+01 6.000000E+00 9.000000E+00 2.900000E+01 2.900000E+01
22400 8.893864E+03 2.321000E+01 2.021000E+01 6.000000E+00 9.000000E+00 2.921000E+01 2.921000E+01
22450 8.894478E+03 2.356000E+01 2.053000E+01 6.000000E+00 9.030000E+00 2.956000E+01 2.956000E+01
22500 8.895079E+03 2.336000E+01 2.036000E+01 6.000000E+00 9.000000E+00 2.936000E+01 2.936000E+01
22550 8.895696E+03 2.400000E+01 2.100000E+01 6.000000E+00 9.000000E+00 3.000000E+01 3.000000E+01
22600 8.896311E+03 2.400000E+01 2.100000E+01 6.000000E+00 9.000000E+00 3.000000E+01 3.000000E+01
22650 8.896929E+03 2.400000E+01 2.100000E+01 6.000000E+00 9.000000E+00 3.000000E+01 3.000000E+01
22700 8.897535E+03 2.401000E+01 2.101000E+01 6.000000E+00 9.000000E+00 3.001000E+01 3.001000E+01
22750 8.898159E+03 2.400000E+01 2.100000E+01 6.000000E+00 9.000000E+00 3.000000E+01 3.000000E+01
22800 8.898766E+03 2.403000E+01 2.100000E+01 6.000000E+00 9.030000E+00 3.003000E+01 3.003000E+01
22850 8.899374E+03 2.414000E+01 2.103000E+01 6.030000E+00 9.140000E+00 3.017000E+01 3.017000E+01
22900 8.899990E+03 2.402000E+01 2.102000E+01 6.000000E+00 9.000000E+00 3.002000E+01 3.002000E+01
22950 8.900609E+03 2.406000E+01 2.106000E+01 6.000000E+00 9.000000E+00 3.006000E+01 3.006000E+01
23000 8.901229E+03 2.400000E+01 2.100000E+01 6.000000E+00 9.000000E+00 3.000000E+01 3.000000E+01
23050 8.901844E+03 2.400000E+01 2.100000E+01 6.000000E+00 9.000000E+00 3.000000E+01 3.000000E+01
23100 8.902451E+03 2.400000E+01 2.100000E+01 6.000000E+00 9.000000E+00 3.000000E+01 3.000000E+01
23150 8.903065E+03 2.402000E+01 2.104000E+01 6.020000E+00 9.000000E+00 3.004000E+01 3.004000E+01
23200 8.903672E+03 2.400000E+01 2.116000E+01 6.190000E+00 9.030000E+00 3.019000E+01 3.019000E+01
23250 8.904314E+03 2.400000E+01 2.100000E+01 6.830000E+00 9.830000E+00 3.083000E+01 3.083000E+01
23300 8.904931E+03 2.400000E+01 2.100000E+01 6.820000E+00 9.820000E+00 3.082000E+01 3.082000E+01
23350 8.905543E+03 2.400000E+01 2.100000E+01 6.000000E+00 9.000000E+00 3.000000E+01 3.000000E+01
23400 8.906163E+03 2.400000E+01 2.100000E+01 6.000000E+00 9.000000E+00 3.000000E+01 3.000000E+01
23450 8.906775E+03 2.402000E+01 2.102000E+01 6.020000E+00 9.020000E+00 3.004000E+01 3.004000E+01
23500 8.907404E+03 2.403000E+01 2.103000E+01 6.000000E+00 9.000000E+00 3.003000E+01 3.003000E+01
23550 8.908029E+03 2.401000E+01 2.101000E+01 6.000000E+00 9.000000E+00 3.001000E+01 3.001000E+01
23600 8.908655E+03 2.400000E+01 2.100000E+01 6.000000E+00 9.000000E+00 3.000000E+01 3.000000E+01
23650 8.909267E+03 2.400000E+01 2.100000E+01 6.000000E+00 9.000000E+00 3.000000E+01 3.000000E+01
23700 8.909874E+03 2.400000E+01 2.100000E+01 6.000000E+00 9.000000E+00 3.000000E+01 3.000000E+01
23750 8.910501E+03 2.400000E+01 2.100000E+01 6.000000E+00 9.000000E+00 3.000000E+01 3.000000E+01
23800 8.911115E+03 2.400000E+01 2.100000E+01 6.000000E+00 9.000000E+00 3.000000E+01 3.000000E+01
23850 8.911751E+03 2.404000E+01 2.103000E+01 6.000000E+00 9.010000E+00 3.004000E+01 3.004000E+01
23900 8.912370E+03 2.400000E+01 2.100000E+01 6.000000E+00 9.000000E+00 3.000000E+01 3.000000E+01
23950 8.912965E+03 2.400000E+01 2.101000E+01 6.010000E+00 9.000000E+00 3.001000E+01 3.001000E+01
24000 8.913581E+03 2.400000E+01 2.100000E+01 6.000000E+00 9.000000E+00 3.000000E+01 3.000000E+01
24050 8.914187E+03 2.400000E+01 2.100000E+01 6.000000E+00 9.000000E+00 3.000000E+01 3.000000E+01
24100 8.914800E+03 2.400000E+01 2.100000E+01 6.000000E+00 9.000000E+00 3.000000E+01 3.000000E+01
24150 8.915402E+03 2.400000E+01 2.100000E+01 6.000000E+00 9.000000E+00 3.000000E+01 3.000000E+01
24200 8.916001E+03 2.403000E+01 2.103000E+01 6.000000E+00 9.000000E+00 3.003000E+01 3.003000E+01
24250 8.916598E+03 2.401000E+01 2.101000E+01 6.000000E+00 9.000000E+00 3.001000E+01 3.001000E+01
24300 8.917206E+03 2.428000E+01 2.100000E+01 6.000000E+00 9.280000E+00 3.028000E+01 3.028000E+01
24350 8.917826E+03 2.432000E+01 2.103000E+01 6.000000E+00 9.290000E+00 3.032000E+01 3.032000E+01
24400 8.918455E+03 2.439000E+01 2.100000E+01 6.000000E+00 9.390000E+00 3.039000E+01 3.039000E+01
24450 8.919077E+03 2.500000E+01 2.102000E+01 6.020000E+00 1.000000E+01 3.102000E+01 3.102000E+01
24500 8.919719E+03 2.500000E+01 2.100000E+01 6.000000E+00 1.000000E+01 3.100000E+01 3.100000E+01
24550 8.920351E+03 2.509000E+01 2.109000E+01 6.000000E+00 1.000000E+01 3.109000E+01 3.109000E+01
24600 8.920982E+03 2.503000E+01 2.102000E+01 6.020000E+00 1.003000E+01 3.105000E+01 3.105000E+01
24650 8.921625E+03 2.500000E+01 2.100000E+01 6.000000E+00 1.000000E+01 3.100000E+01 3.100000E+01
24700 8.922249E+03 2.501000E+01 2.101000E+01 6.000000E+00 1.000000E+01 3.101000E+01 3.101000E+01
24750 8.922870E+03 2.500000E+01 2.100000E+01 6.000000E+00 1.000000E+01 3.100000E+01 3.100000E+01
24800 8.923496E+03 2.500000E+01 2.100000E+01 6.000000E+00 1.000000E+01 3.100000E+01 3.100000E+01
24850 8.924122E+03 2.500000E+01 2.100000E+01 6.000000E+00 1.000000E+01 3.100000E+01 3.100000E+01
24900 8.924740E+03 2.500000E+01 2.100000E+01 6.000000E+00 1.000000E+01 3.100000E+01 3.100000E+01
24950 8.925374E+03 2.500000E+01 2.100000E+01 6.000000E+00 1.000000E+01 3.100000E+01 3.100000E+01
25000 8.926003E+03 2.500000E+01 2.100000E+01 6.000000E+00 1.000000E+01 3.100000E+01 3.100000E+01
25050 8.926631E+03 2.501000E+01 2.100000E+01 6.000000E+00 1.001000E+01 3.101000E+01 3.101000E+01
25100 8.927281E+03 2.500000E+01 2.100000E+01 6.000000E+00 1.000000E+01 3.100000E+01 3.100000E+01
25150 8.927921E+03 2.502000E+01 2.102000E+01 6.000000E+00 1.000000E+01 3.102000E+01 3.102000E+01
25200 8.928559E+03 2.501000E+01 2.101000E+01 6.000000E+00 1.000000E+01 3.101000E+01 3.101000E+01
25250 8.929188E+03 2.500000E+01 2.100000E+01 6.000000E+00 1.000000E+01 3.100000E+01 3.100000E+01
25300 8.929829E+03 2.530000E+01 2.130000E+01 6.000000E+00 1.000000E+01 3.130000E+01 3.130000E+01
25350 8.930451E+03 2.548000E+01 2.148000E+01 6.000000E+00 1.000000E+01 3.148000E+01 3.148000E+01
25400 8.931075E+03 2.502000E+01 2.102000E+01 6.000000E+00 1.000000E+01 3.102000E+01 3.102000E+01
25450 8.931700E+03 2.500000E+01 2.100000E+01 6.000000E+00 1.000000E+01 3.100000E+01 3.100000E+01
25500 8.932340E+03 2.500000E+01 2.100000E+01 6.000000E+00 1.000000E+01 3.100000E+01 3.100000E+01
25550 8.932979E+03 2.503000E+01 2.103000E+01 6.000000E+00 1.000000E+01 3.103000E+01 3.103000E+01
25600 8.933610E+03 2.500000E+01 2.100000E+01 6.000000E+00 1.000000E+01 3.100000E+01 3.100000E+01
25650 8.934235E+03 2.500000E+01 2.100000E+01 6.000000E+00 1.000000E+01 3.100000E+01 3.100000E+01
25700 8.934869E+03 2.502000E+01 2.102000E+01 6.000000E+00 1.000000E+01 3.102000E+01 3.102000E+01
25750 8.935513E+03 2.500000E+01 2.100000E+01 6.000000E+00 1.000000E+01 3.100000E+01 3.100000E+01
25800 8.936147E+03 2.503000E+01 2.103000E+01 6.000000E+00 1.000000E+01 3.103000E+01 3.103000E+01
25850 8.936777E+03 2.500000E+01 2.100000E+01 6.000000E+00 1.000000E+01 3.100000E+01 3.100000E+01
25900 8.937408E+03 2.500000E+01 2.100000E+01 6.000000E+00 1.000000E+01 3.100000E+01 3.100000E+01
25950 8.938038E+03 2.508000E+01 2.100000E+01 6.000000E+00 1.008000E+01 3.108000E+01 3.108000E+01
26000 8.938663E+03 2.501000E+01 2.101000E+01 6.000000E+00 1.000000E+01 3.101000E+01 3.101000E+01
26050 8.939292E+03 2.500000E+01 2.100000E+01 6.000000E+00 1.000000E+01 3.100000E+01 3.100000E+01
26100 8.939947E+03 2.541000E+01 2.141000E+01 6.000000E+00 1.000000E+01 3.141000E+01 3.141000E+01
26150 8.940584E+03 2.500000E+01 2.100000E+01 6.000000E+00 1.000000E+01 3.100000E+01 3.100000E+01
26200 8.941220E+03 2.500000E+01 2.100000E+01 6.000000E+00 1.000000E+01 3.100000E+01 3.100000E+01
26250 8.941838E+03 2.500000E+01 2.100000E+01 6.000000E+00 1.000000E+01 3.100000E+01 3.100000E+01
26300 8.942455E+03 2.500000E+01 2.100000E+01 6.000000E+00 1.000000E+01 3.100000E+01 3.100000E+01
26350 8.943105E+03 2.501000E+01 2.100000E+01 6.000000E+00 1.001000E+01 3.101000E+01 3.101000E+01
26400 8.943738E+03 2.500000E+01 2.100000E+01 6.000000E+00 1.000000E+01 3.100000E+01 3.100000E+01
26450 8.944353E+03 2.500000E+01 2.100000E+01 6.000000E+00 1.000000E+01 3.100000E+01 3.100000E+01
26500 8.944978E+03 2.500000E+01 2.100000E+01 6.000000E+00 1.000000E+01 3.100000E+01 3.100000E+01
26550 8.945611E+03 2.509000E+01 2.109000E+01 6.000000E+00 1.000000E+01 3.109000E+01 3.109000E+01
26600 8.946223E+03 2.500000E+01 2.100000E+01 6.000000E+00 1.000000E+01 3.100000E+01 3.100000E+01
26650 8.946865E+03 2.509000E+01 2.109000E+01 6.000000E+00 1.000000E+01 3.109000E+01 3.109000E+01
26700 8.947490E+03 2.500000E+01 2.100000E+01 6.000000E+00 1.000000E+01 3.100000E+01 3.100000E+01
26750 8.948111E+03 2.501000E+01 2.101000E+01 6.000000E+00 1.000000E+01 3.101000E+01 3.101000E+01
26800 8.948739E+03 2.500000E+01 2.100000E+01 6.000000E+00 1.000000E+01 3.100000E+01 3.100000E+01
26850 8.949380E+03 2.502000E+01 2.102000E+01 6.000000E+00 1.000000E+01 3.102000E+01 3.102000E+01
26900 8.949998E+03 2.500000E+01 2.100000E+01 6.000000E+00 1.000000E+01 3.100000E+01 3.100000E+01
26950 8.950638E+03 2.500000E+01 2.100000E+01 6.000000E+00 1.000000E+01 3.100000E+01 3.100000E+01
27000 8.951259E+03 2.501000E+01 2.101000E+01 6.000000E+00 1.000000E+01 3.101000E+01 3.101000E+01
27050 8.951886E+03 2.500000E+01 2.100000E+01 6.000000E+00 1.000000E+01 3.100000E+01 3.100000E+01
27100 8.952512E+03 2.500000E+01 2.103000E+01 6.030000E+00 1.000000E+01 3.103000E+01 3.103000E+01
27150 8.953142E+03 2.514000E+01 2.100000E+01 6.000000E+00 1.014000E+01 3.114000E+01 3.114000E+01
27200 8.953784E+03 2.511000E+01 2.111000E+01 6.000000E+00 1.000000E+01 3.111000E+01 3.111000E+01
27250 8.954418E+03 2.500000E+01 2.100000E+01 6.000000E+00 1.000000E+01 3.100000E+01 3.100000E+01
27300 8.955030E+03 2.501000E+01 2.102000E+01 6.010000E+00 1.000000E+01 3.102000E+01 3.102000E+01
27350 8.955656E+03 2.500000E+01 2.100000E+01 6.000000E+00 1.000000E+01 3.100000E+01 3.100000E+01
27400 8.956304E+03 2.500000E+01 2.100000E+01 6.000000E+00 1.000000E+01 3.100000E+01 3.100000E+01
27450 8.956930E+03 2.500000E+01 2.100000E+01 6.000000E+00 1.000000E+01 3.100000E+01 3.100000E+01
27500 8.957578E+03 2.500000E+01 2.100000E+01 6.000000E+00 1.000000E+01 3.100000E+01 3.100000E+01
27550 8.958210E+03 2.500000E+01 2.100000E+01 6.000000E+00 1.000000E+01 3.100000E+01 3.100000E+01
27600 8.958834E+03 2.500000E+01 2.100000E+01 6.000000E+00 1.000000E+01 3.100000E+01 3.100000E+01
27650 8.959468E+03 2.500000E+01 2.100000E+01 6.000000E+00 1.000000E+01 3.100000E+01 3.100000E+01
27700 8.960100E+03 2.500000E+01 2.100000E+01 6.000000E+00 1.000000E+01 3.100000E+01 3.100000E+01
27750 8.960744E+03 2.538000E+01 2.138000E+01 6.000000E+00 1.000000E+01 3.138000E+01 3.138000E+01
27800 8.961383E+03 2.500000E+01 2.100000E+01 6.000000E+00 1.000000E+01 3.100000E+01 3.100000E+01
27850 8.962032E+03 2.500000E+01 2.143000E+01 6.440000E+00 1.001000E+01 3.144000E+01 3.144000E+01
27900 8.962671E+03 2.501000E+01 2.101000E+01 6.040000E+00 1.004000E+01 3.105000E+01 3.105000E+01
27950 8.963307E+03 2.500000E+01 2.100000E+01 6.010000E+00 1.001000E+01 3.101000E+01 3.101000E+01
28000 8.963940E+03 2.510000E+01 2.110000E+01 6.000000E+00 1.000000E+01 3.110000E+01 3.110000E+01
28050 8.964567E+03 2.529000E+01 2.129000E+01 6.000000E+00 1.000000E+01 3.129000E+01 3.129000E+01
28100 8.965187E+03 2.563000E+01 2.133000E+01 6.000000E+00 1.030000E+01 3.163000E+01 3.163000E+01
28150 8.965817E+03 2.701000E+01 2.201000E+01 6.000000E+00 1.100000E+01 3.301000E+01 3.301000E+01
28200 8.966442E+03 2.700000E+01 2.200000E+01 6.000000E+00 1.100000E+01 3.300000E+01 3.300000E+01
28250 8.967053E+03 2.700000E+01 2.200000E+01 6.000000E+00 1.100000E+01 3.300000E+01 3.300000E+01
28300 8.967680E+03 2.700000E+01 2.200000E+01 6.000000E+00 1.100000E+01 3.300000E+01 3.300000E+01
28350 8.968299E+03 2.700000E+01 2.200000E+01 6.000000E+00 1.100000E+01 3.300000E+01 3.300000E+01
28400 8.968916E+03 2.705000E+01 2.205000E+01 6.000000E+00 1.100000E+01 3.305000E+01 3.305000E+01
28450 8.969542E+03 2.700000E+01 2.200000E+01 6.000000E+00 1.100000E+01 3.300000E+01 3.300000E+01
28500 8.970161E+03 2.700000E+01 2.200000E+01 6.000000E+00 1.100000E+01 3.300000E+01 3.300000E+01
28550 8.970778E+03 2.700000E+01 2.200000E+01 6.310000E+00 1.131000E+01 3.331000E+01 3.331000E+01
28600 8.971393E+03 2.700000E+01 2.200000E+01 6.990000E+00 1.199000E+01 3.399000E+01 3.399000E+01
28650 8.972007E+03 2.700000E+01 2.200000E+01 7.000000E+00 1.200000E+01 3.400000E+01 3.400000E+01
28700 8.972628E+03 2.706000E+01 2.206000E+01 7.000000E+00 1.200000E+01 3.406000E+01 3.406000E+01
28750 8.973243E+03 2.794000E+01 2.294000E+01 7.000000E+00 1.200000E+01 3.494000E+01 3.494000E+01
28800 8.973867E+03 2.734000E+01 2.234000E+01 7.000000E+00 1.200000E+01 3.434000E+01 3.434000E+01
28850 8.974478E+03 2.700000E+01 2.200000E+01 7.000000E+00 1.200000E+01 3.400000E+01 3.400000E+01
28900 8.975095E+03 2.713000E+01 2.200000E+01 7.000000E+00 1.213000E+01 3.413000E+01 3.413000E+01
28950 8.975734E+03 2.741000E+01 2.200000E+01 7.000000E+00 1.241000E+01 3.441000E+01 3.441000E+01
29000 8.976373E+03 2.791000E+01 2.200000E+01 7.000000E+00 1.291000E+01 3.491000E+01 3.491000E+01
29050 8.976993E+03 2.801000E+01 2.201000E+01 7.000000E+00 1.300000E+01 3.501000E+01 3.501000E+01
29100 8.977632E+03 2.800000E+01 2.200000E+01 7.000000E+00 1.300000E+01 3.500000E+01 3.500000E+01
29150 8.978252E+03 2.801000E+01 2.201000E+01 7.000000E+00 1.300000E+01 3.501000E+01 3.501000E+01
29200 8.978884E+03 2.800000E+01 2.200000E+01 7.000000E+00 1.300000E+01 3.500000E+01 3.500000E+01
29250 8.979524E+03 2.800000E+01 2.200000E+01 7.000000E+00 1.300000E+01 3.500000E+01 3.500000E+01
29300 8.980138E+03 2.800000E+01 2.209000E+01 7.090000E+00 1.300000E+01 3.509000E+01 3.509000E+01
29350 8.980761E+03 2.800000E+01 2.200000E+01 7.000000E+00 1.300000E+01 3.500000E+01 3.500000E+01
29400 8.981388E+03 2.800000E+01 2.203000E+01 7.030000E+00 1.300000E+01 3.503000E+01 3.503000E+01
29450 8.982019E+03 2.800000E+01 2.200000E+01 7.000000E+00 1.300000E+01 3.500000E+01 3.500000E+01
29500 8.982663E+03 2.800000E+01 2.200000E+01 7.000000E+00 1.300000E+01 3.500000E+01 3.500000E+01
29550 8.983307E+03 2.800000E+01 2.200000E+01 7.000000E+00 1.300000E+01 3.500000E+01 3.500000E+01
29600 8.983933E+03 2.800000E+01 2.200000E+01 7.000000E+00 1.300000E+01 3.500000E+01 3.500000E+01
29650 8.984556E+03 2.800000E+01 2.200000E+01 7.000000E+00 1.300000E+01 3.500000E+01 3.500000E+01
29700 8.985188E+03 2.800000E+01 2.200000E+01 7.000000E+00 1.300000E+01 3.500000E+01 3.500000E+01
29750 8.985813E+03 2.800000E+01 2.204000E+01 7.040000E+00 1.300000E+01 3.504000E+01 3.504000E+01
29800 8.986440E+03 2.800000E+01 2.200000E+01 7.000000E+00 1.300000E+01 3.500000E+01 3.500000E+01
29850 8.987068E+03 2.800000E+01 2.200000E+01 7.000000E+00 1.300000E+01 3.500000E+01 3.500000E+01
29900 8.987694E+03 2.800000E+01 2.200000E+01 7.000000E+00 1.300000E+01 3.500000E+01 3.500000E+01
29950 8.988329E+03 2.800000E+01 2.200000E+01 7.000000E+00 1.300000E+01 3.500000E+01 3.500000E+01
30000 8.988955E+03 2.803000E+01 2.212000E+01 7.120000E+00 1.303000E+01 3.515000E+01 3.515000E+01
30050 8.989570E+03 2.804000E+01 2.200000E+01 7.000000E+00 1.304000E+01 3.504000E+01 3.504000E+01
30100 8.990189E+03 2.800000E+01 2.200000E+01 7.000000E+00 1.300000E+01 3.500000E+01 3.500000E+01
30150 8.990806E+03 2.800000E+01 2.200000E+01 7.000000E+00 1.300000E+01 3.500000E+01 3.500000E+01
30200 8.991419E+03 2.800000E+01 2.200000E+01 7.000000E+00 1.300000E+01 3.500000E+01 3.500000E+01
30250 8.992050E+03 2.833000E+01 2.233000E+01 7.000000E+00 1.300000E+01 3.533000E+01 3.533000E+01
30300 8.992686E+03 2.801000E+01 2.205000E+01 7.040000E+00 1.300000E+01 3.505000E+01 3.505000E+01
30350 8.993332E+03 2.800000E+01 2.200000E+01 7.000000E+00 1.300000E+01 3.500000E+01 3.500000E+01
30400 8.993942E+03 2.800000E+01 2.200000E+01 7.000000E+00 1.300000E+01 3.500000E+01 3.500000E+01
30450 8.994570E+03 2.802000E+01 2.202000E+01 7.000000E+00 1.300000E+01 3.502000E+01 3.502000E+01
30500 8.995202E+03 2.800000E+01 2.200000E+01 7.000000E+00 1.300000E+01 3.500000E+01 3.500000E+01
30550 8.995819E+03 2.801000E+01 2.201000E+01 7.000000E+00 1.300000E+01 3.501000E+01 3.501000E+01
30600 8.996441E+03 2.800000E+01 2.200000E+01 7.000000E+00 1.300000E+01 3.500000E+01 3.500000E+01
30650 8.997083E+03 2.802000E+01 2.202000E+01 7.000000E+00 1.300000E+01 3.502000E+01 3.502000E+01
30700 8.997698E+03 2.800000E+01 2.200000E+01 7.000000E+00 1.300000E+01 3.500000E+01 3.500000E+01
30750 8.998350E+03 2.800000E+01 2.200000E+01 7.020000E+00 1.302000E+01 3.502000E+01 3.502000E+01
30800 8.998986E+03 2.800000E+01 2.200000E+01 7.000000E+00 1.300000E+01 3.500000E+01 3.500000E+01
30850 8.999623E+03 2.800000E+01 2.200000E+01 7.000000E+00 1.300000E+01 3.500000E+01 3.500000E+01
30900 9.000255E+03 2.800000E+01 2.200000E+01 7.000000E+00 1.300000E+01 3.500000E+01 3.500000E+01
30950 9.000876E+03 2.800000E+01 2.200000E+01 7.000000E+00 1.300000E+01 3.500000E+01 3.500000E+01
31000 9.001504E+03 2.800000E+01 2.200000E+01 7.000000E+00 1.300000E+01 3.500000E+01 3.500000E+01
31050 9.002124E+03 2.800000E+01 2.200000E+01 7.000000E+00 1.300000E+01 3.500000E+01 3.500000E+01
31100 9.002752E+03 2.801000E+01 2.201000E+01 7.000000E+00 1.300000E+01 3.501000E+01 3.501000E+01
31150 9.003377E+03 2.800000E+01 2.200000E+01 7.000000E+00 1.300000E+01 3.500000E+01 3.500000E+01
31200 9.003987E+03 2.806000E+01 2.206000E+01 7.000000E+00 1.300000E+01 3.506000E+01 3.506000E+01
31250 9.004608E+03 2.800000E+01 2.211000E+01 7.110000E+00 1.300000E+01 3.511000E+01 3.511000E+01
31300 9.005220E+03 2.800000E+01 2.200000E+01 7.000000E+00 1.300000E+01 3.500000E+01 3.500000E+01
31350 9.005849E+03 2.802000E+01 2.202000E+01 7.000000E+00 1.300000E+01 3.502000E+01 3.502000E+01
31400 9.006481E+03 2.800000E+01 2.200000E+01 7.000000E+00 1.300000E+01 3.500000E+01 3.500000E+01
31450 9.007099E+03 2.800000E+01 2.200000E+01 7.010000E+00 1.301000E+01 3.501000E+01 3.501000E+01
31500 9.007723E+03 2.800000E+01 2.200000E+01 7.000000E+00 1.300000E+01 3.500000E+01 3.500000E+01
31550 9.008365E+03 2.800000E+01 2.200000E+01 7.000000E+00 1.300000E+01 3.500000E+01 3.500000E+01
31600 9.008981E+03 2.801000E+01 2.201000E+01 7.000000E+00 1.300000E+01 3.501000E+01 3.501000E+01
31650 9.009604E+03 2.800000E+01 2.200000E+01 7.000000E+00 1.300000E+01 3.500000E+01 3.500000E+01
31700 9.010220E+03 2.800000E+01 2.209000E+01 7.090000E+00 1.300000E+01 3.509000E+01 3.509000E+01
31750 9.010845E+03 2.800000E+01 2.200000E+01 7.000000E+00 1.300000E+01 3.500000E+01 3.500000E+01
31800 9.011476E+03 2.802000E+01 2.200000E+01 7.000000E+00 1.302000E+01 3.502000E+01 3.502000E+01
31850 9.012107E+03 2.800000E+01 2.200000E+01 7.000000E+00 1.300000E+01 3.500000E+01 3.500000E+01
31900 9.012725E+03 2.815000E+01 2.200000E+01 7.000000E+00 1.315000E+01 3.515000E+01 3.515000E+01
31950 9.013341E+03 2.800000E+01 2.200000E+01 7.000000E+00 1.300000E+01 3.500000E+01 3.500000E+01
32000 9.013982E+03 2.814000E+01 2.214000E+01 7.000000E+00 1.300000E+01 3.514000E+01 3.514000E+01
32050 9.014608E+03 2.800000E+01 2.225000E+01 7.250000E+00 1.300000E+01 3.525000E+01 3.525000E+01
32100 9.015236E+03 2.800000E+01 2.200000E+01 7.000000E+00 1.300000E+01 3.500000E+01 3.500000E+01
32150 9.015848E+03 2.800000E+01 2.200000E+01 7.000000E+00 1.300000E+01 3.500000E+01 3.500000E+01
32200 9.016491E+03 2.800000E+01 2.200000E+01 7.000000E+00 1.300000E+01 3.500000E+01 3.500000E+01
32250 9.017107E+03 2.800000E+01 2.200000E+01 7.000000E+00 1.300000E+01 3.500000E+01 3.500000E+01
32300 9.017715E+03 2.800000E+01 2.200000E+01 7.000000E+00 1.300000E+01 3.500000E+01 3.500000E+01
32350 9.018338E+03 2.800000E+01 2.200000E+01 7.000000E+00 1.300000E+01 3.500000E+01 3.500000E+01
32400 9.018959E+03 2.812000E+01 2.212000E+01 7.000000E+00 1.300000E+01 3.512000E+01 3.512000E+01
32450 9.019577E+03 2.808000E+01 2.208000E+01 7.000000E+00 1.300000E+01 3.508000E+01 3.508000E+01
32500 9.020206E+03 2.800000E+01 2.200000E+01 7.000000E+00 1.300000E+01 3.500000E+01 3.500000E+01
32550 9.020828E+03 2.800000E+01 2.200000E+01 7.000000E+00 1.300000E+01 3.500000E+01 3.500000E+01
32600 9.021445E+03 2.800000E+01 2.200000E+01 7.000000E+00 1.300000E+01 3.500000E+01 3.500000E+01
32650 9.022087E+03 2.800000E+01 2.200000E+01 7.000000E+00 1.300000E+01 3.500000E+01 3.500000E+01
32700 9.022737E+03 2.800000E+01 2.200000E+01 7.000000E+00 1.300000E+01 3.500000E+01 3.500000E+01
32750 9.023367E+03 2.804000E+01 2.207000E+01 7.030000E+00 1.300000E+01 3.507000E+01 3.507000E+01
32800 9.023983E+03 2.809000E+01 2.209000E+01 7.000000E+00 1.300000E+01 3.509000E+01 3.509000E+01
32850 9.024618E+03 2.800000E+01 2.200000E+01 7.000000E+00 1.300000E+01 3.500000E+01 3.500000E+01
32900 9.025251E+03 2.800000E+01 2.200000E+01 7.000000E+00 1.300000E+01 3.500000E+01 3.500000E+01
32950 9.025886E+03 2.800000E+01 2.200000E+01 7.000000E+00 1.300000E+01 3.500000E+01 3.500000E+01
33000 9.026489E+03 2.803000E+01 2.203000E+01 7.000000E+00 1.300000E+01 3.503000E+01 3.503000E+01
33050 9.027118E+03 2.839000E+01 2.239000E+01 7.000000E+00 1.300000E+01 3.539000E+01 3.539000E+01
33100 9.027731E+03 2.900000E+01 2.300000E+01 7.000000E+00 1.300000E+01 3.600000E+01 3.600000E+01
33150 9.028341E+03 2.902000E+01 2.302000E+01 7.000000E+00 1.300000E+01 3.602000E+01 3.602000E+01
33200 9.028942E+03 2.916000E+01 2.323000E+01 7.070000E+00 1.300000E+01 3.623000E+01 3.623000E+01
33250 9.029557E+03 2.900000E+01 2.300000E+01 7.000000E+00 1.300000E+01 3.600000E+01 3.600000E+01
33300 9.030173E+03 2.904000E+01 2.304000E+01 7.000000E+00 1.300000E+01 3.604000E+01 3.604000E+01
33350 9.030785E+03 2.900000E+01 2.303000E+01 7.030000E+00 1.300000E+01 3.603000E+01 3.603000E+01
33400 9.031389E+03 2.902000E+01 2.302000E+01 7.000000E+00 1.300000E+01 3.602000E+01 3.602000E+01
33450 9.032010E+03 2.901000E+01 2.305000E+01 7.040000E+00 1.300000E+01 3.605000E+01 3.605000E+01
33500 9.032623E+03 2.900000E+01 2.300000E+01 7.000000E+00 1.300000E+01 3.600000E+01 3.600000E+01
33550 9.033245E+03 2.900000E+01 2.300000E+01 7.000000E+00 1.300000E+01 3.600000E+01 3.600000E+01
33600 9.033860E+03 2.901000E+01 2.300000E+01 7.000000E+00 1.301000E+01 3.601000E+01 3.601000E+01
33650 9.034480E+03 2.900000E+01 2.300000E+01 7.000000E+00 1.300000E+01 3.600000E+01 3.600000E+01
33700 9.035087E+03 2.900000E+01 2.300000E+01 7.000000E+00 1.300000E+01 3.600000E+01 3.600000E+01
33750 9.035698E+03 3.000000E+01 2.407000E+01 7.070000E+00 1.300000E+01 3.707000E+01 3.707000E+01
33800 9.036303E+03 3.000000E+01 2.447000E+01 7.470000E+00 1.300000E+01 3.747000E+01 3.747000E+01
33850 9.036918E+03 3.000000E+01 2.500000E+01 8.000000E+00 1.300000E+01 3.800000E+01 3.800000E+01
33900 9.037543E+03 3.000000E+01 2.500000E+01 8.000000E+00 1.300000E+01 3.800000E+01 3.800000E+01
33950 9.038164E+03 3.000000E+01 2.500000E+01 8.230000E+00 1.323000E+01 3.823000E+01 3.823000E+01
34000 9.038780E+03 3.000000E+01 2.500000E+01 8.000000E+00 1.300000E+01 3.800000E+01 3.800000E+01
34050 9.039403E+03 3.001000E+01 2.501000E+01 8.000000E+00 1.300000E+01 3.801000E+01 3.801000E+01
34100 9.040035E+03 3.000000E+01 2.500000E+01 8.000000E+00 1.300000E+01 3.800000E+01 3.800000E+01
34150 9.040659E+03 3.000000E+01 2.500000E+01 8.000000E+00 1.300000E+01 3.800000E+01 3.800000E+01
34200 9.041287E+03 3.000000E+01 2.500000E+01 8.000000E+00 1.300000E+01 3.800000E+01 3.800000E+01
34250 9.041923E+03 3.003000E+01 2.524000E+01 8.210000E+00 1.300000E+01 3.824000E+01 3.824000E+01
34300 9.042538E+03 3.000000E+01 2.500000E+01 8.000000E+00 1.300000E+01 3.800000E+01 3.800000E+01
34350 9.043169E+03 3.000000E+01 2.500000E+01 8.000000E+00 1.300000E+01 3.800000E+01 3.800000E+01
34400 9.043797E+03 3.003000E+01 2.503000E+01 8.000000E+00 1.300000E+01 3.803000E+01 3.803000E+01
34450 9.044415E+03 3.000000E+01 2.502000E+01 8.020000E+00 1.300000E+01 3.802000E+01 3.802000E+01
34500 9.045033E+03 3.001000E+01 2.501000E+01 8.000000E+00 1.300000E+01 3.801000E+01 3.801000E+01
34550 9.045651E+03 3.000000E+01 2.500000E+01 8.000000E+00 1.300000E+01 3.800000E+01 3.800000E+01
34600 9.046252E+03 3.000000E+01 2.500000E+01 8.000000E+00 1.300000E+01 3.800000E+01 3.800000E+01
34650 9.046874E+03 3.000000E+01 2.500000E+01 8.000000E+00 1.300000E+01 3.800000E+01 3.800000E+01
34700 9.047505E+03 3.000000E+01 2.500000E+01 8.000000E+00 1.300000E+01 3.800000E+01 3.800000E+01
34750 9.048151E+03 3.000000E+01 2.500000E+01 8.720000E+00 1.372000E+01 3.872000E+01 3.872000E+01
34800 9.048780E+03 3.000000E+01 2.500000E+01 9.000000E+00 1.400000E+01 3.900000E+01 3.900000E+01
34850 9.049406E+03 3.000000E+01 2.500000E+01 9.000000E+00 1.400000E+01 3.900000E+01 3.900000E+01
34900 9.050024E+03 3.027000E+01 2.527000E+01 9.000000E+00 1.400000E+01 3.927000E+01 3.927000E+01
34950 9.050632E+03 3.100000E+01 2.600000E+01 9.000000E+00 1.400000E+01 4.000000E+01 4.000000E+01
35000 9.051240E+03 3.100000E+01 2.600000E+01 9.000000E+00 1.400000E+01 4.000000E+01 4.000000E+01
35050 9.051845E+03 3.116000E+01 2.613000E+01 9.000000E+00 1.403000E+01 4.016000E+01 4.016000E+01
35100 9.052452E+03 3.101000E+01 2.601000E+01 9.000000E+00 1.400000E+01 4.001000E+01 4.001000E+01
35150 9.053058E+03 3.100000E+01 2.606000E+01 9.060000E+00 1.400000E+01 4.006000E+01 4.006000E+01
35200 9.053669E+03 3.100000E+01 2.600000E+01 9.000000E+00 1.400000E+01 4.000000E+01 4.000000E+01
35250 9.054287E+03 3.100000E+01 2.600000E+01 9.000000E+00 1.400000E+01 4.000000E+01 4.000000E+01
35300 9.054895E+03 3.119000E+01 2.619000E+01 9.000000E+00 1.400000E+01 4.019000E+01 4.019000E+01
35350 9.055488E+03 3.100000E+01 2.600000E+01 9.000000E+00 1.400000E+01 4.000000E+01 4.000000E+01
35400 9.056083E+03 3.100000E+01 2.600000E+01 9.000000E+00 1.400000E+01 4.000000E+01 4.000000E+01
35450 9.056684E+03 3.100000E+01 2.600000E+01 9.000000E+00 1.400000E+01 4.000000E+01 4.000000E+01
35500 9.057294E+03 3.100000E+01 2.600000E+01 9.000000E+00 1.400000E+01 4.000000E+01 4.000000E+01
35550 9.057895E+03 3.100000E+01 2.600000E+01 9.000000E+00 1.400000E+01 4.000000E+01 4.000000E+01
35600 9.058517E+03 3.100000E+01 2.680000E+01 9.800000E+00 1.400000E+01 4.080000E+01 4.080000E+01
35650 9.059109E+03 3.101000E+01 2.673000E+01 9.720000E+00 1.400000E+01 4.073000E+01 4.073000E+01
35700 9.059723E+03 3.100000E+01 2.700000E+01 1.000000E+01 1.400000E+01 4.100000E+01 4.100000E+01
35750 9.060352E+03 3.101000E+01 2.700000E+01 1.000000E+01 1.401000E+01 4.101000E+01 4.101000E+01
35800 9.060950E+03 3.100000E+01 2.700000E+01 1.000000E+01 1.400000E+01 4.100000E+01 4.100000E+01
35850 9.061555E+03 3.100000E+01 2.700000E+01 1.000000E+01 1.400000E+01 4.100000E+01 4.100000E+01
35900 9.062165E+03 3.117000E+01 2.717000E+01 1.000000E+01 1.400000E+01 4.117000E+01 4.117000E+01
35950 9.062765E+03 3.129000E+01 2.729000E+01 1.000000E+01 1.400000E+01 4.129000E+01 4.129000E+01
36000 9.063373E+03 3.107000E+01 2.706000E+01 1.000000E+01 1.401000E+01 4.107000E+01 4.107000E+01
36050 9.063986E+03 3.125000E+01 2.725000E+01 1.000000E+01 1.400000E+01 4.125000E+01 4.125000E+01
36100 9.064590E+03 3.163000E+01 2.764000E+01 1.001000E+01 1.400000E+01 4.164000E+01 4.164000E+01
36150 9.065193E+03 3.134000E+01 2.734000E+01 1.013000E+01 1.413000E+01 4.147000E+01 4.147000E+01
36200 9.065793E+03 3.100000E+01 2.700000E+01 1.000000E+01 1.400000E+01 4.100000E+01 4.100000E+01
36250 9.066391E+03 3.100000E+01 2.700000E+01 1.000000E+01 1.400000E+01 4.100000E+01 4.100000E+01
36300 9.067012E+03 3.100000E+01 2.700000E+01 1.000000E+01 1.400000E+01 4.100000E+01 4.100000E+01
36350 9.067623E+03 3.100000E+01 2.702000E+01 1.002000E+01 1.400000E+01 4.102000E+01 4.102000E+01
36400 9.068212E+03 3.100000E+01 2.700000E+01 1.000000E+01 1.400000E+01 4.100000E+01 4.100000E+01
36450 9.068835E+03 3.100000E+01 2.700000E+01 1.000000E+01 1.400000E+01 4.100000E+01 4.100000E+01
36500 9.069428E+03 3.101000E+01 2.701000E+01 1.000000E+01 1.400000E+01 4.101000E+01 4.101000E+01
36550 9.070037E+03 3.100000E+01 2.700000E+01 1.000000E+01 1.400000E+01 4.100000E+01 4.100000E+01
36600 9.070658E+03 3.100000E+01 2.700000E+01 1.000000E+01 1.400000E+01 4.100000E+01 4.100000E+01
36650 9.071258E+03 3.100000E+01 2.702000E+01 1.002000E+01 1.400000E+01 4.102000E+01 4.102000E+01
36700 9.071870E+03 3.101000E+01 2.701000E+01 1.000000E+01 1.400000E+01 4.101000E+01 4.101000E+01
36750 9.072474E+03 3.100000E+01 2.700000E+01 1.000000E+01 1.400000E+01 4.100000E+01 4.100000E+01
36800 9.073098E+03 3.100000E+01 2.702000E+01 1.002000E+01 1.400000E+01 4.102000E+01 4.102000E+01
36850 9.073695E+03 3.100000E+01 2.714000E+01 1.014000E+01 1.400000E+01 4.114000E+01 4.114000E+01
36900 9.074305E+03 3.101000E+01 2.707000E+01 1.007000E+01 1.401000E+01 4.108000E+01 4.108000E+01
36950 9.074901E+03 3.100000E+01 2.700000E+01 1.000000E+01 1.400000E+01 4.100000E+01 4.100000E+01
37000 9.075507E+03 3.134000E+01 2.734000E+01 1.000000E+01 1.400000E+01 4.134000E+01 4.134000E+01
37050 9.076120E+03 3.103000E+01 2.703000E+01 1.000000E+01 1.400000E+01 4.103000E+01 4.103000E+01
37100 9.076723E+03 3.100000E+01 2.700000E+01 1.000000E+01 1.400000E+01 4.100000E+01 4.100000E+01
37150 9.077341E+03 3.100000E+01 2.700000E+01 1.000000E+01 1.400000E+01 4.100000E+01 4.100000E+01
37200 9.077967E+03 3.100000E+01 2.700000E+01 1.000000E+01 1.400000E+01 4.100000E+01 4.100000E+01
37250 9.078578E+03 3.109000E+01 2.709000E+01 1.000000E+01 1.400000E+01 4.109000E+01 4.109000E+01
37300 9.079184E+03 3.100000E+01 2.700000E+01 1.000000E+01 1.400000E+01 4.100000E+01 4.100000E+01
37350 9.079782E+03 3.101000E+01 2.701000E+01 1.000000E+01 1.400000E+01 4.101000E+01 4.101000E+01
37400 9.080395E+03 3.105000E+01 2.723000E+01 1.018000E+01 1.400000E+01 4.123000E+01 4.123000E+01
37450 9.081005E+03 3.101000E+01 2.701000E+01 1.000000E+01 1.400000E+01 4.101000E+01 4.101000E+01
37500 9.081627E+03 3.102000E+01 2.702000E+01 1.000000E+01 1.400000E+01 4.102000E+01 4.102000E+01
37550 9.082224E+03 3.106000E+01 2.706000E+01 1.000000E+01 1.400000E+01 4.106000E+01 4.106000E+01
37600 9.082855E+03 3.165000E+01 2.765000E+01 1.000000E+01 1.400000E+01 4.165000E+01 4.165000E+01
37650 9.083477E+03 3.173000E+01 2.773000E+01 1.000000E+01 1.400000E+01 4.173000E+01 4.173000E+01
37700 9.084113E+03 3.100000E+01 2.700000E+01 1.000000E+01 1.400000E+01 4.100000E+01 4.100000E+01
37750 9.084709E+03 3.100000E+01 2.701000E+01 1.001000E+01 1.400000E+01 4.101000E+01 4.101000E+01
37800 9.085317E+03 3.110000E+01 2.710000E+01 1.000000E+01 1.400000E+01 4.110000E+01 4.110000E+01
37850 9.085917E+03 3.100000E+01 2.706000E+01 1.006000E+01 1.400000E+01 4.106000E+01 4.106000E+01
37900 9.086517E+03 3.100000E+01 2.700000E+01 1.000000E+01 1.400000E+01 4.100000E+01 4.100000E+01
37950 9.087121E+03 3.154000E+01 2.754000E+01 1.000000E+01 1.400000E+01 4.154000E+01 4.154000E+01
38000 9.087730E+03 3.200000E+01 2.800000E+01 1.000000E+01 1.400000E+01 4.200000E+01 4.200000E+01
38050 9.088324E+03 3.200000E+01 2.800000E+01 1.000000E+01 1.400000E+01 4.200000E+01 4.200000E+01
38100 9.088940E+03 3.204000E+01 2.804000E+01 1.000000E+01 1.400000E+01 4.204000E+01 4.204000E+01
38150 9.089544E+03 3.200000E+01 2.800000E+01 1.000000E+01 1.400000E+01 4.200000E+01 4.200000E+01
38200 9.090152E+03 3.200000E+01 2.800000E+01 1.000000E+01 1.400000E+01 4.200000E+01 4.200000E+01
38250 9.090768E+03 3.201000E+01 2.801000E+01 1.000000E+01 1.400000E+01 4.201000E+01 4.201000E+01
38300 9.091369E+03 3.201000E+01 2.801000E+01 1.000000E+01 1.400000E+01 4.201000E+01 4.201000E+01
38350 9.091977E+03 3.202000E+01 2.800000E+01 1.000000E+01 1.402000E+01 4.202000E+01 4.202000E+01
38400 9.092570E+03 3.200000E+01 2.800000E+01 1.000000E+01 1.400000E+01 4.200000E+01 4.200000E+01
38450 9.093183E+03 3.205000E+01 2.800000E+01 1.000000E+01 1.405000E+01 4.205000E+01 4.205000E+01
38500 9.093781E+03 3.200000E+01 2.800000E+01 1.000000E+01 1.400000E+01 4.200000E+01 4.200000E+01
38550 9.094373E+03 3.200000E+01 2.800000E+01 1.000000E+01 1.400000E+01 4.200000E+01 4.200000E+01
38600 9.094969E+03 3.200000E+01 2.800000E+01 1.020000E+01 1.420000E+01 4.220000E+01 4.220000E+01
38650 9.095572E+03 3.205000E+01 2.805000E+01 1.000000E+01 1.400000E+01 4.205000E+01 4.205000E+01
38700 9.096173E+03 3.200000E+01 2.800000E+01 1.000000E+01 1.400000E+01 4.200000E+01 4.200000E+01
38750 9.096773E+03 3.200000E+01 2.800000E+01 1.000000E+01 1.400000E+01 4.200000E+01 4.200000E+01
38800 9.097375E+03 3.203000E+01 2.803000E+01 1.000000E+01 1.400000E+01 4.203000E+01 4.203000E+01
38850 9.097987E+03 3.234000E+01 2.835000E+01 1.001000E+01 1.400000E+01 4.235000E+01 4.235000E+01
38900 9.098584E+03 3.200000E+01 2.800000E+01 1.000000E+01 1.400000E+01 4.200000E+01 4.200000E+01
38950 9.099190E+03 3.206000E+01 2.806000E+01 1.000000E+01 1.400000E+01 4.206000E+01 4.206000E+01
39000 9.099813E+03 3.200000E+01 2.800000E+01 1.000000E+01 1.400000E+01 4.200000E+01 4.200000E+01
39050 9.100440E+03 3.201000E+01 2.801000E+01 1.000000E+01 1.400000E+01 4.201000E+01 4.201000E+01
39100 9.101041E+03 3.200000E+01 2.800000E+01 1.000000E+01 1.400000E+01 4.200000E+01 4.200000E+01
39150 9.101656E+03 3.202000E+01 2.802000E+01 1.000000E+01 1.400000E+01 4.202000E+01 4.202000E+01
39200 9.102268E+03 3.200000E+01 2.800000E+01 1.000000E+01 1.400000E+01 4.200000E+01 4.200000E+01
39250 9.102880E+03 3.200000E+01 2.800000E+01 1.000000E+01 1.400000E+01 4.200000E+01 4.200000E+01
39300 9.103482E+03 3.200000E+01 2.800000E+01 1.000000E+01 1.400000E+01 4.200000E+01 4.200000E+01
39350 9.104090E+03 3.252000E+01 2.800000E+01 1.000000E+01 1.452000E+01 4.252000E+01 4.252000E+01
39400 9.104688E+03 3.208000E+01 2.800000E+01 1.000000E+01 1.408000E+01 4.208000E+01 4.208000E+01
39450 9.105295E+03 3.201000E+01 2.801000E+01 1.000000E+01 1.400000E+01 4.201000E+01 4.201000E+01
39500 9.105899E+03 3.206000E+01 2.806000E+01 1.000000E+01 1.400000E+01 4.206000E+01 4.206000E+01
39550 9.106503E+03 3.202000E+01 2.802000E+01 1.000000E+01 1.400000E+01 4.202000E+01 4.202000E+01
39600 9.107105E+03 3.216000E+01 2.806000E+01 1.000000E+01 1.410000E+01 4.216000E+01 4.216000E+01
39650 9.107702E+03 3.201000E+01 2.801000E+01 1.000000E+01 1.400000E+01 4.201000E+01 4.201000E+01
39700 9.108297E+03 3.202000E+01 2.802000E+01 1.000000E+01 1.400000E+01 4.202000E+01 4.202000E+01
39750 9.108915E+03 3.202000E+01 2.802000E+01 1.000000E+01 1.400000E+01 4.202000E+01 4.202000E+01
39800 9.109538E+03 3.200000E+01 2.800000E+01 1.000000E+01 1.400000E+01 4.200000E+01 4.200000E+01
39850 9.110155E+03 3.200000E+01 2.800000E+01 1.000000E+01 1.400000E+01 4.200000E+01 4.200000E+01
39900 9.110754E+03 3.202000E+01 2.802000E+01 1.000000E+01 1.400000E+01 4.202000E+01 4.202000E+01
39950 9.111357E+03 3.201000E+01 2.801000E+01 1.000000E+01 1.400000E+01 4.201000E+01 4.201000E+01
40000 9.111966E+03 3.200000E+01 2.800000E+01 1.000000E+01 1.400000E+01 4.200000E+01 4.200000E+01
40050 9.112573E+03 3.200000E+01 2.800000E+01 1.000000E+01 1.400000E+01 4.200000E+01 4.200000E+01
40100 9.113169E+03 3.200000E+01 2.800000E+01 1.000000E+01 1.400000E+01 4.200000E+01 4.200000E+01
40150 9.113759E+03 3.200000E+01 2.800000E+01 1.000000E+01 1.400000E+01 4.200000E+01 4.200000E+01
40200 9.114368E+03 3.253000E+01 2.801000E+01 1.000000E+01 1.452000E+01 4.253000E+01 4.253000E+01
40250 9.114974E+03 3.208000E+01 2.808000E+01 1.000000E+01 1.400000E+01 4.208000E+01 4.208000E+01
40300 9.115570E+03 3.205000E+01 2.805000E+01 1.000000E+01 1.400000E+01 4.205000E+01 4.205000E+01
40350 9.116169E+03 3.213000E+01 2.813000E+01 1.000000E+01 1.400000E+01 4.213000E+01 4.213000E+01
40400 9.116784E+03 3.200000E+01 2.800000E+01 1.000000E+01 1.400000E+01 4.200000E+01 4.200000E+01
40450 9.117387E+03 3.255000E+01 2.800000E+01 1.000000E+01 1.455000E+01 4.255000E+01 4.255000E+01
40500 9.117985E+03 3.356000E+01 2.802000E+01 1.002000E+01 1.556000E+01 4.358000E+01 4.358000E+01
40550 9.118589E+03 3.400000E+01 2.800000E+01 1.000000E+01 1.600000E+01 4.400000E+01 4.400000E+01
40600 9.119197E+03 3.400000E+01 2.800000E+01 1.007000E+01 1.607000E+01 4.407000E+01 4.407000E+01
40650 9.119783E+03 3.406000E+01 2.806000E+01 1.000000E+01 1.600000E+01 4.406000E+01 4.406000E+01
40700 9.120377E+03 3.400000E+01 2.800000E+01 1.000000E+01 1.600000E+01 4.400000E+01 4.400000E+01
40750 9.120968E+03 3.401000E+01 2.801000E+01 1.000000E+01 1.600000E+01 4.401000E+01 4.401000E+01
40800 9.121551E+03 3.400000E+01 2.800000E+01 1.000000E+01 1.600000E+01 4.400000E+01 4.400000E+01
40850 9.122158E+03 3.431000E+01 2.805000E+01 1.000000E+01 1.626000E+01 4.431000E+01 4.431000E+01
40900 9.122749E+03 3.400000E+01 2.800000E+01 1.000000E+01 1.600000E+01 4.400000E+01 4.400000E+01
40950 9.123341E+03 3.400000E+01 2.800000E+01 1.000000E+01 1.600000E+01 4.400000E+01 4.400000E+01
41000 9.123925E+03 3.400000E+01 2.800000E+01 1.000000E+01 1.600000E+01 4.400000E+01 4.400000E+01
41050 9.124531E+03 3.402000E+01 2.801000E+01 1.000000E+01 1.601000E+01 4.402000E+01 4.402000E+01
41100 9.125149E+03 3.406000E+01 2.808000E+01 1.002000E+01 1.600000E+01 4.408000E+01 4.408000E+01
41150 9.125760E+03 3.500000E+01 2.900000E+01 1.000000E+01 1.600000E+01 4.500000E+01 4.500000E+01
41200 9.126393E+03 3.500000E+01 2.900000E+01 1.000000E+01 1.600000E+01 4.500000E+01 4.500000E+01
41250 9.127011E+03 3.500000E+01 2.900000E+01 1.000000E+01 1.600000E+01 4.500000E+01 4.500000E+01
41300 9.127648E+03 3.500000E+01 2.900000E+01 1.000000E+01 1.600000E+01 4.500000E+01 4.500000E+01
41350 9.128289E+03 3.500000E+01 2.900000E+01 1.000000E+01 1.600000E+01 4.500000E+01 4.500000E+01
41400 9.128930E+03 3.500000E+01 2.900000E+01 1.000000E+01 1.600000E+01 4.500000E+01 4.500000E+01
41450 9.129563E+03 3.500000E+01 2.900000E+01 1.000000E+01 1.600000E+01 4.500000E+01 4.500000E+01
41500 9.130195E+03 3.544000E+01 2.947000E+01 1.003000E+01 1.600000E+01 4.547000E+01 4.547000E+01
41550 9.130831E+03 3.500000E+01 2.900000E+01 1.000000E+01 1.600000E+01 4.500000E+01 4.500000E+01
41600 9.131435E+03 3.505000E+01 2.905000E+01 1.000000E+01 1.600000E+01 4.505000E+01 4.505000E+01
41650 9.132064E+03 3.501000E+01 2.901000E+01 1.000000E+01 1.600000E+01 4.501000E+01 4.501000E+01
41700 9.132681E+03 3.500000E+01 2.900000E+01 1.000000E+01 1.600000E+01 4.500000E+01 4.500000E+01
41750 9.133315E+03 3.500000E+01 2.900000E+01 1.000000E+01 1.600000E+01 4.500000E+01 4.500000E+01
41800 9.133959E+03 3.500000E+01 2.900000E+01 1.000000E+01 1.600000E+01 4.500000E+01 4.500000E+01
41850 9.134578E+03 3.500000E+01 2.900000E+01 1.000000E+01 1.600000E+01 4.500000E+01 4.500000E+01
41900 9.135185E+03 3.501000E+01 2.900000E+01 1.000000E+01 1.601000E+01 4.501000E+01 4.501000E+01
41950 9.135803E+03 3.500000E+01 2.900000E+01 1.000000E+01 1.600000E+01 4.500000E+01 4.500000E+01
42000 9.136449E+03 3.531000E+01 2.900000E+01 1.000000E+01 1.631000E+01 4.531000E+01 4.531000E+01
42050 9.137073E+03 3.561000E+01 2.900000E+01 1.000000E+01 1.661000E+01 4.561000E+01 4.561000E+01
42100 9.137688E+03 3.583000E+01 2.900000E+01 1.000000E+01 1.683000E+01 4.583000E+01 4.583000E+01
42150 9.138318E+03 3.601000E+01 2.900000E+01 1.000000E+01 1.701000E+01 4.601000E+01 4.601000E+01
42200 9.138943E+03 3.605000E+01 2.905000E+01 1.000000E+01 1.700000E+01 4.605000E+01 4.605000E+01
42250 9.139565E+03 3.600000E+01 2.900000E+01 1.000000E+01 1.700000E+01 4.600000E+01 4.600000E+01
42300 9.140186E+03 3.613000E+01 2.909000E+01 1.000000E+01 1.704000E+01 4.613000E+01 4.613000E+01
42350 9.140828E+03 3.609000E+01 2.909000E+01 1.000000E+01 1.700000E+01 4.609000E+01 4.609000E+01
42400 9.141427E+03 3.604000E+01 2.904000E+01 1.000000E+01 1.700000E+01 4.604000E+01 4.604000E+01
42450 9.142047E+03 3.638000E+01 2.938000E+01 1.000000E+01 1.700000E+01 4.638000E+01 4.638000E+01
42500 9.142682E+03 3.600000E+01 2.900000E+01 1.002000E+01 1.702000E+01 4.602000E+01 4.602000E+01
42550 9.143300E+03 3.604000E+01 2.904000E+01 1.000000E+01 1.700000E+01 4.604000E+01 4.604000E+01
42600 9.143913E+03 3.600000E+01 2.900000E+01 1.000000E+01 1.700000E+01 4.600000E+01 4.600000E+01
42650 9.144524E+03 3.600000E+01 2.900000E+01 1.000000E+01 1.700000E+01 4.600000E+01 4.600000E+01
42700 9.145131E+03 3.600000E+01 2.900000E+01 1.000000E+01 1.700000E+01 4.600000E+01 4.600000E+01
42750 9.145746E+03 3.600000E+01 2.900000E+01 1.000000E+01 1.700000E+01 4.600000E+01 4.600000E+01
42800 9.146364E+03 3.601000E+01 2.901000E+01 1.000000E+01 1.700000E+01 4.601000E+01 4.601000E+01
42850 9.146980E+03 3.600000E+01 2.901000E+01 1.001000E+01 1.700000E+01 4.601000E+01 4.601000E+01
42900 9.147584E+03 3.602000E+01 2.902000E+01 1.000000E+01 1.700000E+01 4.602000E+01 4.602000E+01
42950 9.148173E+03 3.600000E+01 2.900000E+01 1.000000E+01 1.700000E+01 4.600000E+01 4.600000E+01
43000 9.148774E+03 3.600000E+01 2.900000E+01 1.000000E+01 1.700000E+01 4.600000E+01 4.600000E+01
43050 9.149369E+03 3.600000E+01 2.900000E+01 1.000000E+01 1.700000E+01 4.600000E+01 4.600000E+01
43100 9.149990E+03 3.600000E+01 2.900000E+01 1.000000E+01 1.700000E+01 4.600000E+01 4.600000E+01
43150 9.150613E+03 3.600000E+01 2.900000E+01 1.000000E+01 1.700000E+01 4.600000E+01 4.600000E+01
43200 9.151207E+03 3.678000E+01 2.978000E+01 1.000000E+01 1.700000E+01 4.678000E+01 4.678000E+01
43250 9.151825E+03 3.700000E+01 3.000000E+01 1.000000E+01 1.700000E+01 4.700000E+01 4.700000E+01
43300 9.152423E+03 3.700000E+01 3.000000E+01 1.000000E+01 1.700000E+01 4.700000E+01 4.700000E+01
43350 9.153012E+03 3.702000E+01 3.002000E+01 1.000000E+01 1.700000E+01 4.702000E+01 4.702000E+01
43400 9.153607E+03 3.700000E+01 3.000000E+01 1.000000E+01 1.700000E+01 4.700000E+01 4.700000E+01
43450 9.154216E+03 3.703000E+01 3.003000E+01 1.000000E+01 1.700000E+01 4.703000E+01 4.703000E+01
43500 9.154827E+03 3.700000E+01 3.000000E+01 1.000000E+01 1.700000E+01 4.700000E+01 4.700000E+01
43550 9.155430E+03 3.700000E+01 3.000000E+01 1.000000E+01 1.700000E+01 4.700000E+01 4.700000E+01
43600 9.156038E+03 3.714000E+01 3.010000E+01 1.000000E+01 1.704000E+01 4.714000E+01 4.714000E+01
43650 9.156651E+03 3.700000E+01 3.000000E+01 1.000000E+01 1.700000E+01 4.700000E+01 4.700000E+01
43700 9.157267E+03 3.700000E+01 3.000000E+01 1.000000E+01 1.700000E+01 4.700000E+01 4.700000E+01
43750 9.157876E+03 3.700000E+01 3.002000E+01 1.005000E+01 1.703000E+01 4.705000E+01 4.705000E+01
43800 9.158485E+03 3.700000E+01 3.000000E+01 1.000000E+01 1.700000E+01 4.700000E+01 4.700000E+01
43850 9.159101E+03 3.700000E+01 3.000000E+01 1.000000E+01 1.700000E+01 4.700000E+01 4.700000E+01
43900 9.159706E+03 3.700000E+01 3.000000E+01 1.000000E+01 1.700000E+01 4.700000E+01 4.700000E+01
43950 9.160333E+03 3.700000E+01 3.000000E+01 1.000000E+01 1.700000E+01 4.700000E+01 4.700000E+01
44000 9.160956E+03 3.700000E+01 3.000000E+01 1.018000E+01 1.718000E+01 4.718000E+01 4.718000E+01
44050 9.161582E+03 3.700000E+01 3.000000E+01 1.000000E+01 1.700000E+01 4.700000E+01 4.700000E+01
44100 9.162195E+03 3.720000E+01 3.001000E+01 1.000000E+01 1.719000E+01 4.720000E+01 4.720000E+01
44150 9.162808E+03 3.700000E+01 3.000000E+01 1.000000E+01 1.700000E+01 4.700000E+01 4.700000E+01
44200 9.163420E+03 3.701000E+01 3.001000E+01 1.000000E+01 1.700000E+01 4.701000E+01 4.701000E+01
44250 9.164028E+03 3.710000E+01 3.010000E+01 1.000000E+01 1.700000E+01 4.710000E+01 4.710000E+01
44300 9.164633E+03 3.700000E+01 3.000000E+01 1.000000E+01 1.700000E+01 4.700000E+01 4.700000E+01
44350 9.165246E+03 3.700000E+01 3.000000E+01 1.000000E+01 1.700000E+01 4.700000E+01 4.700000E+01
44400 9.165850E+03 3.700000E+01 3.000000E+01 1.000000E+01 1.700000E+01 4.700000E+01 4.700000E+01
44450 9.166460E+03 3.701000E+01 3.001000E+01 1.000000E+01 1.700000E+01 4.701000E+01 4.701000E+01
44500 9.167078E+03 3.700000E+01 3.000000E+01 1.000000E+01 1.700000E+01 4.700000E+01 4.700000E+01
44550 9.167676E+03 3.700000E+01 3.000000E+01 1.000000E+01 1.700000E+01 4.700000E+01 4.700000E+01
44600 9.168283E+03 3.757000E+01 3.057000E+01 1.000000E+01 1.700000E+01 4.757000E+01 4.757000E+01
44650 9.168885E+03 3.755000E+01 3.055000E+01 1.000000E+01 1.700000E+01 4.755000E+01 4.755000E+01
44700 9.169482E+03 3.793000E+01 3.093000E+01 1.000000E+01 1.700000E+01 4.793000E+01 4.793000E+01
44750 9.170088E+03 3.801000E+01 3.101000E+01 1.000000E+01 1.700000E+01 4.801000E+01 4.801000E+01
44800 9.170694E+03 3.800000E+01 3.100000E+01 1.000000E+01 1.700000E+01 4.800000E+01 4.800000E+01
44850 9.171291E+03 3.802000E+01 3.102000E+01 1.000000E+01 1.700000E+01 4.802000E+01 4.802000E+01
44900 9.171903E+03 3.800000E+01 3.100000E+01 1.000000E+01 1.700000E+01 4.800000E+01 4.800000E+01
44950 9.172509E+03 3.801000E+01 3.101000E+01 1.000000E+01 1.700000E+01 4.801000E+01 4.801000E+01
45000 9.173103E+03 3.800000E+01 3.100000E+01 1.000000E+01 1.700000E+01 4.800000E+01 4.800000E+01
45050 9.173700E+03 3.800000E+01 3.100000E+01 1.000000E+01 1.700000E+01 4.800000E+01 4.800000E+01
45100 9.174306E+03 3.805000E+01 3.104000E+01 1.000000E+01 1.701000E+01 4.805000E+01 4.805000E+01
45150 9.174919E+03 3.800000E+01 3.100000E+01 1.000000E+01 1.700000E+01 4.800000E+01 4.800000E+01
45200 9.175548E+03 3.806000E+01 3.107000E+01 1.001000E+01 1.700000E+01 4.807000E+01 4.807000E+01
45250 9.176167E+03 3.800000E+01 3.100000E+01 1.000000E+01 1.700000E+01 4.800000E+01 4.800000E+01
45300 9.176783E+03 3.802000E+01 3.100000E+01 1.000000E+01 1.702000E+01 4.802000E+01 4.802000E+01
45350 9.177397E+03 3.811000E+01 3.111000E+01 1.000000E+01 1.700000E+01 4.811000E+01 4.811000E+01
45400 9.178009E+03 3.803000E+01 3.111000E+01 1.008000E+01 1.700000E+01 4.811000E+01 4.811000E+01
45450 9.178629E+03 3.800000E+01 3.100000E+01 1.000000E+01 1.700000E+01 4.800000E+01 4.800000E+01
45500 9.179222E+03 3.800000E+01 3.100000E+01 1.000000E+01 1.700000E+01 4.800000E+01 4.800000E+01
45550 9.179825E+03 3.801000E+01 3.102000E+01 1.001000E+01 1.700000E+01 4.802000E+01 4.802000E+01
45600 9.180447E+03 3.830000E+01 3.130000E+01 1.000000E+01 1.700000E+01 4.830000E+01 4.830000E+01
45650 9.181064E+03 3.800000E+01 3.100000E+01 1.000000E+01 1.700000E+01 4.800000E+01 4.800000E+01
45700 9.181671E+03 3.800000E+01 3.100000E+01 1.000000E+01 1.700000E+01 4.800000E+01 4.800000E+01
45750 9.182290E+03 3.800000E+01 3.100000E+01 1.000000E+01 1.700000E+01 4.800000E+01 4.800000E+01
45800 9.182916E+03 3.800000E+01 3.100000E+01 1.000000E+01 1.700000E+01 4.800000E+01 4.800000E+01
45850 9.183536E+03 3.800000E+01 3.100000E+01 1.000000E+01 1.700000E+01 4.800000E+01 4.800000E+01
45900 9.184158E+03 3.800000E+01 3.100000E+01 1.000000E+01 1.700000E+01 4.800000E+01 4.800000E+01
45950 9.184779E+03 3.800000E+01 3.100000E+01 1.000000E+01 1.700000E+01 4.800000E+01 4.800000E+01
46000 9.185395E+03 3.801000E+01 3.101000E+01 1.000000E+01 1.700000E+01 4.801000E+01 4.801000E+01
46050 9.186029E+03 3.800000E+01 3.100000E+01 1.000000E+01 1.700000E+01 4.800000E+01 4.800000E+01
46100 9.186643E+03 3.800000E+01 3.100000E+01 1.000000E+01 1.700000E+01 4.800000E+01 4.800000E+01
46150 9.187238E+03 3.822000E+01 3.100000E+01 1.000000E+01 1.722000E+01 4.822000E+01 4.822000E+01
46200 9.187857E+03 3.802000E+01 3.100000E+01 1.000000E+01 1.702000E+01 4.802000E+01 4.802000E+01
46250 9.188466E+03 3.807000E+01 3.107000E+01 1.000000E+01 1.700000E+01 4.807000E+01 4.807000E+01
46300 9.189084E+03 3.800000E+01 3.100000E+01 1.000000E+01 1.700000E+01 4.800000E+01 4.800000E+01
46350 9.189709E+03 3.802000E+01 3.102000E+01 1.000000E+01 1.700000E+01 4.802000E+01 4.802000E+01
46400 9.190315E+03 3.800000E+01 3.101000E+01 1.001000E+01 1.700000E+01 4.801000E+01 4.801000E+01
46450 9.190917E+03 3.800000E+01 3.100000E+01 1.000000E+01 1.700000E+01 4.800000E+01 4.800000E+01
46500 9.191536E+03 3.801000E+01 3.101000E+01 1.000000E+01 1.700000E+01 4.801000E+01 4.801000E+01
46550 9.192148E+03 3.801000E+01 3.101000E+01 1.000000E+01 1.700000E+01 4.801000E+01 4.801000E+01
46600 9.192750E+03 3.800000E+01 3.100000E+01 1.000000E+01 1.700000E+01 4.800000E+01 4.800000E+01
46650 9.193398E+03 3.800000E+01 3.100000E+01 1.000000E+01 1.700000E+01 4.800000E+01 4.800000E+01
46700 9.194019E+03 3.800000E+01 3.100000E+01 1.000000E+01 1.700000E+01 4.800000E+01 4.800000E+01
46750 9.194625E+03 3.800000E+01 3.100000E+01 1.000000E+01 1.700000E+01 4.800000E+01 4.800000E+01
46800 9.195244E+03 3.800000E+01 3.100000E+01 1.000000E+01 1.700000E+01 4.800000E+01 4.800000E+01
46850 9.195866E+03 3.800000E+01 3.100000E+01 1.000000E+01 1.700000E+01 4.800000E+01 4.800000E+01
46900 9.196489E+03 3.801000E+01 3.101000E+01 1.000000E+01 1.700000E+01 4.801000E+01 4.801000E+01
46950 9.197103E+03 3.800000E+01 3.100000E+01 1.000000E+01 1.700000E+01 4.800000E+01 4.800000E+01
47000 9.197717E+03 3.800000E+01 3.100000E+01 1.000000E+01 1.700000E+01 4.800000E+01 4.800000E+01
47050 9.198317E+03 3.807000E+01 3.107000E+01 1.000000E+01 1.700000E+01 4.807000E+01 4.807000E+01
