0 0.000000E+00 0.0000000000E+00 0.0000000000E+00 0.0000000000E+00
0 2.423881E+02 0.0000000000E+00 0.0000000000E+00 0.0000000000E+00
1000 7.006266E+03 0.0000000000E+00 0.0000000000E+00 0.0000000000E+00
1250 7.006752E+03 0.0000000000E+00 7.0645802710E-03 3.5322901355E-03
1500 7.006934E+03 0.0000000000E+00 0.0000000000E+00 0.0000000000E+00
1750 7.007064E+03 0.0000000000E+00 0.0000000000E+00 0.0000000000E+00
2000 7.007164E+03 0.0000000000E+00 0.0000000000E+00 0.0000000000E+00
2250 7.007265E+03 0.0000000000E+00 0.0000000000E+00 0.0000000000E+00
2500 7.007360E+03 0.0000000000E+00 2.0741305859E-03 1.0370652930E-03
2750 7.007431E+03 0.0000000000E+00 0.0000000000E+00 0.0000000000E+00
3000 7.007501E+03 0.0000000000E+00 0.0000000000E+00 0.0000000000E+00
3250 7.007570E+03 2.0741305859E-03 2.0741305859E-03 2.0741305859E-03
3500 7.007632E+03 0.0000000000E+00 0.0000000000E+00 0.0000000000E+00
3750 7.007690E+03 2.0741305859E-03 2.0741305859E-03 2.0741305859E-03
4000 7.007743E+03 2.0741305859E-03 2.0741305859E-03 2.0741305859E-03
4250 7.007793E+03 1.8533422770E-02 0.0000000000E+00 9.2667113852E-03
4500 7.007837E+03 0.0000000000E+00 1.6284070986E-02 8.1420354931E-03
4750 7.007881E+03 1.3589814990E-02 1.3589814990E-02 1.3589814990E-02
5000 7.007923E+03 7.3524168934E-03 7.3524168934E-03 7.3524168934E-03
5250 7.007966E+03 0.0000000000E+00 0.0000000000E+00 0.0000000000E+00
5500 7.008008E+03 0.0000000000E+00 0.0000000000E+00 0.0000000000E+00
5750 7.008050E+03 0.0000000000E+00 0.0000000000E+00 0.0000000000E+00
6000 7.008094E+03 0.0000000000E+00 1.5655891404E-02 7.8279457021E-03
6250 7.008137E+03 0.0000000000E+00 0.0000000000E+00 0.0000000000E+00
6500 7.008175E+03 0.0000000000E+00 0.0000000000E+00 0.0000000000E+00
6750 7.008210E+03 7.0645802710E-03 4.9904496851E-03 6.0275149780E-03
7000 7.008246E+03 0.0000000000E+00 0.0000000000E+00 0.0000000000E+00
7250 7.008281E+03 0.0000000000E+00 0.0000000000E+00 0.0000000000E+00
7500 7.008317E+03 3.6310775785E-03 3.6310775785E-03 3.6310775785E-03
7750 7.008351E+03 3.6310775785E-03 3.6310775785E-03 3.6310775785E-03
8000 7.008381E+03 0.0000000000E+00 0.0000000000E+00 0.0000000000E+00
8250 7.008412E+03 2.0741305859E-03 0.0000000000E+00 1.0370652930E-03
8500 7.008443E+03 0.0000000000E+00 0.0000000000E+00 0.0000000000E+00
8750 7.008474E+03 0.0000000000E+00 0.0000000000E+00 0.0000000000E+00
9000 7.008505E+03 7.3524168934E-03 7.3524168934E-03 7.3524168934E-03
9250 7.008536E+03 0.0000000000E+00 0.0000000000E+00 0.0000000000E+00
9500 7.008567E+03 1.8008257863E-02 1.8008257863E-02 1.8008257863E-02
9750 7.008597E+03 0.0000000000E+00 0.0000000000E+00 0.0000000000E+00
10000 7.008627E+03 0.0000000000E+00 0.0000000000E+00 0.0000000000E+00
10500 7.008688E+03 1.5668359890E-02 1.5653243989E-02 1.5660801940E-02
11000 7.008750E+03 0.0000000000E+00 0.0000000000E+00 0.0000000000E+00
11500 7.008811E+03 2.0741305859E-03 2.0741305859E-03 2.0741305859E-03
12000 7.008872E+03 0.0000000000E+00 0.0000000000E+00 0.0000000000E+00
12500 7.008932E+03 0.0000000000E+00 0.0000000000E+00 0.0000000000E+00
13000 7.008992E+03 0.0000000000E+00 0.0000000000E+00 0.0000000000E+00
13500 7.009052E+03 0.0000000000E+00 0.0000000000E+00 0.0000000000E+00
14000 7.009113E+03 0.0000000000E+00 0.0000000000E+00 0.0000000000E+00
14500 7.009174E+03 0.0000000000E+00 0.0000000000E+00 0.0000000000E+00
15000 7.009234E+03 2.0741305859E-03 0.0000000000E+00 1.0370652930E-03
15500 7.009294E+03 0.0000000000E+00 0.0000000000E+00 0.0000000000E+00
16000 7.009354E+03 0.0000000000E+00 2.0741305859E-03 1.0370652930E-03
16500 7.009413E+03 0.0000000000E+00 0.0000000000E+00 0.0000000000E+00
17000 7.009471E+03 0.0000000000E+00 0.0000000000E+00 0.0000000000E+00
17500 7.009528E+03 0.0000000000E+00 0.0000000000E+00 0.0000000000E+00
18000 7.009587E+03 0.0000000000E+00 0.0000000000E+00 0.0000000000E+00
18500 7.009645E+03 0.0000000000E+00 0.0000000000E+00 0.0000000000E+00
19000 7.009704E+03 0.0000000000E+00 0.0000000000E+00 0.0000000000E+00
19500 7.009762E+03 0.0000000000E+00 0.0000000000E+00 0.0000000000E+00
20000 7.009821E+03 0.0000000000E+00 2.0741305859E-03 1.0370652930E-03
20500 7.009879E+03 0.0000000000E+00 0.0000000000E+00 0.0000000000E+00
21000 7.009938E+03 2.0741305859E-03 2.0741305859E-03 2.0741305859E-03
21500 7.009996E+03 0.0000000000E+00 0.0000000000E+00 0.0000000000E+00
22000 7.010054E+03 0.0000000000E+00 0.0000000000E+00 0.0000000000E+00
22500 7.010112E+03 2.0741305859E-03 2.0741305859E-03 2.0741305859E-03
23000 7.010170E+03 0.0000000000E+00 0.0000000000E+00 0.0000000000E+00
23500 7.010228E+03 0.0000000000E+00 3.6310775785E-03 1.8155387892E-03
24000 7.010287E+03 0.0000000000E+00 0.0000000000E+00 0.0000000000E+00
24500 7.010345E+03 0.0000000000E+00 0.0000000000E+00 0.0000000000E+00
25000 7.010403E+03 0.0000000000E+00 0.0000000000E+00 0.0000000000E+00
25500 7.010461E+03 0.0000000000E+00 0.0000000000E+00 0.0000000000E+00
26000 7.010519E+03 0.0000000000E+00 0.0000000000E+00 0.0000000000E+00
26500 7.010577E+03 0.0000000000E+00 0.0000000000E+00 0.0000000000E+00
27000 7.010635E+03 0.0000000000E+00 0.0000000000E+00 0.0000000000E+00
27500 7.010693E+03 0.0000000000E+00 0.0000000000E+00 0.0000000000E+00
28000 7.010751E+03 0.0000000000E+00 0.0000000000E+00 0.0000000000E+00
28500 7.010808E+03 0.0000000000E+00 0.0000000000E+00 0.0000000000E+00
29000 7.010867E+03 0.0000000000E+00 0.0000000000E+00 0.0000000000E+00
29500 7.010926E+03 0.0000000000E+00 0.0000000000E+00 0.0000000000E+00
30000 7.010985E+03 2.0741305859E-03 0.0000000000E+00 1.0370652930E-03
30500 7.011044E+03 0.0000000000E+00 0.0000000000E+00 0.0000000000E+00
31000 7.011103E+03 0.0000000000E+00 0.0000000000E+00 0.0000000000E+00
31500 7.011161E+03 2.0741305859E-03 2.0741305859E-03 2.0741305859E-03
32000 7.011221E+03 0.0000000000E+00 0.0000000000E+00 0.0000000000E+00
32500 7.011278E+03 0.0000000000E+00 0.0000000000E+00 0.0000000000E+00
33000 7.011337E+03 0.0000000000E+00 0.0000000000E+00 0.0000000000E+00
33500 7.011396E+03 0.0000000000E+00 0.0000000000E+00 0.0000000000E+00
34000 7.011454E+03 0.0000000000E+00 0.0000000000E+00 0.0000000000E+00
34500 7.011513E+03 0.0000000000E+00 0.0000000000E+00 0.0000000000E+00
35000 7.011572E+03 2.0741305859E-03 0.0000000000E+00 1.0370652930E-03
35500 7.011631E+03 0.0000000000E+00 0.0000000000E+00 0.0000000000E+00
36000 7.011689E+03 0.0000000000E+00 0.0000000000E+00 0.0000000000E+00
36500 7.011747E+03 0.0000000000E+00 0.0000000000E+00 0.0000000000E+00
37000 7.011802E+03 0.0000000000E+00 0.0000000000E+00 0.0000000000E+00
37500 7.011858E+03 0.0000000000E+00 0.0000000000E+00 0.0000000000E+00
38000 7.011914E+03 0.0000000000E+00 0.0000000000E+00 0.0000000000E+00
38500 7.011970E+03 2.0741305859E-03 2.0741305859E-03 2.0741305859E-03
39000 7.012026E+03 0.0000000000E+00 0.0000000000E+00 0.0000000000E+00
39500 7.012083E+03 1.1205103604E-02 0.0000000000E+00 5.6025518022E-03
40000 7.012138E+03 0.0000000000E+00 0.0000000000E+00 0.0000000000E+00
40500 7.012194E+03 4.9904496851E-03 4.9904496851E-03 4.9904496851E-03
41000 7.012250E+03 0.0000000000E+00 0.0000000000E+00 0.0000000000E+00
41500 7.012305E+03 0.0000000000E+00 2.5642481380E-02 1.2821240690E-02
42000 7.012361E+03 0.0000000000E+00 0.0000000000E+00 0.0000000000E+00
42500 7.012416E+03 1.8958805656E-02 1.8958805656E-02 1.8958805656E-02
43000 7.012471E+03 0.0000000000E+00 0.0000000000E+00 0.0000000000E+00
43500 7.012527E+03 2.0741305859E-03 2.0741305859E-03 2.0741305859E-03
44000 7.012582E+03 0.0000000000E+00 0.0000000000E+00 0.0000000000E+00
44500 7.012638E+03 2.0741305859E-03 2.0741305859E-03 2.0741305859E-03
45000 7.012692E+03 0.0000000000E+00 0.0000000000E+00 0.0000000000E+00
45500 7.012744E+03 0.0000000000E+00 2.0741305859E-03 1.0370652930E-03
46000 7.012796E+03 2.0741305859E-03 2.0741305859E-03 2.0741305859E-03
46500 7.012848E+03 0.0000000000E+00 0.0000000000E+00 0.0000000000E+00
47000 7.012901E+03 0.0000000000E+00 0.0000000000E+00 0.0000000000E+00
47500 7.012953E+03 0.0000000000E+00 0.0000000000E+00 0.0000000000E+00
48000 7.013006E+03 0.0000000000E+00 0.0000000000E+00 0.0000000000E+00
48500 7.013060E+03 0.0000000000E+00 0.0000000000E+00 0.0000000000E+00
49000 7.013113E+03 0.0000000000E+00 0.0000000000E+00 0.0000000000E+00
49500 7.013166E+03 0.0000000000E+00 0.0000000000E+00 0.0000000000E+00
50000 7.013218E+03 0.0000000000E+00 2.0741305859E-03 1.0370652930E-03
50500 7.013272E+03 0.0000000000E+00 2.0741305859E-03 1.0370652930E-03
51000 7.013325E+03 0.0000000000E+00 0.0000000000E+00 0.0000000000E+00
51500 7.013378E+03 8.2942851274E-03 2.0741305859E-03 5.1842078567E-03
52000 7.013431E+03 0.0000000000E+00 0.0000000000E+00 0.0000000000E+00
52500 7.013484E+03 0.0000000000E+00 0.0000000000E+00 0.0000000000E+00
53000 7.013537E+03 3.6310775785E-03 3.6310775785E-03 3.6310775785E-03
53500 7.013590E+03 0.0000000000E+00 0.0000000000E+00 0.0000000000E+00
54000 7.013643E+03 2.0741305859E-03 2.0741305859E-03 2.0741305859E-03
54500 7.013696E+03 0.0000000000E+00 0.0000000000E+00 0.0000000000E+00
55000 7.013749E+03 0.0000000000E+00 0.0000000000E+00 0.0000000000E+00
55500 7.013803E+03 0.0000000000E+00 0.0000000000E+00 0.0000000000E+00
56000 7.013856E+03 0.0000000000E+00 1.0324791184E-02 5.1623955921E-03
56500 7.013907E+03 6.2201545415E-03 0.0000000000E+00 3.1100772708E-03
57000 7.013959E+03 0.0000000000E+00 0.0000000000E+00 0.0000000000E+00
57500 7.014010E+03 0.0000000000E+00 0.0000000000E+00 0.0000000000E+00
58000 7.014058E+03 0.0000000000E+00 0.0000000000E+00 0.0000000000E+00
58500 7.014105E+03 2.2929654287E-02 0.0000000000E+00 1.1464827143E-02
59000 7.014152E+03 0.0000000000E+00 0.0000000000E+00 0.0000000000E+00
59500 7.014200E+03 2.0741305859E-03 0.0000000000E+00 1.0370652930E-03
60000 7.014247E+03 0.0000000000E+00 0.0000000000E+00 0.0000000000E+00
60500 7.014293E+03 9.3940346771E-03 9.3940346771E-03 9.3940346771E-03
61000 7.014340E+03 0.0000000000E+00 0.0000000000E+00 0.0000000000E+00
61500 7.014385E+03 3.6310775785E-03 3.6310775785E-03 3.6310775785E-03
62000 7.014431E+03 0.0000000000E+00 0.0000000000E+00 0.0000000000E+00
62500 7.014477E+03 2.0741305859E-03 2.0741305859E-03 2.0741305859E-03
63000 7.014523E+03 0.0000000000E+00 0.0000000000E+00 0.0000000000E+00
63500 7.014569E+03 2.5817677682E-02 2.5817677682E-02 2.5817677682E-02
64000 7.014614E+03 0.0000000000E+00 0.0000000000E+00 0.0000000000E+00
64500 7.014660E+03 2.0410368487E-02 2.0410368487E-02 2.0410368487E-02
65000 7.014705E+03 0.0000000000E+00 0.0000000000E+00 0.0000000000E+00
65500 7.014750E+03 0.0000000000E+00 0.0000000000E+00 0.0000000000E+00
66000 7.014796E+03 2.0741305859E-03 2.0741305859E-03 2.0741305859E-03
66500 7.014841E+03 2.0741305859E-03 0.0000000000E+00 1.0370652930E-03
67000 7.014886E+03 0.0000000000E+00 0.0000000000E+00 0.0000000000E+00
67500 7.014932E+03 0.0000000000E+00 0.0000000000E+00 0.0000000000E+00
68000 7.014978E+03 4.1482611718E-03 4.1482611718E-03 4.1482611718E-03
68500 7.015024E+03 2.0741305859E-03 2.0741305859E-03 2.0741305859E-03
69000 7.015071E+03 0.0000000000E+00 0.0000000000E+00 0.0000000000E+00
69500 7.015117E+03 0.0000000000E+00 0.0000000000E+00 0.0000000000E+00
70000 7.015163E+03 0.0000000000E+00 0.0000000000E+00 0.0000000000E+00
70500 7.015209E+03 0.0000000000E+00 2.0741305859E-03 1.0370652930E-03
71000 7.015256E+03 0.0000000000E+00 0.0000000000E+00 0.0000000000E+00
71500 7.015302E+03 0.0000000000E+00 0.0000000000E+00 0.0000000000E+00
72000 7.015349E+03 0.0000000000E+00 0.0000000000E+00 0.0000000000E+00
72500 7.015395E+03 2.0741305859E-03 2.0741305859E-03 2.0741305859E-03
73000 7.015443E+03 4.9904496851E-03 0.0000000000E+00 2.4952248425E-03
73500 7.015490E+03 0.0000000000E+00 0.0000000000E+00 0.0000000000E+00
74000 7.015536E+03 0.0000000000E+00 0.0000000000E+00 0.0000000000E+00
74500 7.015582E+03 4.1482611718E-03 2.0741305859E-03 3.1111958789E-03
75000 7.015629E+03 0.0000000000E+00 0.0000000000E+00 0.0000000000E+00
75500 7.015676E+03 0.0000000000E+00 0.0000000000E+00 0.0000000000E+00
76000 7.015723E+03 0.0000000000E+00 0.0000000000E+00 0.0000000000E+00
76500 7.015770E+03 2.1602178271E-02 0.0000000000E+00 1.0801089136E-02
77000 7.015817E+03 0.0000000000E+00 0.0000000000E+00 0.0000000000E+00
77500 7.015864E+03 2.0741305859E-03 2.0741305859E-03 2.0741305859E-03
78000 7.015911E+03 0.0000000000E+00 0.0000000000E+00 0.0000000000E+00
78500 7.015958E+03 0.0000000000E+00 0.0000000000E+00 0.0000000000E+00
79000 7.016005E+03 0.0000000000E+00 0.0000000000E+00 0.0000000000E+00
79500 7.016052E+03 6.2201545415E-03 6.2201545415E-03 6.2201545415E-03
80000 7.016100E+03 0.0000000000E+00 0.0000000000E+00 0.0000000000E+00
80500 7.016146E+03 0.0000000000E+00 0.0000000000E+00 0.0000000000E+00
81000 7.016193E+03 0.0000000000E+00 0.0000000000E+00 0.0000000000E+00
81500 7.016240E+03 8.4062047330E-03 0.0000000000E+00 4.2031023665E-03
82000 7.016288E+03 0.0000000000E+00 0.0000000000E+00 0.0000000000E+00
82500 7.016335E+03 0.0000000000E+00 0.0000000000E+00 0.0000000000E+00
83000 7.016381E+03 7.3524168934E-03 7.3524168934E-03 7.3524168934E-03
83500 7.016428E+03 2.0741305859E-03 2.0741305859E-03 2.0741305859E-03
84000 7.016474E+03 0.0000000000E+00 0.0000000000E+00 0.0000000000E+00
84500 7.016522E+03 0.0000000000E+00 0.0000000000E+00 0.0000000000E+00
85000 7.016569E+03 0.0000000000E+00 0.0000000000E+00 0.0000000000E+00
85500 7.016616E+03 0.0000000000E+00 0.0000000000E+00 0.0000000000E+00
86000 7.016662E+03 1.3589814990E-02 1.3589814990E-02 1.3589814990E-02
86500 7.016709E+03 0.0000000000E+00 2.0741305859E-03 1.0370652930E-03
87000 7.016755E+03 3.6310775785E-03 3.6310775785E-03 3.6310775785E-03
87500 7.016801E+03 0.0000000000E+00 0.0000000000E+00 0.0000000000E+00
88000 7.016848E+03 0.0000000000E+00 0.0000000000E+00 0.0000000000E+00
88500 7.016895E+03 0.0000000000E+00 0.0000000000E+00 0.0000000000E+00
89000 7.016943E+03 0.0000000000E+00 0.0000000000E+00 0.0000000000E+00
89500 7.016992E+03 0.0000000000E+00 0.0000000000E+00 0.0000000000E+00
90000 7.017040E+03 0.0000000000E+00 0.0000000000E+00 0.0000000000E+00
90500 7.017088E+03 0.0000000000E+00 0.0000000000E+00 0.0000000000E+00
91000 7.017137E+03 0.0000000000E+00 0.0000000000E+00 0.0000000000E+00
91500 7.017184E+03 0.0000000000E+00 0.0000000000E+00 0.0000000000E+00
92000 7.017231E+03 2.0741305859E-03 2.0741305859E-03 2.0741305859E-03
92500 7.017278E+03 0.0000000000E+00 0.0000000000E+00 0.0000000000E+00
93000 7.017324E+03 0.0000000000E+00 0.0000000000E+00 0.0000000000E+00
93500 7.017371E+03 0.0000000000E+00 0.0000000000E+00 0.0000000000E+00
94000 7.017417E+03 0.0000000000E+00 6.2201545415E-03 3.1100772708E-03
94500 7.017464E+03 9.3940346771E-03 9.3940346771E-03 9.3940346771E-03
95000 7.017510E+03 0.0000000000E+00 0.0000000000E+00 0.0000000000E+00
95500 7.017556E+03 0.0000000000E+00 0.0000000000E+00 0.0000000000E+00
96000 7.017602E+03 2.0741305859E-03 2.0741305859E-03 2.0741305859E-03
96500 7.017649E+03 2.0741305859E-03 4.9904496851E-03 3.5322901355E-03
97000 7.017695E+03 0.0000000000E+00 0.0000000000E+00 0.0000000000E+00
97500 7.017742E+03 0.0000000000E+00 0.0000000000E+00 0.0000000000E+00
98000 7.017788E+03 0.0000000000E+00 8.4062047330E-03 4.2031023665E-03
98500 7.017834E+03 0.0000000000E+00 0.0000000000E+00 0.0000000000E+00
99000 7.017880E+03 2.0741305859E-03 0.0000000000E+00 1.0370652930E-03
99500 7.017927E+03 5.7052081644E-03 3.6310775785E-03 4.6681428714E-03
100000 7.017973E+03 0.0000000000E+00 0.0000000000E+00 0.0000000000E+00
100500 7.018020E+03 0.0000000000E+00 0.0000000000E+00 0.0000000000E+00
101000 7.018067E+03 1.7459017811E-02 0.0000000000E+00 8.7295089055E-03
101500 7.018113E+03 0.0000000000E+00 0.0000000000E+00 0.0000000000E+00
102000 7.018160E+03 0.0000000000E+00 0.0000000000E+00 0.0000000000E+00
102500 7.018205E+03 0.0000000000E+00 0.0000000000E+00 0.0000000000E+00
103000 7.018248E+03 0.0000000000E+00 1.6284070986E-02 8.1420354931E-03
103500 7.018292E+03 0.0000000000E+00 0.0000000000E+00 0.0000000000E+00
104000 7.018335E+03 0.0000000000E+00 0.0000000000E+00 0.0000000000E+00
104500 7.018379E+03 2.0741305859E-03 2.0741305859E-03 2.0741305859E-03
105000 7.018422E+03 0.0000000000E+00 0.0000000000E+00 0.0000000000E+00
105500 7.018466E+03 0.0000000000E+00 0.0000000000E+00 0.0000000000E+00
106000 7.018509E+03 2.0741305859E-03 2.0741305859E-03 2.0741305859E-03
106500 7.018552E+03 0.0000000000E+00 8.4062047330E-03 4.2031023665E-03
107000 7.018595E+03 0.0000000000E+00 0.0000000000E+00 0.0000000000E+00
107500 7.018638E+03 2.0741305859E-03 2.0741305859E-03 2.0741305859E-03
108000 7.018681E+03 0.0000000000E+00 0.0000000000E+00 0.0000000000E+00
108500 7.018726E+03 0.0000000000E+00 0.0000000000E+00 0.0000000000E+00
109000 7.018770E+03 2.0741305859E-03 2.0741305859E-03 2.0741305859E-03
109500 7.018814E+03 0.0000000000E+00 0.0000000000E+00 0.0000000000E+00
110000 7.018858E+03 9.8512321200E-03 9.8512321200E-03 9.8512321200E-03
110500 7.018900E+03 3.6310775785E-03 3.6310775785E-03 3.6310775785E-03
111000 7.018943E+03 0.0000000000E+00 0.0000000000E+00 0.0000000000E+00
111500 7.018986E+03 0.0000000000E+00 0.0000000000E+00 0.0000000000E+00
112000 7.019029E+03 0.0000000000E+00 0.0000000000E+00 0.0000000000E+00
112500 7.019072E+03 0.0000000000E+00 0.0000000000E+00 0.0000000000E+00
113000 7.019115E+03 0.0000000000E+00 0.0000000000E+00 0.0000000000E+00
113500 7.019159E+03 2.0741305859E-03 2.0741305859E-03 2.0741305859E-03
114000 7.019202E+03 0.0000000000E+00 0.0000000000E+00 0.0000000000E+00
114500 7.019244E+03 1.8533422770E-02 1.8533422770E-02 1.8533422770E-02
115000 7.019288E+03 0.0000000000E+00 0.0000000000E+00 0.0000000000E+00
115500 7.019331E+03 0.0000000000E+00 0.0000000000E+00 0.0000000000E+00
116000 7.019375E+03 3.6310775785E-03 3.6310775785E-03 3.6310775785E-03
116500 7.019418E+03 0.0000000000E+00 0.0000000000E+00 0.0000000000E+00
117000 7.019461E+03 0.0000000000E+00 0.0000000000E+00 0.0000000000E+00
117500 7.019503E+03 0.0000000000E+00 0.0000000000E+00 0.0000000000E+00
118000 7.019546E+03 0.0000000000E+00 0.0000000000E+00 0.0000000000E+00
118500 7.019590E+03 0.0000000000E+00 0.0000000000E+00 0.0000000000E+00
119000 7.019631E+03 0.0000000000E+00 0.0000000000E+00 0.0000000000E+00
119500 7.019672E+03 3.6310775785E-03 3.6310775785E-03 3.6310775785E-03
120000 7.019714E+03 0.0000000000E+00 0.0000000000E+00 0.0000000000E+00
120500 7.019755E+03 0.0000000000E+00 0.0000000000E+00 0.0000000000E+00
121000 7.019796E+03 7.0645802710E-03 7.0645802710E-03 7.0645802710E-03
121500 7.019837E+03 0.0000000000E+00 0.0000000000E+00 0.0000000000E+00
122000 7.019879E+03 0.0000000000E+00 0.0000000000E+00 0.0000000000E+00
122500 7.019920E+03 2.0741305859E-03 0.0000000000E+00 1.0370652930E-03
123000 7.019962E+03 0.0000000000E+00 0.0000000000E+00 0.0000000000E+00
123500 7.020004E+03 0.0000000000E+00 0.0000000000E+00 0.0000000000E+00
124000 7.020046E+03 0.0000000000E+00 0.0000000000E+00 0.0000000000E+00
124500 7.020087E+03 0.0000000000E+00 0.0000000000E+00 0.0000000000E+00
125000 7.020129E+03 0.0000000000E+00 0.0000000000E+00 0.0000000000E+00
125500 7.020170E+03 0.0000000000E+00 0.0000000000E+00 0.0000000000E+00
126000 7.020212E+03 2.0741305859E-03 2.0741305859E-03 2.0741305859E-03
126500 7.020253E+03 0.0000000000E+00 0.0000000000E+00 0.0000000000E+00
127000 7.020295E+03 0.0000000000E+00 0.0000000000E+00 0.0000000000E+00
127500 7.020336E+03 0.0000000000E+00 0.0000000000E+00 0.0000000000E+00
128000 7.020378E+03 0.0000000000E+00 0.0000000000E+00 0.0000000000E+00
128500 7.020419E+03 0.0000000000E+00 0.0000000000E+00 0.0000000000E+00
129000 7.020461E+03 0.0000000000E+00 0.0000000000E+00 0.0000000000E+00
129500 7.020502E+03 0.0000000000E+00 0.0000000000E+00 0.0000000000E+00
130000 7.020544E+03 0.0000000000E+00 0.0000000000E+00 0.0000000000E+00
130500 7.020586E+03 0.0000000000E+00 4.9904496851E-03 2.4952248425E-03
131000 7.020628E+03 0.0000000000E+00 0.0000000000E+00 0.0000000000E+00
131500 7.020670E+03 0.0000000000E+00 0.0000000000E+00 0.0000000000E+00
132000 7.020712E+03 0.0000000000E+00 0.0000000000E+00 0.0000000000E+00
132500 7.020754E+03 2.0741305859E-03 2.0741305859E-03 2.0741305859E-03
133000 7.020795E+03 0.0000000000E+00 0.0000000000E+00 0.0000000000E+00
133500 7.020837E+03 3.6310775785E-03 3.6310775785E-03 3.6310775785E-03
134000 7.020878E+03 0.0000000000E+00 0.0000000000E+00 0.0000000000E+00
134500 7.020919E+03 0.0000000000E+00 0.0000000000E+00 0.0000000000E+00
135000 7.020961E+03 0.0000000000E+00 0.0000000000E+00 0.0000000000E+00
135500 7.021002E+03 2.0741305859E-03 2.0741305859E-03 2.0741305859E-03
136000 7.021045E+03 8.2942851274E-03 8.2942851274E-03 8.2942851274E-03
136500 7.021086E+03 0.0000000000E+00 4.9904496851E-03 2.4952248425E-03
137000 7.021128E+03 0.0000000000E+00 0.0000000000E+00 0.0000000000E+00
137500 7.021170E+03 2.0741305859E-03 4.1482611718E-03 3.1111958789E-03
138000 7.021212E+03 8.4062047330E-03 0.0000000000E+00 4.2031023665E-03
138500 7.021254E+03 0.0000000000E+00 4.9904496851E-03 2.4952248425E-03
139000 7.021296E+03 7.3524168934E-03 0.0000000000E+00 3.6762084467E-03
139500 7.021338E+03 0.0000000000E+00 0.0000000000E+00 0.0000000000E+00
140000 7.021380E+03 0.0000000000E+00 0.0000000000E+00 0.0000000000E+00
140500 7.021422E+03 2.0741305859E-03 2.0741305859E-03 2.0741305859E-03
141000 7.021463E+03 2.0741305859E-03 0.0000000000E+00 1.0370652930E-03
141500 7.021505E+03 0.0000000000E+00 0.0000000000E+00 0.0000000000E+00
142000 7.021546E+03 8.4062047330E-03 8.4062047330E-03 8.4062047330E-03
142500 7.021587E+03 2.0741305859E-03 2.0741305859E-03 2.0741305859E-03
143000 7.021629E+03 4.9904496851E-03 4.9904496851E-03 4.9904496851E-03
143500 7.021670E+03 0.0000000000E+00 0.0000000000E+00 0.0000000000E+00
144000 7.021712E+03 0.0000000000E+00 0.0000000000E+00 0.0000000000E+00
144500 7.021753E+03 2.0741305859E-03 0.0000000000E+00 1.0370652930E-03
145000 7.021794E+03 0.0000000000E+00 2.0741305859E-03 1.0370652930E-03
145500 7.021835E+03 1.5663945576E-02 2.0741305859E-03 8.8690380807E-03
146000 7.021877E+03 0.0000000000E+00 0.0000000000E+00 0.0000000000E+00
146500 7.021919E+03 0.0000000000E+00 0.0000000000E+00 0.0000000000E+00
147000 7.021959E+03 0.0000000000E+00 0.0000000000E+00 0.0000000000E+00
147500 7.022001E+03 2.0741305859E-03 0.0000000000E+00 1.0370652930E-03
148000 7.022043E+03 0.0000000000E+00 0.0000000000E+00 0.0000000000E+00
148500 7.022086E+03 0.0000000000E+00 0.0000000000E+00 0.0000000000E+00
149000 7.022129E+03 2.0741305859E-03 2.0741305859E-03 2.0741305859E-03
149500 7.022171E+03 0.0000000000E+00 0.0000000000E+00 0.0000000000E+00
150000 7.022213E+03 0.0000000000E+00 2.5605412368E-02 1.2802706184E-02
150500 7.022253E+03 0.0000000000E+00 0.0000000000E+00 0.0000000000E+00
151000 7.022294E+03 0.0000000000E+00 0.0000000000E+00 0.0000000000E+00
151500 7.022334E+03 0.0000000000E+00 0.0000000000E+00 0.0000000000E+00
152000 7.022374E+03 0.0000000000E+00 0.0000000000E+00 0.0000000000E+00
152500 7.022415E+03 0.0000000000E+00 2.0741305859E-03 1.0370652930E-03
153000 7.022456E+03 0.0000000000E+00 0.0000000000E+00 0.0000000000E+00
153500 7.022497E+03 4.9904496851E-03 4.9904496851E-03 4.9904496851E-03
154000 7.022538E+03 0.0000000000E+00 0.0000000000E+00 0.0000000000E+00
154500 7.022579E+03 0.0000000000E+00 0.0000000000E+00 0.0000000000E+00
155000 7.022620E+03 0.0000000000E+00 0.0000000000E+00 0.0000000000E+00
155500 7.022661E+03 0.0000000000E+00 0.0000000000E+00 0.0000000000E+00
156000 7.022702E+03 0.0000000000E+00 0.0000000000E+00 0.0000000000E+00
156500 7.022744E+03 0.0000000000E+00 0.0000000000E+00 0.0000000000E+00
157000 7.022785E+03 0.0000000000E+00 0.0000000000E+00 0.0000000000E+00
157500 7.022826E+03 2.0741305859E-03 2.0741305859E-03 2.0741305859E-03
158000 7.022867E+03 2.0741305859E-03 2.0741305859E-03 2.0741305859E-03
158500 7.022909E+03 2.0741305859E-03 2.0741305859E-03 2.0741305859E-03
159000 7.022950E+03 0.0000000000E+00 0.0000000000E+00 0.0000000000E+00
159500 7.022992E+03 2.0741305859E-03 2.0741305859E-03 2.0741305859E-03
160000 7.023034E+03 0.0000000000E+00 0.0000000000E+00 0.0000000000E+00
160500 7.023075E+03 0.0000000000E+00 0.0000000000E+00 0.0000000000E+00
161000 7.023117E+03 6.2201545415E-03 6.2201545415E-03 6.2201545415E-03
161500 7.023158E+03 2.0741305859E-03 0.0000000000E+00 1.0370652930E-03
162000 7.023200E+03 0.0000000000E+00 0.0000000000E+00 0.0000000000E+00
162500 7.023241E+03 8.4062047330E-03 8.4062047330E-03 8.4062047330E-03
163000 7.023283E+03 2.0741305859E-03 2.0741305859E-03 2.0741305859E-03
163500 7.023325E+03 0.0000000000E+00 0.0000000000E+00 0.0000000000E+00
164000 7.023367E+03 2.0741305859E-03 2.0741305859E-03 2.0741305859E-03
164500 7.023407E+03 0.0000000000E+00 0.0000000000E+00 0.0000000000E+00
165000 7.023448E+03 0.0000000000E+00 0.0000000000E+00 0.0000000000E+00
165500 7.023488E+03 0.0000000000E+00 0.0000000000E+00 0.0000000000E+00
166000 7.023530E+03 2.0741305859E-03 2.0741305859E-03 2.0741305859E-03
166500 7.023572E+03 3.6310775785E-03 3.6310775785E-03 3.6310775785E-03
167000 7.023613E+03 0.0000000000E+00 0.0000000000E+00 0.0000000000E+00
167500 7.023653E+03 5.7052081644E-03 5.7052081644E-03 5.7052081644E-03
168000 7.023694E+03 0.0000000000E+00 0.0000000000E+00 0.0000000000E+00
168500 7.023736E+03 0.0000000000E+00 0.0000000000E+00 0.0000000000E+00
169000 7.023776E+03 3.6310775785E-03 0.0000000000E+00 1.8155387892E-03
169500 7.023817E+03 8.4062047330E-03 8.4062047330E-03 8.4062047330E-03
170000 7.023858E+03 0.0000000000E+00 0.0000000000E+00 0.0000000000E+00
170500 7.023898E+03 0.0000000000E+00 1.3589814990E-02 6.7949074948E-03
171000 7.023938E+03 0.0000000000E+00 0.0000000000E+00 0.0000000000E+00
171500 7.023978E+03 0.0000000000E+00 0.0000000000E+00 0.0000000000E+00
172000 7.024014E+03 0.0000000000E+00 0.0000000000E+00 0.0000000000E+00
172500 7.024050E+03 0.0000000000E+00 0.0000000000E+00 0.0000000000E+00
173000 7.024085E+03 0.0000000000E+00 0.0000000000E+00 0.0000000000E+00
173500 7.024120E+03 0.0000000000E+00 0.0000000000E+00 0.0000000000E+00
174000 7.024156E+03 0.0000000000E+00 0.0000000000E+00 0.0000000000E+00
174500 7.024192E+03 0.0000000000E+00 0.0000000000E+00 0.0000000000E+00
175000 7.024228E+03 0.0000000000E+00 1.3279234190E-02 6.6396170951E-03
175500 7.024263E+03 0.0000000000E+00 0.0000000000E+00 0.0000000000E+00
176000 7.024299E+03 0.0000000000E+00 2.1224330222E-02 1.0612165111E-02
176500 7.024333E+03 0.0000000000E+00 0.0000000000E+00 0.0000000000E+00
177000 7.024368E+03 0.0000000000E+00 0.0000000000E+00 0.0000000000E+00
177500 7.024402E+03 2.0741305859E-03 2.0741305859E-03 2.0741305859E-03
178000 7.024436E+03 0.0000000000E+00 0.0000000000E+00 0.0000000000E+00
178500 7.024471E+03 4.9904496851E-03 0.0000000000E+00 2.4952248425E-03
179000 7.024505E+03 0.0000000000E+00 0.0000000000E+00 0.0000000000E+00
179500 7.024540E+03 0.0000000000E+00 6.2201545415E-03 3.1100772708E-03
180000 7.024574E+03 0.0000000000E+00 0.0000000000E+00 0.0000000000E+00
180500 7.024609E+03 4.1482611718E-03 2.0741305859E-03 3.1111958789E-03
181000 7.024645E+03 2.0741305859E-03 2.0741305859E-03 2.0741305859E-03
181500 7.024680E+03 3.6310775785E-03 0.0000000000E+00 1.8155387892E-03
182000 7.024715E+03 0.0000000000E+00 0.0000000000E+00 0.0000000000E+00
182500 7.024749E+03 0.0000000000E+00 0.0000000000E+00 0.0000000000E+00
183000 7.024783E+03 0.0000000000E+00 0.0000000000E+00 0.0000000000E+00
183500 7.024818E+03 2.0741305859E-03 2.0741305859E-03 2.0741305859E-03
184000 7.024852E+03 6.2201545415E-03 3.0625920781E-02 1.8423037661E-02
184500 7.024887E+03 4.9904496851E-03 4.9904496851E-03 4.9904496851E-03
185000 7.024921E+03 0.0000000000E+00 0.0000000000E+00 0.0000000000E+00
185500 7.024955E+03 2.4768447567E-02 0.0000000000E+00 1.2384223783E-02
186000 7.024988E+03 2.7000487060E-02 2.7000487060E-02 2.7000487060E-02
186500 7.025020E+03 7.3524168934E-03 7.3524168934E-03 7.3524168934E-03
187000 7.025053E+03 0.0000000000E+00 0.0000000000E+00 0.0000000000E+00
187500 7.025086E+03 3.6310775785E-03 3.6310775785E-03 3.6310775785E-03
188000 7.025119E+03 2.0741305859E-03 2.0741305859E-03 2.0741305859E-03
188500 7.025151E+03 0.0000000000E+00 0.0000000000E+00 0.0000000000E+00
189000 7.025184E+03 0.0000000000E+00 0.0000000000E+00 0.0000000000E+00
189500 7.025218E+03 0.0000000000E+00 0.0000000000E+00 0.0000000000E+00
190000 7.025250E+03 2.0741305859E-03 2.0741305859E-03 2.0741305859E-03
190500 7.025283E+03 0.0000000000E+00 2.0741305859E-03 1.0370652930E-03
191000 7.025315E+03 2.0741305859E-03 2.0741305859E-03 2.0741305859E-03
191500 7.025348E+03 0.0000000000E+00 0.0000000000E+00 0.0000000000E+00
192000 7.025379E+03 0.0000000000E+00 0.0000000000E+00 0.0000000000E+00
192500 7.025411E+03 0.0000000000E+00 0.0000000000E+00 0.0000000000E+00
193000 7.025444E+03 0.0000000000E+00 0.0000000000E+00 0.0000000000E+00
193500 7.025476E+03 0.0000000000E+00 2.0741305859E-03 1.0370652930E-03
194000 7.025508E+03 2.8226045209E-02 3.6310775785E-03 1.5928561394E-02
194500 7.025539E+03 0.0000000000E+00 0.0000000000E+00 0.0000000000E+00
195000 7.025571E+03 1.0324791184E-02 1.0324791184E-02 1.0324791184E-02
195500 7.025603E+03 0.0000000000E+00 0.0000000000E+00 0.0000000000E+00
196000 7.025634E+03 0.0000000000E+00 0.0000000000E+00 0.0000000000E+00
196500 7.025666E+03 0.0000000000E+00 0.0000000000E+00 0.0000000000E+00
197000 7.025697E+03 0.0000000000E+00 0.0000000000E+00 0.0000000000E+00
197500 7.025729E+03 0.0000000000E+00 0.0000000000E+00 0.0000000000E+00
198000 7.025761E+03 0.0000000000E+00 0.0000000000E+00 0.0000000000E+00
198500 7.025792E+03 0.0000000000E+00 0.0000000000E+00 0.0000000000E+00
199000 7.025824E+03 0.0000000000E+00 0.0000000000E+00 0.0000000000E+00
199500 7.025855E+03 0.0000000000E+00 0.0000000000E+00 0.0000000000E+00
200000 7.025887E+03 0.0000000000E+00 0.0000000000E+00 0.0000000000E+00
200500 7.025919E+03 0.0000000000E+00 0.0000000000E+00 0.0000000000E+00
201000 7.025951E+03 0.0000000000E+00 0.0000000000E+00 0.0000000000E+00
201500 7.025983E+03 0.0000000000E+00 0.0000000000E+00 0.0000000000E+00
202000 7.026015E+03 0.0000000000E+00 0.0000000000E+00 0.0000000000E+00
202500 7.026047E+03 0.0000000000E+00 0.0000000000E+00 0.0000000000E+00
203000 7.026079E+03 0.0000000000E+00 0.0000000000E+00 0.0000000000E+00
203500 7.026111E+03 2.0741305859E-03 0.0000000000E+00 1.0370652930E-03
204000 7.026143E+03 0.0000000000E+00 0.0000000000E+00 0.0000000000E+00
204500 7.026175E+03 2.0741305859E-03 2.0741305859E-03 2.0741305859E-03
205000 7.026207E+03 0.0000000000E+00 0.0000000000E+00 0.0000000000E+00
205500 7.026239E+03 4.1482611718E-03 0.0000000000E+00 2.0741305859E-03
206000 7.026271E+03 0.0000000000E+00 0.0000000000E+00 0.0000000000E+00
206500 7.026303E+03 0.0000000000E+00 0.0000000000E+00 0.0000000000E+00
207000 7.026335E+03 0.0000000000E+00 0.0000000000E+00 0.0000000000E+00
207500 7.026367E+03 2.1589241304E-02 2.0741305859E-03 1.1831685945E-02
208000 7.026399E+03 0.0000000000E+00 0.0000000000E+00 0.0000000000E+00
208500 7.026431E+03 1.0324791184E-02 0.0000000000E+00 5.1623955921E-03
209000 7.026463E+03 0.0000000000E+00 0.0000000000E+00 0.0000000000E+00
209500 7.026494E+03 0.0000000000E+00 0.0000000000E+00 0.0000000000E+00
210000 7.026525E+03 0.0000000000E+00 3.6310775785E-03 1.8155387892E-03
210500 7.026556E+03 0.0000000000E+00 0.0000000000E+00 0.0000000000E+00
211000 7.026587E+03 0.0000000000E+00 4.9904496851E-03 2.4952248425E-03
211500 7.026617E+03 1.3589814990E-02 0.0000000000E+00 6.7949074948E-03
212000 7.026647E+03 2.0741305859E-03 0.0000000000E+00 1.0370652930E-03
212500 7.026678E+03 0.0000000000E+00 0.0000000000E+00 0.0000000000E+00
213000 7.026708E+03 0.0000000000E+00 0.0000000000E+00 0.0000000000E+00
213500 7.026739E+03 0.0000000000E+00 0.0000000000E+00 0.0000000000E+00
214000 7.026769E+03 2.0741305859E-03 2.0741305859E-03 2.0741305859E-03
214500 7.026800E+03 0.0000000000E+00 3.6310775785E-03 1.8155387892E-03
215000 7.026832E+03 3.6310775785E-03 5.7052081644E-03 4.6681428714E-03
215500 7.026864E+03 0.0000000000E+00 0.0000000000E+00 0.0000000000E+00
216000 7.026896E+03 0.0000000000E+00 0.0000000000E+00 0.0000000000E+00
216500 7.026928E+03 0.0000000000E+00 0.0000000000E+00 0.0000000000E+00
217000 7.026960E+03 0.0000000000E+00 0.0000000000E+00 0.0000000000E+00
217500 7.026992E+03 2.0741305859E-03 2.0741305859E-03 2.0741305859E-03
218000 7.027024E+03 0.0000000000E+00 0.0000000000E+00 0.0000000000E+00
218500 7.027055E+03 0.0000000000E+00 0.0000000000E+00 0.0000000000E+00
219000 7.027088E+03 1.1205103604E-02 0.0000000000E+00 5.6025518022E-03
219500 7.027120E+03 0.0000000000E+00 4.9904496851E-03 2.4952248425E-03
220000 7.027151E+03 0.0000000000E+00 2.0741305859E-03 1.0370652930E-03
220500 7.027183E+03 0.0000000000E+00 0.0000000000E+00 0.0000000000E+00
221000 7.027213E+03 0.0000000000E+00 0.0000000000E+00 0.0000000000E+00
221500 7.027244E+03 0.0000000000E+00 0.0000000000E+00 0.0000000000E+00
222000 7.027275E+03 0.0000000000E+00 0.0000000000E+00 0.0000000000E+00
222500 7.027307E+03 0.0000000000E+00 0.0000000000E+00 0.0000000000E+00
223000 7.027338E+03 0.0000000000E+00 0.0000000000E+00 0.0000000000E+00
223500 7.027370E+03 0.0000000000E+00 0.0000000000E+00 0.0000000000E+00
224000 7.027402E+03 0.0000000000E+00 0.0000000000E+00 0.0000000000E+00
224500 7.027434E+03 0.0000000000E+00 0.0000000000E+00 0.0000000000E+00
225000 7.027466E+03 1.2040111229E-02 0.0000000000E+00 6.0200556147E-03
225500 7.027498E+03 0.0000000000E+00 0.0000000000E+00 0.0000000000E+00
226000 7.027530E+03 2.9916806160E-02 2.4926356475E-02 2.7421581317E-02
226500 7.027562E+03 8.6215272635E-03 4.9904496851E-03 6.8059884743E-03
227000 7.027594E+03 0.0000000000E+00 2.0827227996E-02 1.0413613998E-02
227500 7.027627E+03 2.0741305859E-03 2.0741305859E-03 2.0741305859E-03
228000 7.027658E+03 0.0000000000E+00 0.0000000000E+00 0.0000000000E+00
228500 7.027690E+03 0.0000000000E+00 0.0000000000E+00 0.0000000000E+00
229000 7.027724E+03 0.0000000000E+00 0.0000000000E+00 0.0000000000E+00
229500 7.027756E+03 0.0000000000E+00 0.0000000000E+00 0.0000000000E+00
230000 7.027788E+03 0.0000000000E+00 0.0000000000E+00 0.0000000000E+00
230500 7.027819E+03 0.0000000000E+00 0.0000000000E+00 0.0000000000E+00
231000 7.027849E+03 2.0741305859E-03 2.0741305859E-03 2.0741305859E-03
231500 7.027880E+03 0.0000000000E+00 0.0000000000E+00 0.0000000000E+00
232000 7.027910E+03 0.0000000000E+00 0.0000000000E+00 0.0000000000E+00
232500 7.027940E+03 1.4998647195E-02 1.4998647195E-02 1.4998647195E-02
233000 7.027970E+03 2.5486623027E-02 2.5486623027E-02 2.5486623027E-02
233500 7.028000E+03 0.0000000000E+00 0.0000000000E+00 0.0000000000E+00
234000 7.028030E+03 2.0741305859E-03 4.1482611718E-03 3.1111958789E-03
234500 7.028060E+03 0.0000000000E+00 2.0741305859E-03 1.0370652930E-03
235000 7.028090E+03 0.0000000000E+00 0.0000000000E+00 0.0000000000E+00
235500 7.028120E+03 0.0000000000E+00 0.0000000000E+00 0.0000000000E+00
236000 7.028150E+03 0.0000000000E+00 0.0000000000E+00 0.0000000000E+00
236500 7.028180E+03 0.0000000000E+00 0.0000000000E+00 0.0000000000E+00
237000 7.028211E+03 0.0000000000E+00 0.0000000000E+00 0.0000000000E+00
237500 7.028241E+03 0.0000000000E+00 3.6310775785E-03 1.8155387892E-03
238000 7.028271E+03 0.0000000000E+00 2.0741305859E-03 1.0370652930E-03
238500 7.028299E+03 0.0000000000E+00 0.0000000000E+00 0.0000000000E+00
239000 7.028328E+03 0.0000000000E+00 0.0000000000E+00 0.0000000000E+00
239500 7.028358E+03 0.0000000000E+00 0.0000000000E+00 0.0000000000E+00
240000 7.028387E+03 0.0000000000E+00 0.0000000000E+00 0.0000000000E+00
240500 7.028416E+03 2.0741305859E-03 2.0741305859E-03 2.0741305859E-03
241000 7.028445E+03 2.2929654287E-02 0.0000000000E+00 1.1464827143E-02
241500 7.028474E+03 0.0000000000E+00 1.9973197899E-02 9.9865989497E-03
242000 7.028503E+03 0.0000000000E+00 0.0000000000E+00 0.0000000000E+00
242500 7.028531E+03 0.0000000000E+00 0.0000000000E+00 0.0000000000E+00
243000 7.028560E+03 0.0000000000E+00 0.0000000000E+00 0.0000000000E+00
243500 7.028589E+03 0.0000000000E+00 0.0000000000E+00 0.0000000000E+00
244000 7.028617E+03 2.0741305859E-03 2.0741305859E-03 2.0741305859E-03
244500 7.028646E+03 0.0000000000E+00 0.0000000000E+00 0.0000000000E+00
245000 7.028675E+03 0.0000000000E+00 0.0000000000E+00 0.0000000000E+00
245500 7.028704E+03 0.0000000000E+00 0.0000000000E+00 0.0000000000E+00
246000 7.028733E+03 0.0000000000E+00 0.0000000000E+00 0.0000000000E+00
246500 7.028762E+03 0.0000000000E+00 0.0000000000E+00 0.0000000000E+00
247000 7.028791E+03 0.0000000000E+00 0.0000000000E+00 0.0000000000E+00
247500 7.028819E+03 1.8533422770E-02 1.8533422770E-02 1.8533422770E-02
248000 7.028848E+03 0.0000000000E+00 0.0000000000E+00 0.0000000000E+00
248500 7.028877E+03 0.0000000000E+00 0.0000000000E+00 0.0000000000E+00
249000 7.028906E+03 0.0000000000E+00 0.0000000000E+00 0.0000000000E+00
249500 7.028934E+03 0.0000000000E+00 2.5196001221E-02 1.2598000610E-02
250000 7.028963E+03 3.6310775785E-03 3.6310775785E-03 3.6310775785E-03
250500 7.028991E+03 2.0741305859E-03 2.0741305859E-03 2.0741305859E-03
251000 7.029019E+03 4.9904496851E-03 4.9904496851E-03 4.9904496851E-03
251500 7.029047E+03 4.9904496851E-03 0.0000000000E+00 2.4952248425E-03
252000 7.029075E+03 0.0000000000E+00 0.0000000000E+00 0.0000000000E+00
252500 7.029104E+03 4.1482611718E-03 4.1482611718E-03 4.1482611718E-03
253000 7.029132E+03 0.0000000000E+00 2.0741305859E-03 1.0370652930E-03
253500 7.029161E+03 0.0000000000E+00 0.0000000000E+00 0.0000000000E+00
254000 7.029190E+03 0.0000000000E+00 0.0000000000E+00 0.0000000000E+00
254500 7.029220E+03 0.0000000000E+00 0.0000000000E+00 0.0000000000E+00
255000 7.029249E+03 2.0741305859E-03 2.0741305859E-03 2.0741305859E-03
255500 7.029278E+03 2.0741305859E-03 0.0000000000E+00 1.0370652930E-03
256000 7.029307E+03 0.0000000000E+00 0.0000000000E+00 0.0000000000E+00
256500 7.029337E+03 0.0000000000E+00 0.0000000000E+00 0.0000000000E+00
257000 7.029366E+03 0.0000000000E+00 0.0000000000E+00 0.0000000000E+00
257500 7.029395E+03 0.0000000000E+00 0.0000000000E+00 0.0000000000E+00
258000 7.029424E+03 0.0000000000E+00 0.0000000000E+00 0.0000000000E+00
258500 7.029453E+03 0.0000000000E+00 0.0000000000E+00 0.0000000000E+00
259000 7.029482E+03 0.0000000000E+00 0.0000000000E+00 0.0000000000E+00
259500 7.029512E+03 0.0000000000E+00 0.0000000000E+00 0.0000000000E+00
260000 7.029541E+03 0.0000000000E+00 0.0000000000E+00 0.0000000000E+00
260500 7.029570E+03 0.0000000000E+00 0.0000000000E+00 0.0000000000E+00
261000 7.029599E+03 0.0000000000E+00 0.0000000000E+00 0.0000000000E+00
261500 7.029628E+03 4.1482611718E-03 4.1482611718E-03 4.1482611718E-03
262000 7.029657E+03 0.0000000000E+00 1.3589814990E-02 6.7949074948E-03
262500 7.029685E+03 0.0000000000E+00 0.0000000000E+00 0.0000000000E+00
263000 7.029714E+03 0.0000000000E+00 0.0000000000E+00 0.0000000000E+00
263500 7.029743E+03 4.1445199359E-03 4.1482611718E-03 4.1463905538E-03
264000 7.029772E+03 2.0741305859E-03 0.0000000000E+00 1.0370652930E-03
264500 7.029801E+03 3.6310775785E-03 3.6310775785E-03 3.6310775785E-03
265000 7.029830E+03 0.0000000000E+00 0.0000000000E+00 0.0000000000E+00
265500 7.029860E+03 0.0000000000E+00 0.0000000000E+00 0.0000000000E+00
266000 7.029889E+03 1.3572571435E-02 1.3572571435E-02 1.3572571435E-02
266500 7.029918E+03 0.0000000000E+00 0.0000000000E+00 0.0000000000E+00
267000 7.029947E+03 0.0000000000E+00 0.0000000000E+00 0.0000000000E+00
267500 7.029975E+03 0.0000000000E+00 0.0000000000E+00 0.0000000000E+00
268000 7.030004E+03 0.0000000000E+00 0.0000000000E+00 0.0000000000E+00
268500 7.030033E+03 0.0000000000E+00 0.0000000000E+00 0.0000000000E+00
269000 7.030062E+03 0.0000000000E+00 0.0000000000E+00 0.0000000000E+00
269500 7.030091E+03 2.0741305859E-03 2.0741305859E-03 2.0741305859E-03
270000 7.030121E+03 0.0000000000E+00 0.0000000000E+00 0.0000000000E+00
270500 7.030150E+03 0.0000000000E+00 0.0000000000E+00 0.0000000000E+00
271000 7.030178E+03 0.0000000000E+00 0.0000000000E+00 0.0000000000E+00
271500 7.030207E+03 0.0000000000E+00 0.0000000000E+00 0.0000000000E+00
272000 7.030236E+03 0.0000000000E+00 0.0000000000E+00 0.0000000000E+00
272500 7.030266E+03 0.0000000000E+00 0.0000000000E+00 0.0000000000E+00
273000 7.030296E+03 0.0000000000E+00 0.0000000000E+00 0.0000000000E+00
273500 7.030326E+03 0.0000000000E+00 0.0000000000E+00 0.0000000000E+00
274000 7.030355E+03 0.0000000000E+00 0.0000000000E+00 0.0000000000E+00
274500 7.030385E+03 0.0000000000E+00 0.0000000000E+00 0.0000000000E+00
275000 7.030414E+03 4.9904496851E-03 4.9904496851E-03 4.9904496851E-03
275500 7.030443E+03 0.0000000000E+00 0.0000000000E+00 0.0000000000E+00
276000 7.030473E+03 0.0000000000E+00 0.0000000000E+00 0.0000000000E+00
276500 7.030502E+03 0.0000000000E+00 0.0000000000E+00 0.0000000000E+00
277000 7.030531E+03 0.0000000000E+00 0.0000000000E+00 0.0000000000E+00
277500 7.030560E+03 0.0000000000E+00 0.0000000000E+00 0.0000000000E+00
278000 7.030588E+03 0.0000000000E+00 0.0000000000E+00 0.0000000000E+00
278500 7.030617E+03 0.0000000000E+00 0.0000000000E+00 0.0000000000E+00
279000 7.030646E+03 0.0000000000E+00 0.0000000000E+00 0.0000000000E+00
279500 7.030675E+03 0.0000000000E+00 0.0000000000E+00 0.0000000000E+00
280000 7.030704E+03 0.0000000000E+00 0.0000000000E+00 0.0000000000E+00
280500 7.030733E+03 0.0000000000E+00 0.0000000000E+00 0.0000000000E+00
281000 7.030761E+03 0.0000000000E+00 0.0000000000E+00 0.0000000000E+00
281500 7.030791E+03 9.4265474793E-03 0.0000000000E+00 4.7132737396E-03
282000 7.030820E+03 0.0000000000E+00 0.0000000000E+00 0.0000000000E+00
282500 7.030850E+03 3.6310775785E-03 3.6310775785E-03 3.6310775785E-03
283000 7.030880E+03 0.0000000000E+00 0.0000000000E+00 0.0000000000E+00
283500 7.030909E+03 3.6310775785E-03 3.6310775785E-03 3.6310775785E-03
284000 7.030939E+03 4.9904496851E-03 4.9904496851E-03 4.9904496851E-03
284500 7.030970E+03 0.0000000000E+00 0.0000000000E+00 0.0000000000E+00
285000 7.031000E+03 0.0000000000E+00 0.0000000000E+00 0.0000000000E+00
285500 7.031030E+03 9.3940346771E-03 9.3940346771E-03 9.3940346771E-03
286000 7.031060E+03 2.0741305859E-03 2.0741305859E-03 2.0741305859E-03
286500 7.031090E+03 2.0741305859E-03 2.0741305859E-03 2.0741305859E-03
287000 7.031120E+03 0.0000000000E+00 0.0000000000E+00 0.0000000000E+00
287500 7.031150E+03 0.0000000000E+00 0.0000000000E+00 0.0000000000E+00
288000 7.031180E+03 0.0000000000E+00 0.0000000000E+00 0.0000000000E+00
288500 7.031209E+03 0.0000000000E+00 0.0000000000E+00 0.0000000000E+00
289000 7.031239E+03 1.8008257863E-02 4.3613670231E-02 3.0810964047E-02
289500 7.031267E+03 0.0000000000E+00 0.0000000000E+00 0.0000000000E+00
290000 7.031296E+03 0.0000000000E+00 0.0000000000E+00 0.0000000000E+00
290500 7.031324E+03 0.0000000000E+00 0.0000000000E+00 0.0000000000E+00
291000 7.031352E+03 0.0000000000E+00 0.0000000000E+00 0.0000000000E+00
291500 7.031381E+03 2.0741305859E-03 0.0000000000E+00 1.0370652930E-03
292000 7.031409E+03 0.0000000000E+00 0.0000000000E+00 0.0000000000E+00
292500 7.031437E+03 0.0000000000E+00 0.0000000000E+00 0.0000000000E+00
293000 7.031465E+03 2.0741305859E-03 7.0645802710E-03 4.5693554284E-03
293500 7.031493E+03 2.0741305859E-03 0.0000000000E+00 1.0370652930E-03
294000 7.031521E+03 0.0000000000E+00 7.3524168934E-03 3.6762084467E-03
294500 7.031549E+03 0.0000000000E+00 0.0000000000E+00 0.0000000000E+00
295000 7.031577E+03 0.0000000000E+00 0.0000000000E+00 0.0000000000E+00
295500 7.031605E+03 0.0000000000E+00 0.0000000000E+00 0.0000000000E+00
296000 7.031633E+03 0.0000000000E+00 0.0000000000E+00 0.0000000000E+00
296500 7.031661E+03 3.6310775785E-03 3.6310775785E-03 3.6310775785E-03
297000 7.031688E+03 0.0000000000E+00 0.0000000000E+00 0.0000000000E+00
297500 7.031716E+03 3.6310775785E-03 3.6310775785E-03 3.6310775785E-03
298000 7.031743E+03 0.0000000000E+00 0.0000000000E+00 0.0000000000E+00
298500 7.031771E+03 0.0000000000E+00 4.9904496851E-03 2.4952248425E-03
299000 7.031799E+03 3.6310775785E-03 3.6310775785E-03 3.6310775785E-03
299500 7.031826E+03 2.0741305859E-03 2.0741305859E-03 2.0741305859E-03
300000 7.031854E+03 0.0000000000E+00 2.4200673103E-02 1.2100336552E-02
300500 7.031883E+03 0.0000000000E+00 0.0000000000E+00 0.0000000000E+00
301000 7.031910E+03 0.0000000000E+00 0.0000000000E+00 0.0000000000E+00
301500 7.031938E+03 0.0000000000E+00 0.0000000000E+00 0.0000000000E+00
302000 7.031966E+03 0.0000000000E+00 0.0000000000E+00 0.0000000000E+00
302500 7.031994E+03 2.0741305859E-03 2.0741305859E-03 2.0741305859E-03
303000 7.032022E+03 3.6310775785E-03 3.6310775785E-03 3.6310775785E-03
303500 7.032050E+03 0.0000000000E+00 0.0000000000E+00 0.0000000000E+00
304000 7.032078E+03 1.6384749981E-02 1.6384749981E-02 1.6384749981E-02
304500 7.032106E+03 0.0000000000E+00 0.0000000000E+00 0.0000000000E+00
305000 7.032133E+03 0.0000000000E+00 0.0000000000E+00 0.0000000000E+00
305500 7.032162E+03 1.2037282312E-02 1.2037282312E-02 1.2037282312E-02
306000 7.032189E+03 4.9904496851E-03 4.9904496851E-03 4.9904496851E-03
306500 7.032218E+03 0.0000000000E+00 0.0000000000E+00 0.0000000000E+00
307000 7.032246E+03 0.0000000000E+00 0.0000000000E+00 0.0000000000E+00
307500 7.032274E+03 0.0000000000E+00 0.0000000000E+00 0.0000000000E+00
308000 7.032303E+03 0.0000000000E+00 0.0000000000E+00 0.0000000000E+00
308500 7.032332E+03 0.0000000000E+00 0.0000000000E+00 0.0000000000E+00
309000 7.032360E+03 4.9904496851E-03 4.9904496851E-03 4.9904496851E-03
309500 7.032387E+03 2.0741305859E-03 0.0000000000E+00 1.0370652930E-03
310000 7.032416E+03 2.0741305859E-03 0.0000000000E+00 1.0370652930E-03
310500 7.032443E+03 0.0000000000E+00 2.0741305859E-03 1.0370652930E-03
311000 7.032471E+03 0.0000000000E+00 0.0000000000E+00 0.0000000000E+00
311500 7.032499E+03 0.0000000000E+00 0.0000000000E+00 0.0000000000E+00
312000 7.032527E+03 0.0000000000E+00 0.0000000000E+00 0.0000000000E+00
312500 7.032555E+03 0.0000000000E+00 0.0000000000E+00 0.0000000000E+00
313000 7.032583E+03 0.0000000000E+00 0.0000000000E+00 0.0000000000E+00
313500 7.032611E+03 0.0000000000E+00 0.0000000000E+00 0.0000000000E+00
314000 7.032638E+03 1.3279234190E-02 1.3279234190E-02 1.3279234190E-02
314500 7.032667E+03 1.5653243989E-02 7.2621551570E-03 1.1457699573E-02
315000 7.032695E+03 0.0000000000E+00 0.0000000000E+00 0.0000000000E+00
315500 7.032724E+03 0.0000000000E+00 0.0000000000E+00 0.0000000000E+00
316000 7.032752E+03 0.0000000000E+00 0.0000000000E+00 0.0000000000E+00
316500 7.032780E+03 0.0000000000E+00 0.0000000000E+00 0.0000000000E+00
317000 7.032808E+03 0.0000000000E+00 0.0000000000E+00 0.0000000000E+00
317500 7.032837E+03 0.0000000000E+00 0.0000000000E+00 0.0000000000E+00
318000 7.032865E+03 0.0000000000E+00 0.0000000000E+00 0.0000000000E+00
318500 7.032893E+03 0.0000000000E+00 0.0000000000E+00 0.0000000000E+00
319000 7.032922E+03 0.0000000000E+00 3.6310775785E-03 1.8155387892E-03
319500 7.032950E+03 0.0000000000E+00 0.0000000000E+00 0.0000000000E+00
320000 7.032979E+03 2.0741305859E-03 2.0741305859E-03 2.0741305859E-03
320500 7.033007E+03 2.7038758425E-02 0.0000000000E+00 1.3519379212E-02
321000 7.033036E+03 0.0000000000E+00 0.0000000000E+00 0.0000000000E+00
321500 7.033064E+03 0.0000000000E+00 0.0000000000E+00 0.0000000000E+00
322000 7.033093E+03 0.0000000000E+00 0.0000000000E+00 0.0000000000E+00
322500 7.033121E+03 1.8533422770E-02 1.8533422770E-02 1.8533422770E-02
323000 7.033149E+03 0.0000000000E+00 0.0000000000E+00 0.0000000000E+00
323500 7.033178E+03 0.0000000000E+00 0.0000000000E+00 0.0000000000E+00
324000 7.033207E+03 3.6310775785E-03 3.6310775785E-03 3.6310775785E-03
324500 7.033236E+03 3.6310775785E-03 0.0000000000E+00 1.8155387892E-03
325000 7.033265E+03 1.9973197899E-02 0.0000000000E+00 9.9865989497E-03
325500 7.033293E+03 0.0000000000E+00 0.0000000000E+00 0.0000000000E+00
326000 7.033321E+03 0.0000000000E+00 0.0000000000E+00 0.0000000000E+00
326500 7.033349E+03 0.0000000000E+00 0.0000000000E+00 0.0000000000E+00
327000 7.033377E+03 0.0000000000E+00 0.0000000000E+00 0.0000000000E+00
327500 7.033406E+03 0.0000000000E+00 0.0000000000E+00 0.0000000000E+00
328000 7.033434E+03 0.0000000000E+00 4.9904496851E-03 2.4952248425E-03
328500 7.033462E+03 2.0741305859E-03 5.7052081644E-03 3.8896693751E-03
329000 7.033490E+03 2.4768447567E-02 0.0000000000E+00 1.2384223783E-02
329500 7.033519E+03 2.0741305859E-03 2.0741305859E-03 2.0741305859E-03
330000 7.033548E+03 1.3589814990E-02 0.0000000000E+00 6.7949074948E-03
330500 7.033577E+03 0.0000000000E+00 4.9904496851E-03 2.4952248425E-03
331000 7.033606E+03 0.0000000000E+00 0.0000000000E+00 0.0000000000E+00
331500 7.033635E+03 0.0000000000E+00 0.0000000000E+00 0.0000000000E+00
332000 7.033665E+03 0.0000000000E+00 0.0000000000E+00 0.0000000000E+00
332500 7.033694E+03 0.0000000000E+00 2.0741305859E-03 1.0370652930E-03
333000 7.033722E+03 5.7052081644E-03 5.7052081644E-03 5.7052081644E-03
333500 7.033751E+03 2.0741305859E-03 2.0741305859E-03 2.0741305859E-03
334000 7.033781E+03 7.2621551570E-03 7.2621551570E-03 7.2621551570E-03
334500 7.033809E+03 2.3488096440E-02 2.3488096440E-02 2.3488096440E-02
335000 7.033838E+03 1.1205103604E-02 1.1205103604E-02 1.1205103604E-02
335500 7.033867E+03 0.0000000000E+00 0.0000000000E+00 0.0000000000E+00
336000 7.033896E+03 1.3572571435E-02 0.0000000000E+00 6.7862857175E-03
336500 7.033926E+03 4.9904496851E-03 0.0000000000E+00 2.4952248425E-03
337000 7.033955E+03 0.0000000000E+00 0.0000000000E+00 0.0000000000E+00
337500 7.033984E+03 0.0000000000E+00 0.0000000000E+00 0.0000000000E+00
338000 7.034013E+03 0.0000000000E+00 0.0000000000E+00 0.0000000000E+00
338500 7.034043E+03 0.0000000000E+00 0.0000000000E+00 0.0000000000E+00
339000 7.034072E+03 0.0000000000E+00 0.0000000000E+00 0.0000000000E+00
339500 7.034101E+03 0.0000000000E+00 0.0000000000E+00 0.0000000000E+00
340000 7.034130E+03 0.0000000000E+00 0.0000000000E+00 0.0000000000E+00
340500 7.034159E+03 0.0000000000E+00 0.0000000000E+00 0.0000000000E+00
341000 7.034188E+03 0.0000000000E+00 0.0000000000E+00 0.0000000000E+00
341500 7.034217E+03 3.6310775785E-03 3.6310775785E-03 3.6310775785E-03
342000 7.034246E+03 3.6310775785E-03 0.0000000000E+00 1.8155387892E-03
342500 7.034275E+03 2.0741305859E-03 2.0741305859E-03 2.0741305859E-03
343000 7.034304E+03 0.0000000000E+00 0.0000000000E+00 0.0000000000E+00
343500 7.034333E+03 0.0000000000E+00 0.0000000000E+00 0.0000000000E+00
344000 7.034361E+03 5.7052081644E-03 2.0741305859E-03 3.8896693751E-03
344500 7.034389E+03 0.0000000000E+00 0.0000000000E+00 0.0000000000E+00
345000 7.034417E+03 7.3524168934E-03 7.3524168934E-03 7.3524168934E-03
345500 7.034445E+03 0.0000000000E+00 0.0000000000E+00 0.0000000000E+00
346000 7.034474E+03 0.0000000000E+00 0.0000000000E+00 0.0000000000E+00
346500 7.034501E+03 2.0741305859E-03 2.0741305859E-03 2.0741305859E-03
347000 7.034529E+03 1.8533422770E-02 0.0000000000E+00 9.2667113852E-03
347500 7.034557E+03 2.0741305859E-03 0.0000000000E+00 1.0370652930E-03
348000 7.034585E+03 9.3940346771E-03 9.3940346771E-03 9.3940346771E-03
348500 7.034613E+03 0.0000000000E+00 0.0000000000E+00 0.0000000000E+00
349000 7.034641E+03 1.4998647195E-02 1.4998647195E-02 1.4998647195E-02
349500 7.034668E+03 0.0000000000E+00 0.0000000000E+00 0.0000000000E+00
350000 7.034697E+03 0.0000000000E+00 0.0000000000E+00 0.0000000000E+00
350500 7.034725E+03 2.9875220171E-02 3.0662567554E-02 3.0268893862E-02
351000 7.034753E+03 0.0000000000E+00 0.0000000000E+00 0.0000000000E+00
351500 7.034781E+03 4.9904496851E-03 0.0000000000E+00 2.4952248425E-03
352000 7.034808E+03 1.2833901848E-02 0.0000000000E+00 6.4169509240E-03
352500 7.034836E+03 2.0741305859E-03 0.0000000000E+00 1.0370652930E-03
353000 7.034864E+03 3.2625246180E-02 3.2625246180E-02 3.2625246180E-02
353500 7.034892E+03 2.0741305859E-03 0.0000000000E+00 1.0370652930E-03
354000 7.034920E+03 8.4062047330E-03 0.0000000000E+00 4.2031023665E-03
354500 7.034948E+03 9.4265474793E-03 9.4265474793E-03 9.4265474793E-03
355000 7.034975E+03 0.0000000000E+00 0.0000000000E+00 0.0000000000E+00
355500 7.035004E+03 3.6310775785E-03 3.6310775785E-03 3.6310775785E-03
356000 7.035032E+03 6.2201545415E-03 9.4265474793E-03 7.8233510104E-03
356500 7.035060E+03 0.0000000000E+00 0.0000000000E+00 0.0000000000E+00
357000 7.035089E+03 2.0741305859E-03 2.0741305859E-03 2.0741305859E-03
357500 7.035118E+03 0.0000000000E+00 0.0000000000E+00 0.0000000000E+00
358000 7.035146E+03 0.0000000000E+00 0.0000000000E+00 0.0000000000E+00
358500 7.035175E+03 0.0000000000E+00 0.0000000000E+00 0.0000000000E+00
359000 7.035204E+03 0.0000000000E+00 0.0000000000E+00 0.0000000000E+00
359500 7.035232E+03 0.0000000000E+00 0.0000000000E+00 0.0000000000E+00
360000 7.035261E+03 0.0000000000E+00 0.0000000000E+00 0.0000000000E+00
360500 7.035290E+03 0.0000000000E+00 0.0000000000E+00 0.0000000000E+00
361000 7.035319E+03 0.0000000000E+00 0.0000000000E+00 0.0000000000E+00
361500 7.035348E+03 0.0000000000E+00 0.0000000000E+00 0.0000000000E+00
362000 7.035376E+03 4.9904496851E-03 4.9904496851E-03 4.9904496851E-03
362500 7.035405E+03 0.0000000000E+00 0.0000000000E+00 0.0000000000E+00
363000 7.035434E+03 0.0000000000E+00 2.9191122788E-02 1.4595561394E-02
363500 7.035463E+03 2.2301915476E-02 2.2301915476E-02 2.2301915476E-02
364000 7.035492E+03 8.4062047330E-03 8.4062047330E-03 8.4062047330E-03
364500 7.035520E+03 0.0000000000E+00 0.0000000000E+00 0.0000000000E+00
365000 7.035548E+03 4.9904496851E-03 4.9904496851E-03 4.9904496851E-03
365500 7.035577E+03 2.4926356475E-02 0.0000000000E+00 1.2463178237E-02
366000 7.035605E+03 0.0000000000E+00 0.0000000000E+00 0.0000000000E+00
366500 7.035634E+03 0.0000000000E+00 0.0000000000E+00 0.0000000000E+00
367000 7.035662E+03 0.0000000000E+00 0.0000000000E+00 0.0000000000E+00
367500 7.035691E+03 0.0000000000E+00 2.0741305859E-03 1.0370652930E-03
368000 7.035721E+03 0.0000000000E+00 0.0000000000E+00 0.0000000000E+00
368500 7.035750E+03 0.0000000000E+00 3.2905888052E-02 1.6452944026E-02
369000 7.035780E+03 0.0000000000E+00 0.0000000000E+00 0.0000000000E+00
369500 7.035809E+03 0.0000000000E+00 0.0000000000E+00 0.0000000000E+00
370000 7.035839E+03 0.0000000000E+00 0.0000000000E+00 0.0000000000E+00
370500 7.035869E+03 0.0000000000E+00 0.0000000000E+00 0.0000000000E+00
371000 7.035899E+03 4.9904496851E-03 0.0000000000E+00 2.4952248425E-03
371500 7.035929E+03 0.0000000000E+00 0.0000000000E+00 0.0000000000E+00
372000 7.035958E+03 2.0741305859E-03 2.0741305859E-03 2.0741305859E-03
372500 7.035988E+03 0.0000000000E+00 0.0000000000E+00 0.0000000000E+00
373000 7.036018E+03 0.0000000000E+00 0.0000000000E+00 0.0000000000E+00
373500 7.036047E+03 0.0000000000E+00 0.0000000000E+00 0.0000000000E+00
374000 7.036077E+03 2.1218801737E-02 6.2201545415E-03 1.3719478139E-02
374500 7.036106E+03 0.0000000000E+00 0.0000000000E+00 0.0000000000E+00
375000 7.036135E+03 1.2833901848E-02 0.0000000000E+00 6.4169509240E-03
375500 7.036164E+03 0.0000000000E+00 0.0000000000E+00 0.0000000000E+00
376000 7.036193E+03 0.0000000000E+00 2.0741305859E-03 1.0370652930E-03
376500 7.036223E+03 0.0000000000E+00 0.0000000000E+00 0.0000000000E+00
377000 7.036252E+03 0.0000000000E+00 0.0000000000E+00 0.0000000000E+00
377500 7.036281E+03 0.0000000000E+00 0.0000000000E+00 0.0000000000E+00
378000 7.036310E+03 2.0741305859E-03 2.0741305859E-03 2.0741305859E-03
378500 7.036340E+03 4.9904496851E-03 4.9904496851E-03 4.9904496851E-03
379000 7.036369E+03 0.0000000000E+00 0.0000000000E+00 0.0000000000E+00
379500 7.036399E+03 0.0000000000E+00 0.0000000000E+00 0.0000000000E+00
380000 7.036428E+03 2.2301915476E-02 2.2301915476E-02 2.2301915476E-02
380500 7.036457E+03 0.0000000000E+00 0.0000000000E+00 0.0000000000E+00
381000 7.036487E+03 0.0000000000E+00 0.0000000000E+00 0.0000000000E+00
