     0 0.000000E+00  1.00000  0.00000
     0 2.423881E+02  1.00000  0.00000
  1000 7.006266E+03  1.00000  0.00000
  1250 7.006752E+03  1.00000  0.00000
  1500 7.006934E+03  1.00000  0.00000
  1750 7.007064E+03  1.00000  0.00000
  2000 7.007164E+03  1.00000  0.00000
  2250 7.007265E+03  1.00000  0.00000
  2500 7.007360E+03  1.00000  0.00000
  2750 7.007431E+03  1.00000  0.00000
  3000 7.007501E+03  1.00000  0.00000
  3250 7.007570E+03  1.00000  0.00000
  3500 7.007632E+03  1.00000  0.00000
  3750 7.007690E+03  1.00000  0.00000
  4000 7.007743E+03  1.00000  0.00000
  4250 7.007793E+03  1.00000  0.00000
  4500 7.007837E+03  1.00000  0.00000
  4750 7.007881E+03  1.00000  0.00000
  5000 7.007923E+03  1.00000  0.00000
  5250 7.007966E+03  1.00000  0.00000
  5500 7.008008E+03  1.00000  0.00000
  5750 7.008050E+03  1.00000  0.00000
  6000 7.008094E+03  1.00000  0.00000
  6250 7.008137E+03  1.00000  0.00000
  6500 7.008175E+03  1.00000  0.00000
  6750 7.008210E+03  1.00000  0.00000
  7000 7.008246E+03  1.00000  0.00000
  7250 7.008281E+03  1.00000  0.00000
  7500 7.008317E+03  1.00000  0.00000
  7750 7.008351E+03  1.00000  0.00000
  8000 7.008381E+03  1.00000  0.00000
  8250 7.008412E+03  1.00000  0.00000
  8500 7.008443E+03  1.00000  0.00000
  8750 7.008474E+03  1.00000  0.00000
  9000 7.008505E+03  1.00000  0.00000
  9250 7.008536E+03  1.00000  0.00000
  9500 7.008567E+03  1.00000  0.00000
  9750 7.008597E+03  1.00000  0.00000
 10000 7.008627E+03  1.00000  0.00000
 10500 7.008688E+03  1.00000  0.00000
 11000 7.008750E+03  1.00000  0.00000
 11500 7.008811E+03  1.00000  0.00000
 12000 7.008872E+03  1.00000  0.00000
 12500 7.008932E+03  1.00000  0.00000
 13000 7.008992E+03  1.00000  0.00000
 13500 7.009052E+03  1.00000  0.00000
 14000 7.009113E+03  1.00000  0.00000
 14500 7.009174E+03  1.00000  0.00000
 15000 7.009234E+03  1.00000  0.00000
 15500 7.009294E+03  1.00000  0.00000
 16000 7.009354E+03  1.00000  0.00000
 16500 7.009413E+03  1.00000  0.00000
 17000 7.009471E+03  1.00000  0.00000
 17500 7.009528E+03  1.00000  0.00000
 18000 7.009587E+03  1.00000  0.00000
 18500 7.009645E+03  1.00000  0.00000
 19000 7.009704E+03  1.00000  0.00000
 19500 7.009762E+03  1.00000  0.00000
 20000 7.009821E+03  1.00000  0.00000
 20500 7.009879E+03  1.00000  0.00000
 21000 7.009938E+03  1.00000  0.00000
 21500 7.009996E+03  1.00000  0.00000
 22000 7.010054E+03  1.00000  0.00000
 22500 7.010112E+03  1.00000  0.00000
 23000 7.010170E+03  1.00000  0.00000
 23500 7.010228E+03  1.00000  0.00000
 24000 7.010287E+03  1.00000  0.00000
 24500 7.010345E+03  1.00000  0.00000
 25000 7.010403E+03  1.00000  0.00000
 25500 7.010461E+03  1.00000  0.00000
 26000 7.010519E+03  1.00000  0.00000
 26500 7.010577E+03  1.00000  0.00000
 27000 7.010635E+03  1.00000  0.00000
 27500 7.010693E+03  1.00000  0.00000
 28000 7.010751E+03  1.00000  0.00000
 28500 7.010808E+03  1.00000  0.00000
 29000 7.010867E+03  1.00000  0.00000
 29500 7.010926E+03  1.00000  0.00000
 30000 7.010985E+03  1.00000  0.00000
 30500 7.011044E+03  1.00000  0.00000
 31000 7.011103E+03  1.00000  0.00000
 31500 7.011161E+03  1.00000  0.00000
 32000 7.011221E+03  1.00000  0.00000
 32500 7.011278E+03  1.00000  0.00000
 33000 7.011337E+03  1.00000  0.00000
 33500 7.011396E+03  1.00000  0.00000
 34000 7.011454E+03  1.00000  0.00000
 34500 7.011513E+03  1.00000  0.00000
 35000 7.011572E+03  1.00000  0.00000
 35500 7.011631E+03  1.00000  0.00000
 36000 7.011689E+03  1.00000  0.00000
 36500 7.011747E+03  1.00000  0.00000
 37000 7.011802E+03  1.00000  0.00000
 37500 7.011858E+03  1.00000  0.00000
 38000 7.011914E+03  1.00000  0.00000
 38500 7.011970E+03  1.00000  0.00000
 39000 7.012026E+03  1.00000  0.00000
 39500 7.012083E+03  1.00000  0.00000
 40000 7.012138E+03  1.00000  0.00000
 40500 7.012194E+03  1.00000  0.00000
 41000 7.012250E+03  1.00000  0.00000
 41500 7.012305E+03  1.00000  0.00000
 42000 7.012361E+03  1.00000  0.00000
 42500 7.012416E+03  1.00000  0.00000
 43000 7.012471E+03  1.00000  0.00000
 43500 7.012527E+03  1.00000  0.00000
 44000 7.012582E+03  1.00000  0.00000
 44500 7.012638E+03  1.00000  0.00000
 45000 7.012692E+03  1.00000  0.00000
 45500 7.012744E+03  1.00000  0.00000
 46000 7.012796E+03  1.00000  0.00000
 46500 7.012848E+03  1.00000  0.00000
 47000 7.012901E+03  1.00000  0.00000
 47500 7.012953E+03  1.00000  0.00000
 48000 7.013006E+03  1.00000  0.00000
 48500 7.013060E+03  1.00000  0.00000
 49000 7.013113E+03  1.00000  0.00000
 49500 7.013166E+03  1.00000  0.00000
 50000 7.013218E+03  1.00000  0.00000
 50500 7.013272E+03  1.00000  0.00000
 51000 7.013325E+03  1.00000  0.00000
 51500 7.013378E+03  1.00000  0.00000
 52000 7.013431E+03  1.00000  0.00000
 52500 7.013484E+03  1.00000  0.00000
 53000 7.013537E+03  1.00000  0.00000
 53500 7.013590E+03  1.00000  0.00000
 54000 7.013643E+03  1.00000  0.00000
 54500 7.013696E+03  1.00000  0.00000
 55000 7.013749E+03  1.00000  0.00000
 55500 7.013803E+03  1.00000  0.00000
 56000 7.013856E+03  1.00000  0.00000
 56500 7.013907E+03  1.00000  0.00000
 57000 7.013959E+03  1.00000  0.00000
 57500 7.014010E+03  1.00000  0.00000
 58000 7.014058E+03  1.00000  0.00000
 58500 7.014105E+03  1.00000  0.00000
 59000 7.014152E+03  1.00000  0.00000
 59500 7.014200E+03  1.00000  0.00000
 60000 7.014247E+03  1.00000  0.00000
 60500 7.014293E+03  1.00000  0.00000
 61000 7.014340E+03  1.00000  0.00000
 61500 7.014385E+03  1.00000  0.00000
 62000 7.014431E+03  1.00000  0.00000
 62500 7.014477E+03  1.00000  0.00000
 63000 7.014523E+03  1.00000  0.00000
 63500 7.014569E+03  1.00000  0.00000
 64000 7.014614E+03  1.00000  0.00000
 64500 7.014660E+03  1.00000  0.00000
 65000 7.014705E+03  1.00000  0.00000
 65500 7.014750E+03  1.00000  0.00000
 66000 7.014796E+03  1.00000  0.00000
 66500 7.014841E+03  1.00000  0.00000
 67000 7.014886E+03  1.00000  0.00000
 67500 7.014932E+03  1.00000  0.00000
 68000 7.014978E+03  1.00000  0.00000
 68500 7.015024E+03  1.00000  0.00000
 69000 7.015071E+03  1.00000  0.00000
 69500 7.015117E+03  1.00000  0.00000
 70000 7.015163E+03  1.00000  0.00000
 70500 7.015209E+03  1.00000  0.00000
 71000 7.015256E+03  1.00000  0.00000
 71500 7.015302E+03  1.00000  0.00000
 72000 7.015349E+03  1.00000  0.00000
 72500 7.015395E+03  1.00000  0.00000
 73000 7.015443E+03  1.00000  0.00000
 73500 7.015490E+03  1.00000  0.00000
 74000 7.015536E+03  1.00000  0.00000
 74500 7.015582E+03  1.00000  0.00000
 75000 7.015629E+03  1.00000  0.00000
 75500 7.015676E+03  1.00000  0.00000
 76000 7.015723E+03  1.00000  0.00000
 76500 7.015770E+03  1.00000  0.00000
 77000 7.015817E+03  1.00000  0.00000
 77500 7.015864E+03  1.00000  0.00000
 78000 7.015911E+03  1.00000  0.00000
 78500 7.015958E+03  1.00000  0.00000
 79000 7.016005E+03  1.00000  0.00000
 79500 7.016052E+03  1.00000  0.00000
 80000 7.016100E+03  1.00000  0.00000
 80500 7.016146E+03  1.00000  0.00000
 81000 7.016193E+03  1.00000  0.00000
 81500 7.016240E+03  1.00000  0.00000
 82000 7.016288E+03  1.00000  0.00000
 82500 7.016335E+03  1.00000  0.00000
 83000 7.016381E+03  1.00000  0.00000
 83500 7.016428E+03  1.00000  0.00000
 84000 7.016474E+03  1.00000  0.00000
 84500 7.016522E+03  1.00000  0.00000
 85000 7.016569E+03  1.00000  0.00000
 85500 7.016616E+03  1.00000  0.00000
 86000 7.016662E+03  1.00000  0.00000
 86500 7.016709E+03  1.00000  0.00000
 87000 7.016755E+03  1.00000  0.00000
 87500 7.016801E+03  1.00000  0.00000
 88000 7.016848E+03  1.00000  0.00000
 88500 7.016895E+03  1.00000  0.00000
 89000 7.016943E+03  1.00000  0.00000
 89500 7.016992E+03  1.00000  0.00000
 90000 7.017040E+03  1.00000  0.00000
 90500 7.017088E+03  1.00000  0.00000
 91000 7.017137E+03  1.00000  0.00000
 91500 7.017184E+03  1.00000  0.00000
 92000 7.017231E+03  1.00000  0.00000
 92500 7.017278E+03  1.00000  0.00000
 93000 7.017324E+03  1.00000  0.00000
 93500 7.017371E+03  1.00000  0.00000
 94000 7.017417E+03  1.00000  0.00000
 94500 7.017464E+03  1.00000  0.00000
 95000 7.017510E+03  1.00000  0.00000
 95500 7.017556E+03  1.00000  0.00000
 96000 7.017602E+03  1.00000  0.00000
 96500 7.017649E+03  1.00000  0.00000
 97000 7.017695E+03  1.00000  0.00000
 97500 7.017742E+03  1.00000  0.00000
 98000 7.017788E+03  1.00000  0.00000
 98500 7.017834E+03  1.00000  0.00000
 99000 7.017880E+03  1.00000  0.00000
 99500 7.017927E+03  1.00000  0.00000
100000 7.017973E+03  1.00000  0.00000
100500 7.018020E+03  1.00000  0.00000
101000 7.018067E+03  1.00000  0.00000
101500 7.018113E+03  1.00000  0.00000
102000 7.018160E+03  1.00000  0.00000
102500 7.018205E+03  1.00000  0.00000
103000 7.018248E+03  1.00000  0.00000
103500 7.018292E+03  1.00000  0.00000
104000 7.018335E+03  1.00000  0.00000
104500 7.018379E+03  1.00000  0.00000
105000 7.018422E+03  1.00000  0.00000
105500 7.018466E+03  1.00000  0.00000
106000 7.018509E+03  1.00000  0.00000
106500 7.018552E+03  1.00000  0.00000
107000 7.018595E+03  1.00000  0.00000
107500 7.018638E+03  1.00000  0.00000
108000 7.018681E+03  1.00000  0.00000
108500 7.018726E+03  1.00000  0.00000
109000 7.018770E+03  1.00000  0.00000
109500 7.018814E+03  1.00000  0.00000
110000 7.018858E+03  1.00000  0.00000
110500 7.018900E+03  1.00000  0.00000
111000 7.018943E+03  1.00000  0.00000
111500 7.018986E+03  1.00000  0.00000
112000 7.019029E+03  1.00000  0.00000
112500 7.019072E+03  1.00000  0.00000
113000 7.019115E+03  1.00000  0.00000
113500 7.019159E+03  1.00000  0.00000
114000 7.019202E+03  1.00000  0.00000
114500 7.019244E+03  1.00000  0.00000
115000 7.019288E+03  1.00000  0.00000
115500 7.019331E+03  1.00000  0.00000
116000 7.019375E+03  1.00000  0.00000
116500 7.019418E+03  1.00000  0.00000
117000 7.019461E+03  1.00000  0.00000
117500 7.019503E+03  1.00000  0.00000
118000 7.019546E+03  1.00000  0.00000
118500 7.019590E+03  1.00000  0.00000
119000 7.019631E+03  1.00000  0.00000
119500 7.019672E+03  1.00000  0.00000
120000 7.019714E+03  1.00000  0.00000
120500 7.019755E+03  1.00000  0.00000
121000 7.019796E+03  1.00000  0.00000
121500 7.019837E+03  1.00000  0.00000
122000 7.019879E+03  1.00000  0.00000
122500 7.019920E+03  1.00000  0.00000
123000 7.019962E+03  1.00000  0.00000
123500 7.020004E+03  1.00000  0.00000
124000 7.020046E+03  1.00000  0.00000
124500 7.020087E+03  1.00000  0.00000
125000 7.020129E+03  1.00000  0.00000
125500 7.020170E+03  1.00000  0.00000
126000 7.020212E+03  1.00000  0.00000
126500 7.020253E+03  1.00000  0.00000
127000 7.020295E+03  1.00000  0.00000
127500 7.020336E+03  1.00000  0.00000
128000 7.020378E+03  1.00000  0.00000
128500 7.020419E+03  1.00000  0.00000
129000 7.020461E+03  1.00000  0.00000
129500 7.020502E+03  1.00000  0.00000
130000 7.020544E+03  1.00000  0.00000
130500 7.020586E+03  1.00000  0.00000
131000 7.020628E+03  1.00000  0.00000
131500 7.020670E+03  1.00000  0.00000
132000 7.020712E+03  1.00000  0.00000
132500 7.020754E+03  1.00000  0.00000
133000 7.020795E+03  1.00000  0.00000
133500 7.020837E+03  1.00000  0.00000
134000 7.020878E+03  1.00000  0.00000
134500 7.020919E+03  1.00000  0.00000
135000 7.020961E+03  1.00000  0.00000
135500 7.021002E+03  1.00000  0.00000
136000 7.021045E+03  1.00000  0.00000
136500 7.021086E+03  1.00000  0.00000
137000 7.021128E+03  1.00000  0.00000
137500 7.021170E+03  1.00000  0.00000
138000 7.021212E+03  1.00000  0.00000
138500 7.021254E+03  1.00000  0.00000
139000 7.021296E+03  1.00000  0.00000
139500 7.021338E+03  1.00000  0.00000
140000 7.021380E+03  1.00000  0.00000
140500 7.021422E+03  1.00000  0.00000
141000 7.021463E+03  1.00000  0.00000
141500 7.021505E+03  1.00000  0.00000
142000 7.021546E+03  1.00000  0.00000
142500 7.021587E+03  1.00000  0.00000
143000 7.021629E+03  1.00000  0.00000
143500 7.021670E+03  1.00000  0.00000
144000 7.021712E+03  1.00000  0.00000
144500 7.021753E+03  1.00000  0.00000
145000 7.021794E+03  1.00000  0.00000
145500 7.021835E+03  1.00000  0.00000
146000 7.021877E+03  1.00000  0.00000
146500 7.021919E+03  1.00000  0.00000
147000 7.021959E+03  1.00000  0.00000
147500 7.022001E+03  1.00000  0.00000
148000 7.022043E+03  1.00000  0.00000
148500 7.022086E+03  1.00000  0.00000
149000 7.022129E+03  1.00000  0.00000
149500 7.022171E+03  1.00000  0.00000
150000 7.022213E+03  1.00000  0.00000
150500 7.022253E+03  1.00000  0.00000
151000 7.022294E+03  1.00000  0.00000
151500 7.022334E+03  1.00000  0.00000
152000 7.022374E+03  1.00000  0.00000
152500 7.022415E+03  1.00000  0.00000
153000 7.022456E+03  1.00000  0.00000
153500 7.022497E+03  1.00000  0.00000
154000 7.022538E+03  1.00000  0.00000
154500 7.022579E+03  1.00000  0.00000
155000 7.022620E+03  1.00000  0.00000
155500 7.022661E+03  1.00000  0.00000
156000 7.022702E+03  1.00000  0.00000
156500 7.022744E+03  1.00000  0.00000
157000 7.022785E+03  1.00000  0.00000
157500 7.022826E+03  1.00000  0.00000
158000 7.022867E+03  1.00000  0.00000
158500 7.022909E+03  1.00000  0.00000
159000 7.022950E+03  1.00000  0.00000
159500 7.022992E+03  1.00000  0.00000
160000 7.023034E+03  1.00000  0.00000
160500 7.023075E+03  1.00000  0.00000
161000 7.023117E+03  1.00000  0.00000
161500 7.023158E+03  1.00000  0.00000
162000 7.023200E+03  1.00000  0.00000
162500 7.023241E+03  1.00000  0.00000
163000 7.023283E+03  1.00000  0.00000
163500 7.023325E+03  1.00000  0.00000
164000 7.023367E+03  1.00000  0.00000
164500 7.023407E+03  1.00000  0.00000
165000 7.023448E+03  1.00000  0.00000
165500 7.023488E+03  1.00000  0.00000
166000 7.023530E+03  1.00000  0.00000
166500 7.023572E+03  1.00000  0.00000
167000 7.023613E+03  1.00000  0.00000
167500 7.023653E+03  1.00000  0.00000
168000 7.023694E+03  1.00000  0.00000
168500 7.023736E+03  1.00000  0.00000
169000 7.023776E+03  1.00000  0.00000
169500 7.023817E+03  1.00000  0.00000
170000 7.023858E+03  1.00000  0.00000
170500 7.023898E+03  1.00000  0.00000
171000 7.023938E+03  1.00000  0.00000
171500 7.023978E+03  1.00000  0.00000
172000 7.024014E+03  1.00000  0.00000
172500 7.024050E+03  1.00000  0.00000
173000 7.024085E+03  1.00000  0.00000
173500 7.024120E+03  1.00000  0.00000
174000 7.024156E+03  1.00000  0.00000
174500 7.024192E+03  1.00000  0.00000
175000 7.024228E+03  1.00000  0.00000
175500 7.024263E+03  1.00000  0.00000
176000 7.024299E+03  1.00000  0.00000
176500 7.024333E+03  1.00000  0.00000
177000 7.024368E+03  1.00000  0.00000
177500 7.024402E+03  1.00000  0.00000
178000 7.024436E+03  1.00000  0.00000
178500 7.024471E+03  1.00000  0.00000
179000 7.024505E+03  1.00000  0.00000
179500 7.024540E+03  1.00000  0.00000
180000 7.024574E+03  1.00000  0.00000
180500 7.024609E+03  1.00000  0.00000
181000 7.024645E+03  1.00000  0.00000
181500 7.024680E+03  1.00000  0.00000
182000 7.024715E+03  1.00000  0.00000
182500 7.024749E+03  1.00000  0.00000
183000 7.024783E+03  1.00000  0.00000
183500 7.024818E+03  1.00000  0.00000
184000 7.024852E+03  1.00000  0.00000
184500 7.024887E+03  1.00000  0.00000
185000 7.024921E+03  1.00000  0.00000
185500 7.024955E+03  1.00000  0.00000
186000 7.024988E+03  1.00000  0.00000
186500 7.025020E+03  1.00000  0.00000
187000 7.025053E+03  1.00000  0.00000
187500 7.025086E+03  1.00000  0.00000
188000 7.025119E+03  1.00000  0.00000
188500 7.025151E+03  1.00000  0.00000
189000 7.025184E+03  1.00000  0.00000
189500 7.025218E+03  1.00000  0.00000
190000 7.025250E+03  1.00000  0.00000
190500 7.025283E+03  1.00000  0.00000
191000 7.025315E+03  1.00000  0.00000
191500 7.025348E+03  1.00000  0.00000
192000 7.025379E+03  1.00000  0.00000
192500 7.025411E+03  1.00000  0.00000
193000 7.025444E+03  1.00000  0.00000
193500 7.025476E+03  1.00000  0.00000
194000 7.025508E+03  1.00000  0.00000
194500 7.025539E+03  1.00000  0.00000
195000 7.025571E+03  1.00000  0.00000
195500 7.025603E+03  1.00000  0.00000
196000 7.025634E+03  1.00000  0.00000
196500 7.025666E+03  1.00000  0.00000
197000 7.025697E+03  1.00000  0.00000
197500 7.025729E+03  1.00000  0.00000
198000 7.025761E+03  1.00000  0.00000
198500 7.025792E+03  1.00000  0.00000
199000 7.025824E+03  1.00000  0.00000
199500 7.025855E+03  1.00000  0.00000
200000 7.025887E+03  1.00000  0.00000
200500 7.025919E+03  1.00000  0.00000
201000 7.025951E+03  1.00000  0.00000
201500 7.025983E+03  1.00000  0.00000
202000 7.026015E+03  1.00000  0.00000
202500 7.026047E+03  1.00000  0.00000
203000 7.026079E+03  1.00000  0.00000
203500 7.026111E+03  1.00000  0.00000
204000 7.026143E+03  1.00000  0.00000
204500 7.026175E+03  1.00000  0.00000
205000 7.026207E+03  1.00000  0.00000
205500 7.026239E+03  1.00000  0.00000
206000 7.026271E+03  1.00000  0.00000
206500 7.026303E+03  1.00000  0.00000
207000 7.026335E+03  1.00000  0.00000
207500 7.026367E+03  1.00000  0.00000
208000 7.026399E+03  1.00000  0.00000
208500 7.026431E+03  1.00000  0.00000
209000 7.026463E+03  1.00000  0.00000
209500 7.026494E+03  1.00000  0.00000
210000 7.026525E+03  1.00000  0.00000
210500 7.026556E+03  1.00000  0.00000
211000 7.026587E+03  1.00000  0.00000
211500 7.026617E+03  1.00000  0.00000
212000 7.026647E+03  1.00000  0.00000
212500 7.026678E+03  1.00000  0.00000
213000 7.026708E+03  1.00000  0.00000
213500 7.026739E+03  1.00000  0.00000
214000 7.026769E+03  1.00000  0.00000
214500 7.026800E+03  1.00000  0.00000
215000 7.026832E+03  1.00000  0.00000
215500 7.026864E+03  1.00000  0.00000
216000 7.026896E+03  1.00000  0.00000
216500 7.026928E+03  1.00000  0.00000
217000 7.026960E+03  1.00000  0.00000
217500 7.026992E+03  1.00000  0.00000
218000 7.027024E+03  1.00000  0.00000
218500 7.027055E+03  1.00000  0.00000
219000 7.027088E+03  1.00000  0.00000
219500 7.027120E+03  1.00000  0.00000
220000 7.027151E+03  1.00000  0.00000
220500 7.027183E+03  1.00000  0.00000
221000 7.027213E+03  1.00000  0.00000
221500 7.027244E+03  1.00000  0.00000
222000 7.027275E+03  1.00000  0.00000
222500 7.027307E+03  1.00000  0.00000
223000 7.027338E+03  1.00000  0.00000
223500 7.027370E+03  1.00000  0.00000
224000 7.027402E+03  1.00000  0.00000
224500 7.027434E+03  1.00000  0.00000
225000 7.027466E+03  1.00000  0.00000
225500 7.027498E+03  1.00000  0.00000
226000 7.027530E+03  1.00000  0.00000
226500 7.027562E+03  1.00000  0.00000
227000 7.027594E+03  1.00000  0.00000
227500 7.027627E+03  1.00000  0.00000
228000 7.027658E+03  1.00000  0.00000
228500 7.027690E+03  1.00000  0.00000
229000 7.027724E+03  1.00000  0.00000
229500 7.027756E+03  1.00000  0.00000
230000 7.027788E+03  1.00000  0.00000
230500 7.027819E+03  1.00000  0.00000
231000 7.027849E+03  1.00000  0.00000
231500 7.027880E+03  1.00000  0.00000
232000 7.027910E+03  1.00000  0.00000
232500 7.027940E+03  1.00000  0.00000
233000 7.027970E+03  1.00000  0.00000
233500 7.028000E+03  1.00000  0.00000
234000 7.028030E+03  1.00000  0.00000
234500 7.028060E+03  1.00000  0.00000
235000 7.028090E+03  1.00000  0.00000
235500 7.028120E+03  1.00000  0.00000
236000 7.028150E+03  1.00000  0.00000
236500 7.028180E+03  1.00000  0.00000
237000 7.028211E+03  1.00000  0.00000
237500 7.028241E+03  1.00000  0.00000
238000 7.028271E+03  1.00000  0.00000
238500 7.028299E+03  1.00000  0.00000
239000 7.028328E+03  1.00000  0.00000
239500 7.028358E+03  1.00000  0.00000
240000 7.028387E+03  1.00000  0.00000
240500 7.028416E+03  1.00000  0.00000
241000 7.028445E+03  1.00000  0.00000
241500 7.028474E+03  1.00000  0.00000
242000 7.028503E+03  1.00000  0.00000
242500 7.028531E+03  1.00000  0.00000
243000 7.028560E+03  1.00000  0.00000
243500 7.028589E+03  1.00000  0.00000
244000 7.028617E+03  1.00000  0.00000
244500 7.028646E+03  1.00000  0.00000
245000 7.028675E+03  1.00000  0.00000
245500 7.028704E+03  1.00000  0.00000
246000 7.028733E+03  1.00000  0.00000
246500 7.028762E+03  1.00000  0.00000
247000 7.028791E+03  1.00000  0.00000
247500 7.028819E+03  1.00000  0.00000
248000 7.028848E+03  1.00000  0.00000
248500 7.028877E+03  1.00000  0.00000
249000 7.028906E+03  1.00000  0.00000
249500 7.028934E+03  1.00000  0.00000
250000 7.028963E+03  1.00000  0.00000
250500 7.028991E+03  1.00000  0.00000
251000 7.029019E+03  1.00000  0.00000
251500 7.029047E+03  1.00000  0.00000
252000 7.029075E+03  1.00000  0.00000
252500 7.029104E+03  1.00000  0.00000
253000 7.029132E+03  1.00000  0.00000
253500 7.029161E+03  1.00000  0.00000
254000 7.029190E+03  1.00000  0.00000
254500 7.029220E+03  1.00000  0.00000
255000 7.029249E+03  1.00000  0.00000
255500 7.029278E+03  1.00000  0.00000
256000 7.029307E+03  1.00000  0.00000
256500 7.029337E+03  1.00000  0.00000
257000 7.029366E+03  1.00000  0.00000
257500 7.029395E+03  1.00000  0.00000
258000 7.029424E+03  1.00000  0.00000
258500 7.029453E+03  1.00000  0.00000
259000 7.029482E+03  1.00000  0.00000
259500 7.029512E+03  1.00000  0.00000
260000 7.029541E+03  1.00000  0.00000
260500 7.029570E+03  1.00000  0.00000
261000 7.029599E+03  1.00000  0.00000
261500 7.029628E+03  1.00000  0.00000
262000 7.029657E+03  1.00000  0.00000
262500 7.029685E+03  1.00000  0.00000
263000 7.029714E+03  1.00000  0.00000
263500 7.029743E+03  1.00000  0.00000
264000 7.029772E+03  1.00000  0.00000
264500 7.029801E+03  1.00000  0.00000
265000 7.029830E+03  1.00000  0.00000
265500 7.029860E+03  1.00000  0.00000
266000 7.029889E+03  1.00000  0.00000
266500 7.029918E+03  1.00000  0.00000
267000 7.029947E+03  1.00000  0.00000
267500 7.029975E+03  1.00000  0.00000
268000 7.030004E+03  1.00000  0.00000
268500 7.030033E+03  1.00000  0.00000
269000 7.030062E+03  1.00000  0.00000
269500 7.030091E+03  1.00000  0.00000
270000 7.030121E+03  1.00000  0.00000
270500 7.030150E+03  1.00000  0.00000
271000 7.030178E+03  1.00000  0.00000
271500 7.030207E+03  1.00000  0.00000
272000 7.030236E+03  1.00000  0.00000
272500 7.030266E+03  1.00000  0.00000
273000 7.030296E+03  1.00000  0.00000
273500 7.030326E+03  1.00000  0.00000
274000 7.030355E+03  1.00000  0.00000
274500 7.030385E+03  1.00000  0.00000
275000 7.030414E+03  1.00000  0.00000
275500 7.030443E+03  1.00000  0.00000
276000 7.030473E+03  1.00000  0.00000
276500 7.030502E+03  1.00000  0.00000
277000 7.030531E+03  1.00000  0.00000
277500 7.030560E+03  1.00000  0.00000
278000 7.030588E+03  1.00000  0.00000
278500 7.030617E+03  1.00000  0.00000
279000 7.030646E+03  1.00000  0.00000
279500 7.030675E+03  1.00000  0.00000
280000 7.030704E+03  1.00000  0.00000
280500 7.030733E+03  1.00000  0.00000
281000 7.030761E+03  1.00000  0.00000
281500 7.030791E+03  1.00000  0.00000
282000 7.030820E+03  1.00000  0.00000
282500 7.030850E+03  1.00000  0.00000
283000 7.030880E+03  1.00000  0.00000
283500 7.030909E+03  1.00000  0.00000
284000 7.030939E+03  1.00000  0.00000
284500 7.030970E+03  1.00000  0.00000
285000 7.031000E+03  1.00000  0.00000
285500 7.031030E+03  1.00000  0.00000
286000 7.031060E+03  1.00000  0.00000
286500 7.031090E+03  1.00000  0.00000
287000 7.031120E+03  1.00000  0.00000
287500 7.031150E+03  1.00000  0.00000
288000 7.031180E+03  1.00000  0.00000
288500 7.031209E+03  1.00000  0.00000
289000 7.031239E+03  1.00000  0.00000
289500 7.031267E+03  1.00000  0.00000
290000 7.031296E+03  1.00000  0.00000
290500 7.031324E+03  1.00000  0.00000
291000 7.031352E+03  1.00000  0.00000
291500 7.031381E+03  1.00000  0.00000
292000 7.031409E+03  1.00000  0.00000
292500 7.031437E+03  1.00000  0.00000
293000 7.031465E+03  1.00000  0.00000
293500 7.031493E+03  1.00000  0.00000
294000 7.031521E+03  1.00000  0.00000
294500 7.031549E+03  1.00000  0.00000
295000 7.031577E+03  1.00000  0.00000
295500 7.031605E+03  1.00000  0.00000
296000 7.031633E+03  1.00000  0.00000
296500 7.031661E+03  1.00000  0.00000
297000 7.031688E+03  1.00000  0.00000
297500 7.031716E+03  1.00000  0.00000
298000 7.031743E+03  1.00000  0.00000
298500 7.031771E+03  1.00000  0.00000
299000 7.031799E+03  1.00000  0.00000
299500 7.031826E+03  1.00000  0.00000
300000 7.031854E+03  1.00000  0.00000
300500 7.031883E+03  1.00000  0.00000
301000 7.031910E+03  1.00000  0.00000
301500 7.031938E+03  1.00000  0.00000
302000 7.031966E+03  1.00000  0.00000
302500 7.031994E+03  1.00000  0.00000
303000 7.032022E+03  1.00000  0.00000
303500 7.032050E+03  1.00000  0.00000
304000 7.032078E+03  1.00000  0.00000
304500 7.032106E+03  1.00000  0.00000
305000 7.032133E+03  1.00000  0.00000
305500 7.032162E+03  1.00000  0.00000
306000 7.032189E+03  1.00000  0.00000
306500 7.032218E+03  1.00000  0.00000
307000 7.032246E+03  1.00000  0.00000
307500 7.032274E+03  1.00000  0.00000
308000 7.032303E+03  1.00000  0.00000
308500 7.032332E+03  1.00000  0.00000
309000 7.032360E+03  1.00000  0.00000
309500 7.032387E+03  1.00000  0.00000
310000 7.032416E+03  1.00000  0.00000
310500 7.032443E+03  1.00000  0.00000
311000 7.032471E+03  1.00000  0.00000
311500 7.032499E+03  1.00000  0.00000
312000 7.032527E+03  1.00000  0.00000
312500 7.032555E+03  1.00000  0.00000
313000 7.032583E+03  1.00000  0.00000
313500 7.032611E+03  1.00000  0.00000
314000 7.032638E+03  1.00000  0.00000
314500 7.032667E+03  1.00000  0.00000
315000 7.032695E+03  1.00000  0.00000
315500 7.032724E+03  1.00000  0.00000
316000 7.032752E+03  1.00000  0.00000
316500 7.032780E+03  1.00000  0.00000
317000 7.032808E+03  1.00000  0.00000
317500 7.032837E+03  1.00000  0.00000
318000 7.032865E+03  1.00000  0.00000
318500 7.032893E+03  1.00000  0.00000
319000 7.032922E+03  1.00000  0.00000
319500 7.032950E+03  1.00000  0.00000
320000 7.032979E+03  1.00000  0.00000
320500 7.033007E+03  1.00000  0.00000
321000 7.033036E+03  1.00000  0.00000
321500 7.033064E+03  1.00000  0.00000
322000 7.033093E+03  1.00000  0.00000
322500 7.033121E+03  1.00000  0.00000
323000 7.033149E+03  1.00000  0.00000
323500 7.033178E+03  1.00000  0.00000
324000 7.033207E+03  1.00000  0.00000
324500 7.033236E+03  1.00000  0.00000
325000 7.033265E+03  1.00000  0.00000
325500 7.033293E+03  1.00000  0.00000
326000 7.033321E+03  1.00000  0.00000
326500 7.033349E+03  1.00000  0.00000
327000 7.033377E+03  1.00000  0.00000
327500 7.033406E+03  1.00000  0.00000
328000 7.033434E+03  1.00000  0.00000
328500 7.033462E+03  1.00000  0.00000
329000 7.033490E+03  1.00000  0.00000
329500 7.033519E+03  1.00000  0.00000
330000 7.033548E+03  1.00000  0.00000
330500 7.033577E+03  1.00000  0.00000
331000 7.033606E+03  1.00000  0.00000
331500 7.033635E+03  1.00000  0.00000
332000 7.033665E+03  1.00000  0.00000
332500 7.033694E+03  1.00000  0.00000
333000 7.033722E+03  1.00000  0.00000
333500 7.033751E+03  1.00000  0.00000
334000 7.033781E+03  1.00000  0.00000
334500 7.033809E+03  1.00000  0.00000
335000 7.033838E+03  1.00000  0.00000
335500 7.033867E+03  1.00000  0.00000
336000 7.033896E+03  1.00000  0.00000
336500 7.033926E+03  1.00000  0.00000
337000 7.033955E+03  1.00000  0.00000
337500 7.033984E+03  1.00000  0.00000
338000 7.034013E+03  1.00000  0.00000
338500 7.034043E+03  1.00000  0.00000
339000 7.034072E+03  1.00000  0.00000
339500 7.034101E+03  1.00000  0.00000
340000 7.034130E+03  1.00000  0.00000
340500 7.034159E+03  1.00000  0.00000
341000 7.034188E+03  1.00000  0.00000
341500 7.034217E+03  1.00000  0.00000
342000 7.034246E+03  1.00000  0.00000
342500 7.034275E+03  1.00000  0.00000
343000 7.034304E+03  1.00000  0.00000
343500 7.034333E+03  1.00000  0.00000
344000 7.034361E+03  1.00000  0.00000
344500 7.034389E+03  1.00000  0.00000
345000 7.034417E+03  1.00000  0.00000
345500 7.034445E+03  1.00000  0.00000
346000 7.034474E+03  1.00000  0.00000
346500 7.034501E+03  1.00000  0.00000
347000 7.034529E+03  1.00000  0.00000
347500 7.034557E+03  1.00000  0.00000
348000 7.034585E+03  1.00000  0.00000
348500 7.034613E+03  1.00000  0.00000
349000 7.034641E+03  1.00000  0.00000
349500 7.034668E+03  1.00000  0.00000
350000 7.034697E+03  1.00000  0.00000
350500 7.034725E+03  1.00000  0.00000
351000 7.034753E+03  1.00000  0.00000
351500 7.034781E+03  1.00000  0.00000
352000 7.034808E+03  1.00000  0.00000
352500 7.034836E+03  1.00000  0.00000
353000 7.034864E+03  1.00000  0.00000
353500 7.034892E+03  1.00000  0.00000
354000 7.034920E+03  1.00000  0.00000
354500 7.034948E+03  1.00000  0.00000
355000 7.034975E+03  1.00000  0.00000
355500 7.035004E+03  1.00000  0.00000
356000 7.035032E+03  1.00000  0.00000
356500 7.035060E+03  1.00000  0.00000
357000 7.035089E+03  1.00000  0.00000
357500 7.035118E+03  1.00000  0.00000
358000 7.035146E+03  1.00000  0.00000
358500 7.035175E+03  1.00000  0.00000
359000 7.035204E+03  1.00000  0.00000
359500 7.035232E+03  1.00000  0.00000
360000 7.035261E+03  1.00000  0.00000
360500 7.035290E+03  1.00000  0.00000
361000 7.035319E+03  1.00000  0.00000
361500 7.035348E+03  1.00000  0.00000
362000 7.035376E+03  1.00000  0.00000
362500 7.035405E+03  1.00000  0.00000
363000 7.035434E+03  1.00000  0.00000
363500 7.035463E+03  1.00000  0.00000
364000 7.035492E+03  1.00000  0.00000
364500 7.035520E+03  1.00000  0.00000
365000 7.035548E+03  1.00000  0.00000
365500 7.035577E+03  1.00000  0.00000
366000 7.035605E+03  1.00000  0.00000
366500 7.035634E+03  1.00000  0.00000
367000 7.035662E+03  1.00000  0.00000
367500 7.035691E+03  1.00000  0.00000
368000 7.035721E+03  1.00000  0.00000
368500 7.035750E+03  1.00000  0.00000
369000 7.035780E+03  1.00000  0.00000
369500 7.035809E+03  1.00000  0.00000
370000 7.035839E+03  1.00000  0.00000
370500 7.035869E+03  1.00000  0.00000
371000 7.035899E+03  1.00000  0.00000
371500 7.035929E+03  1.00000  0.00000
372000 7.035958E+03  1.00000  0.00000
372500 7.035988E+03  1.00000  0.00000
373000 7.036018E+03  1.00000  0.00000
373500 7.036047E+03  1.00000  0.00000
374000 7.036077E+03  1.00000  0.00000
374500 7.036106E+03  1.00000  0.00000
375000 7.036135E+03  1.00000  0.00000
375500 7.036164E+03  1.00000  0.00000
376000 7.036193E+03  1.00000  0.00000
376500 7.036223E+03  1.00000  0.00000
377000 7.036252E+03  1.00000  0.00000
377500 7.036281E+03  1.00000  0.00000
378000 7.036310E+03  1.00000  0.00000
378500 7.036340E+03  1.00000  0.00000
379000 7.036369E+03  1.00000  0.00000
379500 7.036399E+03  1.00000  0.00000
380000 7.036428E+03  1.00000  0.00000
380500 7.036457E+03  1.00000  0.00000
381000 7.036487E+03  1.00000  0.00000
