0 0.000000E+00 9.932121E-01 8.898107E-01 1.672917E-08 1.668863E-08 9.932136E-02 8.898109E-02 9.006798E-01 9.110186E-01
0 2.423881E+02 9.932098E-01 8.898268E-01 1.056234E-06 1.051159E-06 9.924783E-02 8.905233E-02 9.007533E-01 9.109473E-01
1000 7.006266E+03 7.677019E-01 9.614094E-01 2.503392E-02 1.557259E-02 1.088542E-01 1.529175E-01 8.911461E-01 8.470826E-01
1250 7.006752E+03 7.369629E-01 9.262019E-01 6.107780E-02 4.316798E-02 1.120823E-01 1.379265E-01 8.879175E-01 8.620730E-01
1500 7.006934E+03 7.281255E-01 8.986149E-01 9.367266E-02 7.173219E-02 1.221091E-01 1.298289E-01 8.778906E-01 8.701707E-01
1750 7.007064E+03 7.029874E-01 8.808377E-01 1.297493E-01 9.929489E-02 1.175191E-01 1.303847E-01 8.824810E-01 8.696155E-01
2000 7.007164E+03 7.014252E-01 8.822461E-01 1.313486E-01 9.790490E-02 1.158012E-01 1.323971E-01 8.841987E-01 8.676024E-01
2250 7.007265E+03 7.110386E-01 8.727798E-01 1.199692E-01 1.070390E-01 1.242962E-01 1.165031E-01 8.757041E-01 8.834965E-01
2500 7.007360E+03 4.197848E-01 8.168000E-01 2.288966E-01 1.640884E-01 9.575059E-02 1.054341E-01 9.042501E-01 8.945665E-01
2750 7.007431E+03 4.188256E-01 8.152444E-01 2.268448E-01 1.655291E-01 9.487071E-02 1.024239E-01 9.051296E-01 8.975765E-01
3000 7.007501E+03 4.162976E-01 8.161210E-01 2.290957E-01 1.644957E-01 9.287590E-02 1.024196E-01 9.071241E-01 8.975803E-01
3250 7.007570E+03 4.197786E-01 8.113316E-01 2.284663E-01 1.695634E-01 9.601240E-02 1.045435E-01 9.039875E-01 8.954563E-01
3500 7.007632E+03 3.132278E-01 7.807697E-01 2.779404E-01 1.978800E-01 8.402304E-02 9.420586E-02 9.159767E-01 9.057936E-01
3750 7.007690E+03 3.037979E-01 7.899007E-01 2.987894E-01 1.888682E-01 7.661088E-02 1.061137E-01 9.233883E-01 8.938852E-01
4000 7.007743E+03 2.974189E-01 7.680633E-01 3.020096E-01 2.109363E-01 7.206842E-02 1.062249E-01 9.279312E-01 8.937751E-01
4250 7.007793E+03 2.956218E-01 7.644341E-01 3.036331E-01 2.143781E-01 6.919222E-02 1.051403E-01 9.308079E-01 8.948598E-01
4500 7.007837E+03 2.924022E-01 7.481750E-01 3.099246E-01 2.305653E-01 6.275241E-02 1.057643E-01 9.372469E-01 8.942364E-01
4750 7.007881E+03 2.937273E-01 7.450970E-01 3.158520E-01 2.341856E-01 6.639371E-02 1.066077E-01 9.336066E-01 8.933918E-01
5000 7.007923E+03 2.481903E-01 7.374413E-01 3.953923E-01 2.429734E-01 6.888637E-02 1.030528E-01 9.311141E-01 8.969465E-01
5250 7.007966E+03 2.530726E-01 7.287602E-01 3.853872E-01 2.519805E-01 7.183155E-02 9.956020E-02 9.281687E-01 9.004391E-01
5500 7.008008E+03 2.624342E-01 7.158650E-01 3.685209E-01 2.652898E-01 7.606061E-02 9.360535E-02 9.239396E-01 9.063948E-01
5750 7.008050E+03 2.658571E-01 7.119099E-01 3.634241E-01 2.694423E-01 7.781741E-02 9.236999E-02 9.221824E-01 9.076293E-01
6000 7.008094E+03 2.597017E-01 7.263638E-01 3.714240E-01 2.599631E-01 7.605994E-02 9.815157E-02 9.239404E-01 9.018480E-01
6250 7.008137E+03 2.666527E-01 7.108982E-01 3.624755E-01 2.705156E-01 7.844523E-02 9.223686E-02 9.215546E-01 9.077628E-01
6500 7.008175E+03 2.669199E-01 6.699389E-01 4.468687E-01 3.143658E-01 8.503928E-02 8.888090E-02 9.149613E-01 9.111193E-01
6750 7.008210E+03 2.651328E-01 6.711509E-01 4.493779E-01 3.131529E-01 8.524142E-02 8.992475E-02 9.147579E-01 9.100757E-01
7000 7.008246E+03 2.525364E-01 6.850280E-01 4.721471E-01 2.987638E-01 8.103377E-02 9.629636E-02 9.189657E-01 9.037032E-01
7250 7.008281E+03 2.494307E-01 6.871033E-01 4.733722E-01 2.963434E-01 7.776358E-02 9.421284E-02 9.222369E-01 9.057868E-01
7500 7.008317E+03 2.313491E-01 7.145351E-01 5.102798E-01 2.682008E-01 7.379391E-02 1.096383E-01 9.262056E-01 8.903621E-01
7750 7.008351E+03 2.357881E-01 6.705053E-01 5.051888E-01 3.124594E-01 6.762912E-02 1.021090E-01 9.323715E-01 8.978909E-01
8000 7.008381E+03 2.420349E-01 6.551077E-01 4.895152E-01 3.280979E-01 6.973264E-02 9.463184E-02 9.302666E-01 9.053687E-01
8250 7.008412E+03 2.452225E-01 6.503600E-01 4.837658E-01 3.329847E-01 7.086331E-02 9.269514E-02 9.291360E-01 9.073049E-01
8500 7.008443E+03 2.544801E-01 6.373597E-01 4.658014E-01 3.462687E-01 7.290446E-02 8.630858E-02 9.270962E-01 9.136921E-01
8750 7.008474E+03 2.527245E-01 6.396562E-01 4.684270E-01 3.438670E-01 7.209866E-02 8.682700E-02 9.279010E-01 9.131734E-01
9000 7.008505E+03 2.640692E-01 6.294401E-01 4.545582E-01 3.547649E-01 7.818212E-02 8.585878E-02 9.218187E-01 9.141419E-01
9250 7.008536E+03 2.740459E-01 6.152564E-01 4.345736E-01 3.692429E-01 7.998414E-02 7.880497E-02 9.200161E-01 9.211956E-01
9500 7.008567E+03 2.779229E-01 6.176808E-01 3.830720E-01 3.625858E-01 6.576349E-02 8.429315E-02 9.342374E-01 9.157067E-01
9750 7.008597E+03 2.809981E-01 6.159719E-01 3.647092E-01 3.632560E-01 6.211773E-02 8.302999E-02 9.378827E-01 9.169701E-01
10000 7.008627E+03 2.876334E-01 6.048043E-01 3.546601E-01 3.745621E-01 6.455867E-02 7.907090E-02 9.354407E-01 9.209293E-01
10500 7.008688E+03 3.051994E-01 5.795932E-01 3.363908E-01 3.928851E-01 7.031167E-02 7.184045E-02 9.296879E-01 9.281594E-01
11000 7.008750E+03 3.011448E-01 5.822721E-01 3.318571E-01 3.972055E-01 6.855284E-02 6.999357E-02 9.314478E-01 9.300057E-01
11500 7.008811E+03 2.959592E-01 5.879067E-01 3.408343E-01 3.916076E-01 6.767650E-02 7.304125E-02 9.323235E-01 9.269589E-01
12000 7.008872E+03 2.910097E-01 6.005952E-01 3.517498E-01 3.789835E-01 6.655168E-02 7.886881E-02 9.334480E-01 9.211308E-01
12500 7.008932E+03 2.868834E-01 6.067179E-01 3.572597E-01 3.727340E-01 6.479075E-02 8.063962E-02 9.352093E-01 9.193611E-01
13000 7.008992E+03 2.674807E-01 6.384590E-01 3.841348E-01 3.404240E-01 5.678680E-02 9.066723E-02 9.432139E-01 9.093331E-01
13500 7.009052E+03 2.772038E-01 6.208851E-01 3.701635E-01 3.582757E-01 6.083125E-02 8.491687E-02 9.391691E-01 9.150834E-01
14000 7.009113E+03 2.679514E-01 6.368592E-01 3.831923E-01 3.420266E-01 5.696159E-02 8.994807E-02 9.430392E-01 9.100525E-01
14500 7.009174E+03 2.681336E-01 6.372056E-01 3.836387E-01 3.417289E-01 5.720793E-02 9.050874E-02 9.427927E-01 9.094904E-01
15000 7.009234E+03 2.646807E-01 6.473492E-01 3.904431E-01 3.387488E-01 5.798419E-02 9.627965E-02 9.420163E-01 9.037209E-01
15500 7.009294E+03 2.613568E-01 6.456754E-01 3.898556E-01 3.401873E-01 5.585012E-02 9.290662E-02 9.441499E-01 9.070942E-01
16000 7.009354E+03 2.620547E-01 6.522198E-01 3.918075E-01 3.338433E-01 5.637746E-02 9.678017E-02 9.436221E-01 9.032201E-01
16500 7.009413E+03 2.636276E-01 5.886735E-01 4.294139E-01 3.557075E-01 5.732528E-02 9.115309E-02 9.426743E-01 9.088471E-01
17000 7.009471E+03 2.625208E-01 6.084327E-01 4.335902E-01 3.350151E-01 5.655569E-02 9.535833E-02 9.434436E-01 9.046419E-01
17500 7.009528E+03 2.682124E-01 5.944121E-01 4.207047E-01 3.495985E-01 5.859323E-02 8.908255E-02 9.414060E-01 9.109181E-01
18000 7.009587E+03 2.776977E-01 5.789518E-01 4.080027E-01 3.671364E-01 6.427391E-02 8.666312E-02 9.357260E-01 9.133373E-01
18500 7.009645E+03 2.665252E-01 5.970528E-01 4.236270E-01 3.467515E-01 5.794619E-02 9.006648E-02 9.420545E-01 9.099342E-01
19000 7.009704E+03 2.620887E-01 6.078593E-01 4.328028E-01 3.352975E-01 5.598940E-02 9.401142E-02 9.440100E-01 9.059886E-01
19500 7.009762E+03 2.541157E-01 6.255682E-01 4.485674E-01 3.165489E-01 5.268189E-02 1.007801E-01 9.473182E-01 8.992198E-01
20000 7.009821E+03 2.686364E-01 5.938583E-01 4.212296E-01 3.512189E-01 5.979792E-02 9.049364E-02 9.402031E-01 9.095067E-01
20500 7.009879E+03 2.905039E-01 5.533912E-01 3.772316E-01 3.932785E-01 6.672626E-02 7.352300E-02 9.332731E-01 9.264768E-01
21000 7.009938E+03 2.847238E-01 5.528429E-01 3.825522E-01 3.937986E-01 6.633354E-02 7.286162E-02 9.336655E-01 9.271385E-01
21500 7.009996E+03 2.940685E-01 5.438565E-01 3.697463E-01 4.037692E-01 6.931624E-02 7.033283E-02 9.306834E-01 9.296677E-01
22000 7.010054E+03 2.679430E-01 5.840291E-01 4.139658E-01 3.599207E-01 5.852823E-02 8.314759E-02 9.414723E-01 9.168528E-01
22500 7.010112E+03 2.603613E-01 6.071067E-01 4.367993E-01 3.365762E-01 5.697118E-02 9.522326E-02 9.430280E-01 9.047764E-01
23000 7.010170E+03 2.645204E-01 5.938047E-01 4.240538E-01 3.501234E-01 5.802304E-02 8.841733E-02 9.419774E-01 9.115822E-01
23500 7.010228E+03 2.614713E-01 6.071274E-01 4.373278E-01 3.372101E-01 5.832183E-02 9.721489E-02 9.416778E-01 9.027857E-01
24000 7.010287E+03 2.551579E-01 6.176910E-01 4.453862E-01 3.252509E-01 5.459696E-02 9.858732E-02 9.454020E-01 9.014122E-01
24500 7.010345E+03 2.596176E-01 6.067758E-01 4.359016E-01 3.367135E-01 5.641995E-02 9.417786E-02 9.435800E-01 9.058217E-01
25000 7.010403E+03 2.827316E-01 5.613484E-01 3.899275E-01 3.848520E-01 6.492062E-02 7.646506E-02 9.350804E-01 9.235344E-01
25500 7.010461E+03 2.659963E-01 5.903616E-01 4.193414E-01 3.533989E-01 5.791257E-02 8.581231E-02 9.420880E-01 9.141880E-01
26000 7.010519E+03 2.620474E-01 5.992211E-01 4.305191E-01 3.447231E-01 5.771804E-02 9.166509E-02 9.422824E-01 9.083353E-01
26500 7.010577E+03 2.666157E-01 5.901319E-01 4.195929E-01 3.539149E-01 5.855861E-02 8.650552E-02 9.414418E-01 9.134938E-01
27000 7.010635E+03 2.667519E-01 5.914698E-01 4.214084E-01 3.528911E-01 5.918362E-02 8.825287E-02 9.408163E-01 9.117473E-01
27500 7.010693E+03 2.615917E-01 6.040908E-01 4.338138E-01 3.398823E-01 5.768124E-02 9.413164E-02 9.423183E-01 9.058680E-01
28000 7.010751E+03 2.566526E-01 6.126597E-01 4.409293E-01 3.303179E-01 5.499189E-02 9.589253E-02 9.450075E-01 9.041069E-01
28500 7.010808E+03 2.662079E-01 5.918542E-01 4.218851E-01 3.523893E-01 5.887904E-02 8.816871E-02 9.411217E-01 9.118306E-01
29000 7.010867E+03 2.582189E-01 6.222317E-01 4.317165E-01 3.236652E-01 5.523111E-02 9.644654E-02 9.447686E-01 9.035530E-01
29500 7.010926E+03 2.573229E-01 6.265640E-01 4.357466E-01 3.194985E-01 5.528430E-02 9.936577E-02 9.447160E-01 9.006348E-01
30000 7.010985E+03 2.586975E-01 6.199780E-01 4.293154E-01 3.258257E-01 5.520244E-02 9.488366E-02 9.447986E-01 9.051172E-01
30500 7.011044E+03 2.809833E-01 5.812798E-01 3.915927E-01 3.672037E-01 6.450810E-02 8.164910E-02 9.354919E-01 9.183504E-01
31000 7.011103E+03 2.729631E-01 5.952025E-01 4.056586E-01 3.523610E-01 6.126634E-02 8.654846E-02 9.387338E-01 9.134514E-01
31500 7.011161E+03 2.744081E-01 5.847008E-01 3.961616E-01 3.625475E-01 6.102463E-02 8.016419E-02 9.389763E-01 9.198360E-01
32000 7.011221E+03 2.874306E-01 5.702437E-01 3.798595E-01 3.789029E-01 6.691858E-02 7.748507E-02 9.330810E-01 9.225153E-01
32500 7.011278E+03 2.758785E-01 5.874116E-01 3.972366E-01 3.600911E-01 6.153916E-02 8.212469E-02 9.384602E-01 9.178759E-01
33000 7.011337E+03 2.769822E-01 5.877206E-01 3.998124E-01 3.605839E-01 6.353711E-02 8.484384E-02 9.364632E-01 9.151564E-01
33500 7.011396E+03 2.748911E-01 5.862325E-01 3.965640E-01 3.609689E-01 6.076923E-02 8.088420E-02 9.392313E-01 9.191152E-01
34000 7.011454E+03 2.693826E-01 6.001732E-01 4.102263E-01 3.467557E-01 5.934435E-02 8.738814E-02 9.406555E-01 9.126117E-01
34500 7.011513E+03 2.744347E-01 5.898830E-01 3.999382E-01 3.574852E-01 6.105886E-02 8.311630E-02 9.389419E-01 9.168843E-01
35000 7.011572E+03 2.756664E-01 5.884370E-01 3.996175E-01 3.594244E-01 6.230569E-02 8.352797E-02 9.376937E-01 9.164732E-01
35500 7.011631E+03 2.716985E-01 5.950194E-01 4.045052E-01 3.519588E-01 5.975958E-02 8.470403E-02 9.402409E-01 9.152966E-01
36000 7.011689E+03 2.670953E-01 6.032465E-01 4.140864E-01 3.435019E-01 5.856920E-02 8.871250E-02 9.414307E-01 9.112876E-01
36500 7.011747E+03 2.583206E-01 6.141060E-01 4.461786E-01 3.802511E-01 5.807857E-02 9.944288E-02 9.419215E-01 9.005569E-01
37000 7.011802E+03 2.586569E-01 6.125246E-01 4.446431E-01 3.818251E-01 5.798683E-02 9.832075E-02 9.420136E-01 9.016792E-01
37500 7.011858E+03 2.748716E-01 5.723661E-01 4.096311E-01 4.221569E-01 6.345887E-02 8.307892E-02 9.365407E-01 9.169204E-01
38000 7.011914E+03 2.731872E-01 5.749000E-01 4.142250E-01 4.196399E-01 6.363642E-02 8.524150E-02 9.363639E-01 9.147578E-01
38500 7.011970E+03 2.753901E-01 5.721769E-01 4.098254E-01 4.223685E-01 6.405257E-02 8.367474E-02 9.359477E-01 9.163247E-01
39000 7.012026E+03 2.777179E-01 5.678946E-01 4.069677E-01 4.267089E-01 6.550226E-02 8.329318E-02 9.344978E-01 9.167075E-01
39500 7.012083E+03 2.772143E-01 5.692454E-01 4.059437E-01 4.253169E-01 6.458408E-02 8.229630E-02 9.354163E-01 9.177040E-01
40000 7.012138E+03 2.695971E-01 5.813943E-01 4.185104E-01 4.130566E-01 6.142429E-02 8.569932E-02 9.385758E-01 9.143012E-01
40500 7.012194E+03 2.781228E-01 5.612394E-01 4.024271E-01 4.333920E-01 6.617573E-02 8.062696E-02 9.338251E-01 9.193729E-01
41000 7.012250E+03 2.762420E-01 5.707931E-01 4.101374E-01 4.238007E-01 6.518489E-02 8.448121E-02 9.348152E-01 9.155183E-01
41500 7.012305E+03 2.542449E-01 6.010901E-01 4.402506E-01 3.920018E-01 5.788350E-02 9.144948E-02 9.421160E-01 9.085510E-01
42000 7.012361E+03 2.690804E-01 5.836447E-01 4.198240E-01 4.107922E-01 6.109414E-02 8.633280E-02 9.389055E-01 9.136669E-01
42500 7.012416E+03 2.655655E-01 5.927148E-01 4.062659E-01 4.015766E-01 5.968292E-02 8.954389E-02 9.403175E-01 9.104562E-01
43000 7.012471E+03 2.704658E-01 5.817140E-01 4.188310E-01 4.127666E-01 6.213064E-02 8.668556E-02 9.378700E-01 9.133154E-01
43500 7.012527E+03 2.784031E-01 5.637966E-01 4.017716E-01 4.307650E-01 6.457576E-02 7.990450E-02 9.354248E-01 9.200945E-01
44000 7.012582E+03 2.755935E-01 5.717829E-01 4.097967E-01 4.227752E-01 6.427906E-02 8.401106E-02 9.357212E-01 9.159889E-01
44500 7.012638E+03 2.781036E-01 5.640891E-01 4.029699E-01 4.304766E-01 6.463038E-02 8.050918E-02 9.353693E-01 9.194909E-01
45000 7.012692E+03 2.932562E-01 5.791451E-01 4.865348E-01 4.134871E-01 7.115644E-02 8.681539E-02 9.288433E-01 9.131846E-01
45500 7.012744E+03 3.034196E-01 5.006505E-01 4.715908E-01 4.915345E-01 7.459445E-02 8.266130E-02 9.254058E-01 9.173382E-01
46000 7.012796E+03 3.032065E-01 5.631782E-01 4.701107E-01 4.296473E-01 7.507746E-02 8.153152E-02 9.249226E-01 9.184687E-01
46500 7.012848E+03 3.066226E-01 5.643508E-01 4.692253E-01 4.285191E-01 7.642613E-02 8.315184E-02 9.235739E-01 9.168484E-01
47000 7.012901E+03 3.126893E-01 5.704381E-01 4.928894E-01 4.228697E-01 8.188334E-02 8.098746E-02 9.181154E-01 9.190131E-01
47500 7.012953E+03 3.015605E-01 5.805260E-01 5.071536E-01 4.125812E-01 7.791785E-02 8.345001E-02 9.220815E-01 9.165509E-01
48000 7.013006E+03 2.868249E-01 6.010467E-01 5.313839E-01 3.919027E-01 7.537934E-02 9.318379E-02 9.246202E-01 9.068161E-01
48500 7.013060E+03 2.682927E-01 6.245968E-01 5.574031E-01 3.680128E-01 6.879541E-02 1.004363E-01 9.312041E-01 8.995639E-01
49000 7.013113E+03 2.895692E-01 5.926594E-01 5.236723E-01 4.002595E-01 7.417965E-02 8.753003E-02 9.258210E-01 9.124702E-01
49500 7.013166E+03 2.933217E-01 5.918275E-01 5.206405E-01 4.011846E-01 7.641299E-02 8.861633E-02 9.235870E-01 9.113837E-01
50000 7.013218E+03 2.939971E-01 5.909300E-01 5.202048E-01 4.021181E-01 7.700066E-02 8.907621E-02 9.229993E-01 9.109233E-01
50500 7.013272E+03 2.830113E-01 6.026771E-01 5.343630E-01 3.901364E-01 7.238264E-02 9.186550E-02 9.276169E-01 9.081347E-01
51000 7.013325E+03 2.694409E-01 6.254290E-01 5.560756E-01 3.671866E-01 6.897103E-02 1.007136E-01 9.310294E-01 8.992863E-01
51500 7.013378E+03 2.720193E-01 6.178188E-01 5.512853E-01 3.749495E-01 7.185820E-02 9.862185E-02 9.281415E-01 9.013778E-01
52000 7.013431E+03 2.716835E-01 6.195223E-01 5.528057E-01 3.731684E-01 7.032285E-02 9.926195E-02 9.296765E-01 9.007377E-01
52500 7.013484E+03 2.786849E-01 6.100084E-01 5.416413E-01 3.827587E-01 7.181878E-02 9.469526E-02 9.281818E-01 9.053048E-01
53000 7.013537E+03 2.682936E-01 6.255407E-01 5.588644E-01 3.671045E-01 6.978048E-02 1.022818E-01 9.302194E-01 8.977187E-01
53500 7.013590E+03 2.744429E-01 6.151336E-01 5.488677E-01 3.776228E-01 7.149275E-02 9.821204E-02 9.285066E-01 9.017881E-01
54000 7.013643E+03 2.671147E-01 6.251476E-01 5.591628E-01 3.674502E-01 6.851650E-02 1.009341E-01 9.314837E-01 8.990661E-01
54500 7.013696E+03 2.653741E-01 6.274756E-01 5.615234E-01 3.651016E-01 6.812810E-02 1.017308E-01 9.318714E-01 8.982696E-01
55000 7.013749E+03 2.744423E-01 6.129496E-01 5.462019E-01 3.797221E-01 6.977706E-02 9.467141E-02 9.302227E-01 9.053288E-01
55500 7.013803E+03 2.625637E-01 6.331369E-01 5.676942E-01 3.594614E-01 6.853454E-02 1.061221E-01 9.314652E-01 8.938775E-01
56000 7.013856E+03 3.643079E-01 5.533873E-01 4.628484E-01 4.350185E-01 8.902693E-02 7.907190E-02 9.109731E-01 9.209279E-01
56500 7.013907E+03 3.493209E-01 5.661690E-01 4.779609E-01 4.266619E-01 8.346610E-02 8.098330E-02 9.165342E-01 9.190167E-01
57000 7.013959E+03 3.437868E-01 5.698614E-01 4.848423E-01 4.229288E-01 8.204866E-02 8.283765E-02 9.179513E-01 9.171627E-01
57500 7.014010E+03 2.821703E-01 5.448239E-01 5.308146E-01 4.481928E-01 7.271109E-02 8.140922E-02 9.272896E-01 9.185916E-01
58000 7.014058E+03 2.894256E-01 5.377046E-01 5.200589E-01 4.553627E-01 7.381652E-02 7.803249E-02 9.261839E-01 9.219681E-01
58500 7.014105E+03 2.844457E-01 5.385993E-01 5.148398E-01 4.542463E-01 7.042631E-02 7.806166E-02 9.295741E-01 9.219385E-01
59000 7.014152E+03 2.549005E-01 5.741121E-01 5.324261E-01 4.180565E-01 5.864138E-02 8.981781E-02 9.413580E-01 9.101821E-01
59500 7.014200E+03 2.475706E-01 5.862665E-01 5.455090E-01 4.058419E-01 5.740089E-02 9.493232E-02 9.425997E-01 9.050676E-01
60000 7.014247E+03 2.199509E-01 5.943189E-01 5.807843E-01 3.919948E-01 5.161880E-02 9.768497E-02 9.483809E-01 9.023150E-01
60500 7.014293E+03 2.210984E-01 5.994836E-01 5.816643E-01 3.868659E-01 5.213987E-02 1.005228E-01 9.478599E-01 8.994765E-01
61000 7.014340E+03 2.801999E-01 5.091145E-01 4.933665E-01 4.784571E-01 6.754182E-02 6.985446E-02 9.324577E-01 9.301459E-01
61500 7.014385E+03 2.545387E-01 5.423319E-01 5.303199E-01 4.447407E-01 6.125481E-02 8.045340E-02 9.387448E-01 9.195459E-01
62000 7.014431E+03 2.822118E-01 5.067613E-01 4.919207E-01 4.809262E-01 6.904399E-02 6.995677E-02 9.309559E-01 9.300433E-01
62500 7.014477E+03 2.793970E-01 5.031400E-01 4.915816E-01 4.845923E-01 6.811806E-02 6.766199E-02 9.318811E-01 9.323382E-01
63000 7.014523E+03 2.794527E-01 5.088550E-01 4.950226E-01 4.787581E-01 6.792331E-02 7.032553E-02 9.320766E-01 9.296741E-01
63500 7.014569E+03 2.703680E-01 5.336345E-01 5.109897E-01 4.537031E-01 6.495303E-02 7.761963E-02 9.350468E-01 9.223810E-01
64000 7.014614E+03 2.635971E-01 5.270232E-01 5.165176E-01 4.602287E-01 6.332209E-02 7.550991E-02 9.366783E-01 9.244899E-01
64500 7.014660E+03 2.256240E-01 5.761855E-01 5.769901E-01 4.100375E-01 5.444859E-02 9.495941E-02 9.455518E-01 9.050406E-01
65000 7.014705E+03 2.380728E-01 5.515577E-01 5.571947E-01 4.349952E-01 5.784162E-02 8.741819E-02 9.421589E-01 9.125819E-01
65500 7.014750E+03 2.378442E-01 5.516455E-01 5.566974E-01 4.348358E-01 5.723212E-02 8.641978E-02 9.427686E-01 9.135814E-01
66000 7.014796E+03 2.649766E-01 5.132505E-01 5.175130E-01 4.739296E-01 6.504545E-02 7.497507E-02 9.349544E-01 9.250251E-01
66500 7.014841E+03 2.548972E-01 5.252550E-01 5.301718E-01 4.615827E-01 6.126734E-02 7.724705E-02 9.387322E-01 9.227529E-01
67000 7.014886E+03 2.588931E-01 5.214421E-01 5.267310E-01 4.656263E-01 6.358497E-02 7.805672E-02 9.364156E-01 9.219431E-01
67500 7.014932E+03 2.667515E-01 5.134836E-01 5.181510E-01 4.674770E-01 7.046609E-02 7.279251E-02 9.295332E-01 9.272082E-01
68000 7.014978E+03 2.272309E-01 5.214759E-01 5.585153E-01 4.588247E-01 6.740125E-02 7.387834E-02 9.325992E-01 9.261211E-01
68500 7.015024E+03 2.528645E-01 5.226896E-01 5.352784E-01 4.576288E-01 6.605127E-02 7.555044E-02 9.339480E-01 9.244493E-01
69000 7.015071E+03 2.759162E-01 5.268419E-01 5.261427E-01 4.523012E-01 5.939627E-02 8.770089E-02 9.406035E-01 9.122998E-01
69500 7.015117E+03 2.844638E-01 5.120967E-01 5.132127E-01 4.674740E-01 6.225710E-02 8.355761E-02 9.377421E-01 9.164433E-01
70000 7.015163E+03 2.829539E-01 5.138786E-01 5.156439E-01 4.656665E-01 6.198246E-02 8.451564E-02 9.380181E-01 9.154853E-01
70500 7.015209E+03 2.772130E-01 5.251796E-01 5.237677E-01 4.539104E-01 5.924103E-02 8.675380E-02 9.407591E-01 9.132468E-01
71000 7.015256E+03 2.807947E-01 5.175545E-01 5.177246E-01 4.617437E-01 6.052167E-02 8.419002E-02 9.394779E-01 9.158104E-01
71500 7.015302E+03 3.019076E-01 4.858638E-01 4.864513E-01 4.944295E-01 6.724193E-02 7.535900E-02 9.327583E-01 9.246407E-01
72000 7.015349E+03 2.996224E-01 4.884391E-01 4.900293E-01 4.917936E-01 6.673907E-02 7.632908E-02 9.332606E-01 9.236706E-01
72500 7.015395E+03 3.162471E-01 4.702767E-01 4.668045E-01 5.107056E-01 7.248348E-02 7.124488E-02 9.275163E-01 9.287556E-01
73000 7.015443E+03 3.357087E-01 4.448374E-01 4.367709E-01 5.368021E-01 7.723886E-02 6.282844E-02 9.227614E-01 9.371713E-01
73500 7.015490E+03 3.283692E-01 4.504311E-01 4.453830E-01 5.308211E-01 7.377177E-02 6.374785E-02 9.262289E-01 9.362526E-01
74000 7.015536E+03 2.782018E-01 5.230843E-01 5.231088E-01 4.562185E-01 6.039662E-02 8.712815E-02 9.396034E-01 9.128716E-01
74500 7.015582E+03 2.743266E-01 5.123224E-01 5.231732E-01 4.672079E-01 6.194443E-02 8.336230E-02 9.380561E-01 9.166382E-01
75000 7.015629E+03 2.859735E-01 5.176113E-01 5.120554E-01 4.617013E-01 6.125768E-02 8.452433E-02 9.387422E-01 9.154757E-01
75500 7.015676E+03 2.827246E-01 5.234090E-01 5.185494E-01 4.559060E-01 6.118204E-02 8.762967E-02 9.388185E-01 9.123704E-01
76000 7.015723E+03 2.685900E-01 5.544981E-01 5.408533E-01 4.240202E-01 5.592040E-02 9.673180E-02 9.440798E-01 9.032680E-01
76500 7.015770E+03 2.856523E-01 5.189777E-01 5.144093E-01 4.604792E-01 6.213610E-02 8.650257E-02 9.378640E-01 9.134974E-01
77000 7.015817E+03 2.767871E-01 5.344330E-01 5.270035E-01 4.444444E-01 5.831147E-02 8.994152E-02 9.416875E-01 9.100586E-01
77500 7.015864E+03 2.922021E-01 5.040833E-01 5.036351E-01 4.756801E-01 6.403101E-02 8.205098E-02 9.359692E-01 9.179490E-01
78000 7.015911E+03 3.129171E-01 4.720639E-01 4.690117E-01 5.083719E-01 6.847522E-02 7.030088E-02 9.315249E-01 9.296991E-01
78500 7.015958E+03 2.877409E-01 5.126317E-01 5.094621E-01 4.668151E-01 6.194896E-02 8.360639E-02 9.380515E-01 9.163935E-01
79000 7.016005E+03 3.043382E-01 4.903450E-01 4.865562E-01 4.899711E-01 6.798349E-02 7.843679E-02 9.320158E-01 9.215634E-01
79500 7.016052E+03 3.242264E-01 4.655126E-01 4.569382E-01 5.155562E-01 7.319970E-02 7.034623E-02 9.267997E-01 9.296534E-01
80000 7.016100E+03 3.332930E-01 4.492002E-01 4.409637E-01 5.321721E-01 7.529332E-02 6.462501E-02 9.247061E-01 9.353745E-01
80500 7.016146E+03 3.214459E-01 4.635327E-01 4.582316E-01 5.173545E-01 7.176831E-02 6.884407E-02 9.282315E-01 9.311558E-01
81000 7.016193E+03 3.182836E-01 4.666191E-01 4.625841E-01 5.141342E-01 7.076089E-02 6.959234E-02 9.292397E-01 9.304081E-01
81500 7.016240E+03 3.213477E-01 4.693038E-01 4.594077E-01 5.117027E-01 7.328652E-02 7.026901E-02 9.267139E-01 9.297302E-01
82000 7.016288E+03 3.108513E-01 4.796477E-01 4.774900E-01 5.010591E-01 7.062966E-02 7.591704E-02 9.293698E-01 9.240830E-01
82500 7.016335E+03 3.251682E-01 4.590020E-01 4.527175E-01 5.220233E-01 7.280770E-02 6.734659E-02 9.271929E-01 9.326541E-01
83000 7.016381E+03 3.059072E-01 4.839310E-01 4.766277E-01 4.969617E-01 6.767754E-02 7.502239E-02 9.323227E-01 9.249774E-01
83500 7.016428E+03 2.920340E-01 5.038826E-01 5.044239E-01 4.760803E-01 6.499176E-02 8.259194E-02 9.350082E-01 9.174085E-01
84000 7.016474E+03 3.253611E-01 4.574064E-01 4.540448E-01 5.239107E-01 7.480586E-02 6.826763E-02 9.251944E-01 9.317319E-01
84500 7.016522E+03 3.251290E-01 4.546739E-01 4.508708E-01 5.264123E-01 7.283116E-02 6.550790E-02 9.271692E-01 9.344921E-01
85000 7.016569E+03 3.151229E-01 4.684936E-01 4.680262E-01 5.123689E-01 7.132256E-02 7.111561E-02 9.286769E-01 9.288848E-01
85500 7.016616E+03 3.001006E-01 4.904538E-01 4.907291E-01 4.897588E-01 6.681636E-02 7.763416E-02 9.331829E-01 9.223669E-01
86000 7.016662E+03 3.041824E-01 4.897974E-01 4.838736E-01 4.902192E-01 6.723920E-02 7.639468E-02 9.327599E-01 9.236060E-01
86500 7.016709E+03 2.840551E-01 4.718719E-01 5.133063E-01 5.058078E-01 6.134150E-02 8.383932E-02 9.386583E-01 9.161608E-01
87000 7.016755E+03 2.930230E-01 5.146734E-01 5.052747E-01 4.648699E-01 6.317081E-02 8.533177E-02 9.368291E-01 9.146686E-01
87500 7.016801E+03 2.847417E-01 5.145768E-01 5.128017E-01 4.648013E-01 6.125536E-02 8.360646E-02 9.387453E-01 9.163935E-01
88000 7.016848E+03 2.853484E-01 5.144686E-01 5.127434E-01 4.649938E-01 6.184627E-02 8.414429E-02 9.381539E-01 9.158562E-01
88500 7.016895E+03 2.976699E-01 5.067374E-01 4.786244E-01 4.732843E-01 6.799416E-02 7.871092E-02 9.320054E-01 9.212895E-01
89000 7.016943E+03 3.029953E-01 4.998486E-01 4.705359E-01 4.803841E-01 6.958719E-02 7.648094E-02 9.304128E-01 9.235197E-01
89500 7.016992E+03 2.785961E-01 5.348358E-01 5.073869E-01 4.442975E-01 6.191259E-02 8.705314E-02 9.380875E-01 9.129472E-01
90000 7.017040E+03 2.945796E-01 5.105124E-01 4.824578E-01 4.693154E-01 6.657982E-02 7.937670E-02 9.334212E-01 9.206237E-01
90500 7.017088E+03 2.928401E-01 5.134622E-01 4.854212E-01 4.662921E-01 6.614963E-02 8.031439E-02 9.338504E-01 9.196861E-01
91000 7.017137E+03 2.929598E-01 5.135987E-01 4.871912E-01 4.663499E-01 6.743141E-02 8.220594E-02 9.325683E-01 9.177942E-01
91500 7.017184E+03 2.272964E-01 5.643892E-01 5.285205E-01 4.139032E-01 5.316950E-02 8.833825E-02 9.468297E-01 9.116610E-01
92000 7.017231E+03 2.517194E-01 5.225256E-01 4.902963E-01 4.561737E-01 6.129794E-02 7.602064E-02 9.387031E-01 9.239796E-01
92500 7.017278E+03 2.435282E-01 5.347220E-01 5.013251E-01 4.442717E-01 5.805727E-02 7.877603E-02 9.419430E-01 9.212244E-01
93000 7.017324E+03 2.366472E-01 5.474813E-01 5.118355E-01 4.311053E-01 5.544002E-02 8.194562E-02 9.445602E-01 9.180546E-01
93500 7.017371E+03 2.320152E-01 5.560901E-01 5.195099E-01 4.222682E-01 5.392125E-02 8.454029E-02 9.460795E-01 9.154601E-01
94000 7.017417E+03 2.285895E-01 5.613564E-01 5.252866E-01 4.169104E-01 5.318414E-02 8.654129E-02 9.468164E-01 9.134594E-01
94500 7.017464E+03 2.490742E-01 5.343834E-01 4.933986E-01 4.446577E-01 5.888885E-02 7.691581E-02 9.411104E-01 9.230849E-01
95000 7.017510E+03 2.398369E-01 5.396983E-01 5.063654E-01 4.390893E-01 5.667634E-02 7.976899E-02 9.433245E-01 9.202300E-01
95500 7.017556E+03 2.417416E-01 5.388170E-01 5.040865E-01 4.400400E-01 5.719690E-02 7.959476E-02 9.428033E-01 9.204059E-01
96000 7.017602E+03 2.382622E-01 5.465084E-01 5.086340E-01 4.320431E-01 5.561485E-02 8.104365E-02 9.443851E-01 9.189562E-01
96500 7.017649E+03 2.323646E-01 5.564063E-01 5.214133E-01 4.221377E-01 5.516985E-02 8.653721E-02 9.448304E-01 9.134627E-01
97000 7.017695E+03 2.355403E-01 5.481901E-01 5.131947E-01 4.303392E-01 5.503760E-02 8.196129E-02 9.449616E-01 9.180391E-01
97500 7.017742E+03 2.454539E-01 5.320040E-01 5.002490E-01 4.472559E-01 5.958033E-02 7.946176E-02 9.404193E-01 9.205387E-01
98000 7.017788E+03 2.405441E-01 5.391601E-01 5.055556E-01 4.396636E-01 5.690480E-02 7.972357E-02 9.430940E-01 9.202769E-01
98500 7.017834E+03 2.465276E-01 5.314546E-01 4.967791E-01 4.476349E-01 5.885266E-02 7.755236E-02 9.411466E-01 9.224474E-01
99000 7.017880E+03 2.408902E-01 5.394458E-01 5.054075E-01 4.394135E-01 5.708570E-02 8.024512E-02 9.429145E-01 9.197545E-01
99500 7.017927E+03 2.425588E-01 5.351633E-01 5.015261E-01 4.410178E-01 5.715775E-02 7.830885E-02 9.428420E-01 9.216910E-01
100000 7.017973E+03 2.527936E-01 5.207644E-01 4.868509E-01 4.586411E-01 6.091814E-02 7.458413E-02 9.390811E-01 9.254158E-01
100500 7.018020E+03 2.587328E-01 5.128868E-01 4.782114E-01 4.668019E-01 6.284925E-02 7.246782E-02 9.371502E-01 9.275321E-01
101000 7.018067E+03 2.642184E-01 5.057017E-01 4.659496E-01 4.739796E-01 6.343826E-02 6.784918E-02 9.365616E-01 9.321512E-01
101500 7.018113E+03 2.605886E-01 5.082505E-01 4.726485E-01 4.713573E-01 6.239318E-02 6.971634E-02 9.376065E-01 9.302843E-01
102000 7.018160E+03 2.704015E-01 4.980300E-01 4.585036E-01 4.819559E-01 6.523078E-02 6.670607E-02 9.347697E-01 9.332942E-01
102500 7.018205E+03 2.926490E-01 4.561104E-01 4.847508E-01 5.253629E-01 7.053492E-02 6.181179E-02 9.294654E-01 9.381875E-01
103000 7.018248E+03 3.068048E-01 4.485201E-01 4.646391E-01 5.347338E-01 7.212114E-02 5.865781E-02 9.278785E-01 9.413423E-01
103500 7.018292E+03 2.880157E-01 4.635069E-01 4.924877E-01 5.178304E-01 6.947085E-02 6.431267E-02 9.305283E-01 9.356878E-01
104000 7.018335E+03 2.895942E-01 4.585436E-01 4.881433E-01 5.227673E-01 6.908746E-02 6.204138E-02 9.309120E-01 9.379588E-01
104500 7.018379E+03 2.853978E-01 4.623872E-01 4.944516E-01 5.188539E-01 6.865934E-02 6.358179E-02 9.313399E-01 9.364178E-01
105000 7.018422E+03 2.741884E-01 4.757448E-01 5.095083E-01 5.049613E-01 6.475231E-02 6.678211E-02 9.352468E-01 9.332177E-01
105500 7.018466E+03 2.823930E-01 4.647615E-01 4.980122E-01 5.163215E-01 6.736874E-02 6.398949E-02 9.326303E-01 9.360099E-01
106000 7.018509E+03 2.769445E-01 4.741633E-01 5.067801E-01 5.066765E-01 6.558312E-02 6.635152E-02 9.344166E-01 9.336485E-01
106500 7.018552E+03 2.769306E-01 4.741696E-01 5.062659E-01 5.065883E-01 6.525777E-02 6.653613E-02 9.347418E-01 9.334641E-01
107000 7.018595E+03 2.692273E-01 4.824235E-01 5.168695E-01 4.980876E-01 6.335051E-02 6.874752E-02 9.366504E-01 9.312517E-01
107500 7.018638E+03 2.712313E-01 4.783916E-01 5.134932E-01 5.022531E-01 6.425606E-02 6.793344E-02 9.357448E-01 9.320663E-01
108000 7.018681E+03 2.294626E-01 5.428703E-01 5.784636E-01 4.362656E-01 5.382861E-02 8.935332E-02 9.461713E-01 9.106464E-01
108500 7.018726E+03 2.053885E-01 5.908760E-01 6.148237E-01 3.870672E-01 4.608571E-02 1.038881E-01 9.539143E-01 8.961125E-01
109000 7.018770E+03 2.139386E-01 5.709999E-01 5.999320E-01 4.071838E-01 4.803504E-02 9.586286E-02 9.519653E-01 9.041380E-01
109500 7.018814E+03 2.511815E-01 5.069599E-01 5.445283E-01 4.729657E-01 5.930252E-02 7.710700E-02 9.406971E-01 9.228927E-01
110000 7.018858E+03 2.517562E-01 5.140719E-01 5.458432E-01 4.655530E-01 5.896793E-02 7.899297E-02 9.410325E-01 9.210070E-01
110500 7.018900E+03 2.518577E-01 5.057092E-01 5.420616E-01 4.740541E-01 5.874824E-02 7.549311E-02 9.412512E-01 9.245061E-01
111000 7.018943E+03 2.366349E-01 5.276484E-01 5.647777E-01 4.515716E-01 5.472453E-02 8.231977E-02 9.452752E-01 9.176800E-01
111500 7.018986E+03 2.802676E-01 4.687710E-01 5.003366E-01 5.121052E-01 6.592762E-02 6.432718E-02 9.340730E-01 9.356733E-01
112000 7.019029E+03 2.316393E-01 5.393529E-01 5.750167E-01 4.398436E-01 5.432517E-02 8.794197E-02 9.456747E-01 9.120582E-01
112500 7.019072E+03 2.330134E-01 5.337767E-01 5.721754E-01 4.455234E-01 5.487535E-02 8.625602E-02 9.451245E-01 9.137443E-01
113000 7.019115E+03 2.334233E-01 5.344710E-01 5.693436E-01 4.445107E-01 5.335785E-02 8.373331E-02 9.466421E-01 9.162670E-01
113500 7.019159E+03 2.542236E-01 5.006298E-01 5.374231E-01 4.793006E-01 5.938667E-02 7.415067E-02 9.406130E-01 9.258488E-01
114000 7.019202E+03 2.510517E-01 5.069562E-01 5.443750E-01 4.729280E-01 5.905977E-02 7.675171E-02 9.409400E-01 9.232488E-01
114500 7.019244E+03 2.759613E-01 4.829207E-01 5.129518E-01 4.973338E-01 6.164014E-02 7.295150E-02 9.383594E-01 9.270482E-01
115000 7.019288E+03 2.792197E-01 4.811416E-01 5.090467E-01 4.990414E-01 6.121410E-02 7.291722E-02 9.387859E-01 9.270820E-01
115500 7.019331E+03 2.869274E-01 4.686126E-01 4.962189E-01 5.118387E-01 6.293058E-02 6.875464E-02 9.370697E-01 9.312450E-01
116000 7.019375E+03 2.969523E-01 4.574403E-01 4.821065E-01 5.235943E-01 6.598876E-02 6.603567E-02 9.340109E-01 9.339643E-01
116500 7.019418E+03 2.541208E-01 4.937787E-01 5.384014E-01 4.860468E-01 5.680531E-02 7.439904E-02 9.431942E-01 9.256014E-01
117000 7.019461E+03 2.385538E-01 5.133938E-01 5.505596E-01 4.364549E-01 5.232958E-02 7.844438E-02 9.476705E-01 9.215550E-01
117500 7.019503E+03 2.402461E-01 5.148136E-01 5.492305E-01 4.490818E-01 5.300318E-02 7.764958E-02 9.469972E-01 9.223500E-01
118000 7.019546E+03 2.374157E-01 5.201375E-01 5.538231E-01 4.435928E-01 5.235497E-02 7.953069E-02 9.476452E-01 9.204698E-01
118500 7.019590E+03 2.704079E-01 4.750065E-01 5.059311E-01 4.907899E-01 6.111374E-02 6.586041E-02 9.388867E-01 9.341390E-01
119000 7.019631E+03 2.548658E-01 4.998166E-01 5.985329E-01 4.639064E-01 5.905393E-02 7.695782E-02 9.409464E-01 9.230422E-01
119500 7.019672E+03 2.637503E-01 4.895807E-01 5.881140E-01 4.750862E-01 6.264795E-02 7.533896E-02 9.373513E-01 9.246608E-01
120000 7.019714E+03 2.452368E-01 5.137778E-01 6.123997E-01 4.494876E-01 5.736591E-02 8.237184E-02 9.426335E-01 9.176292E-01
120500 7.019755E+03 2.499602E-01 5.046130E-01 6.051089E-01 4.589241E-01 5.820931E-02 7.903214E-02 9.417907E-01 9.209673E-01
121000 7.019796E+03 -3.981648E-03 4.793779E-01 8.540562E-01 4.836752E-01 6.337878E-02 7.090865E-02 9.366207E-01 9.290913E-01
121500 7.019837E+03 2.420746E-01 5.176156E-01 6.173053E-01 4.456828E-01 5.728691E-02 8.470634E-02 9.427133E-01 9.152936E-01
122000 7.019879E+03 2.301802E-01 5.332668E-01 6.307707E-01 4.285886E-01 5.233130E-02 8.665982E-02 9.476684E-01 9.133402E-01
122500 7.019920E+03 2.241073E-01 5.415041E-01 6.386317E-01 4.198959E-01 5.097318E-02 8.867626E-02 9.490270E-01 9.113234E-01
123000 7.019962E+03 2.383171E-01 5.236236E-01 6.233278E-01 4.396581E-01 5.704717E-02 8.786894E-02 9.429529E-01 9.121315E-01
123500 7.020004E+03 2.383911E-01 5.218754E-01 6.203119E-01 4.406940E-01 5.480222E-02 8.376268E-02 9.451980E-01 9.162367E-01
124000 7.020046E+03 2.514834E-01 5.036747E-01 6.029007E-01 4.598277E-01 5.821480E-02 7.817709E-02 9.417850E-01 9.218228E-01
124500 7.020087E+03 2.496003E-01 5.060579E-01 6.055057E-01 4.573447E-01 5.787902E-02 7.903808E-02 9.421213E-01 9.209622E-01
125000 7.020129E+03 2.580557E-01 4.959980E-01 5.937018E-01 4.677616E-01 5.927727E-02 7.504120E-02 9.407226E-01 9.249578E-01
125500 7.020170E+03 2.509602E-01 5.062381E-01 6.062945E-01 4.578542E-01 6.015541E-02 8.209150E-02 9.398450E-01 9.179085E-01
126000 7.020212E+03 2.557586E-01 4.926665E-01 5.978494E-01 4.713688E-01 6.009521E-02 7.738314E-02 9.399041E-01 9.226167E-01
126500 7.020253E+03 2.523597E-01 5.037279E-01 6.023005E-01 4.599110E-01 5.870525E-02 7.866922E-02 9.412940E-01 9.213309E-01
127000 7.020295E+03 2.539426E-01 5.024872E-01 6.006519E-01 4.613112E-01 5.933986E-02 7.857221E-02 9.406600E-01 9.214282E-01
127500 7.020336E+03 2.347832E-01 5.271565E-01 6.263947E-01 4.355053E-01 5.491538E-02 8.702423E-02 9.450841E-01 9.129748E-01
128000 7.020378E+03 2.492047E-01 5.102645E-01 6.077358E-01 4.533106E-01 5.865024E-02 8.157757E-02 9.413490E-01 9.184222E-01
128500 7.020419E+03 2.320569E-01 5.307968E-01 6.284884E-01 4.312295E-01 5.294195E-02 8.605362E-02 9.470580E-01 9.139467E-01
129000 7.020461E+03 2.340546E-01 5.288558E-01 6.262794E-01 4.334113E-01 5.368683E-02 8.615026E-02 9.463124E-01 9.138495E-01
129500 7.020502E+03 2.363325E-01 5.222878E-01 6.228903E-01 4.402783E-01 5.468264E-02 8.418666E-02 9.453183E-01 9.158127E-01
130000 7.020544E+03 2.538102E-01 5.073997E-01 6.010053E-01 4.558256E-01 5.847030E-02 7.980943E-02 9.415300E-01 9.201905E-01
130500 7.020586E+03 2.671335E-01 5.028504E-01 5.831894E-01 4.613736E-01 6.079313E-02 7.696646E-02 9.392071E-01 9.230331E-01
131000 7.020628E+03 2.591996E-01 5.018612E-01 5.947264E-01 4.618585E-01 6.025708E-02 7.873220E-02 9.397429E-01 9.212673E-01
131500 7.020670E+03 2.402042E-01 5.278053E-01 6.200230E-01 4.345692E-01 5.538028E-02 8.677442E-02 9.446194E-01 9.132249E-01
132000 7.020712E+03 2.530820E-01 5.121308E-01 6.036173E-01 4.512226E-01 5.896049E-02 8.242600E-02 9.410393E-01 9.175744E-01
132500 7.020754E+03 2.813338E-01 4.728636E-01 5.637780E-01 4.904907E-01 6.641983E-02 7.024502E-02 9.335808E-01 9.297552E-01
133000 7.020795E+03 2.985376E-01 4.603892E-01 5.436047E-01 5.057476E-01 6.988282E-02 6.586012E-02 9.301165E-01 9.341392E-01
133500 7.020837E+03 2.760581E-01 4.874691E-01 5.720174E-01 4.887405E-01 6.382446E-02 7.279997E-02 9.361750E-01 9.271998E-01
134000 7.020878E+03 2.588047E-01 5.073100E-01 5.950453E-01 4.682960E-01 6.012085E-02 7.969225E-02 9.398790E-01 9.203084E-01
134500 7.020919E+03 2.532039E-01 5.145176E-01 6.013862E-01 4.606803E-01 5.784989E-02 8.089647E-02 9.421503E-01 9.191037E-01
135000 7.020961E+03 2.632926E-01 5.016763E-01 5.881681E-01 4.739551E-01 6.042938E-02 7.686578E-02 9.395716E-01 9.231341E-01
135500 7.021002E+03 2.811003E-01 4.304712E-01 5.638147E-01 5.459014E-01 6.488200E-02 6.931435E-02 9.351177E-01 9.306859E-01
136000 7.021045E+03 3.199412E-01 4.502766E-01 5.180268E-01 5.278816E-01 7.711139E-02 6.271135E-02 9.228887E-01 9.372883E-01
136500 7.021086E+03 3.259665E-01 4.404753E-01 5.098486E-01 5.378324E-01 7.735462E-02 5.987201E-02 9.226458E-01 9.401276E-01
137000 7.021128E+03 2.914051E-01 4.694013E-01 5.526915E-01 5.075837E-01 6.841639E-02 6.829039E-02 9.315842E-01 9.317100E-01
137500 7.021170E+03 2.323387E-01 5.360726E-01 6.278898E-01 4.384440E-01 5.420350E-02 8.793405E-02 9.457970E-01 9.120660E-01
138000 7.021212E+03 2.313673E-01 5.501934E-01 6.328380E-01 4.241193E-01 5.296753E-02 9.349516E-02 9.470316E-01 9.065045E-01
138500 7.021254E+03 2.309141E-01 5.488872E-01 6.324391E-01 4.254178E-01 5.273862E-02 9.277140E-02 9.472626E-01 9.072278E-01
139000 7.021296E+03 2.302113E-01 5.474591E-01 6.311703E-01 4.268198E-01 5.291912E-02 9.072832E-02 9.470817E-01 9.092715E-01
139500 7.021338E+03 2.358150E-01 5.415086E-01 6.245445E-01 4.327560E-01 5.298715E-02 8.834734E-02 9.470130E-01 9.116521E-01
140000 7.021380E+03 2.473800E-01 5.188225E-01 6.106198E-01 4.565220E-01 5.849642E-02 8.439198E-02 9.415041E-01 9.156083E-01
140500 7.021422E+03 2.428493E-01 5.220009E-01 6.137725E-01 4.530179E-01 5.694626E-02 8.455373E-02 9.430533E-01 9.154465E-01
141000 7.021463E+03 2.384746E-01 5.299249E-01 6.215429E-01 4.449171E-01 5.571600E-02 8.711055E-02 9.442850E-01 9.128891E-01
141500 7.021505E+03 2.352740E-01 5.359138E-01 6.256848E-01 4.386826E-01 5.451282E-02 8.836478E-02 9.454871E-01 9.116350E-01
142000 7.021546E+03 2.571783E-01 5.057237E-01 5.969708E-01 4.699395E-01 6.046855E-02 7.932326E-02 9.395306E-01 9.206762E-01
142500 7.021587E+03 2.454322E-01 5.169271E-01 6.043657E-01 4.579813E-01 5.642081E-02 8.094797E-02 9.435796E-01 9.190527E-01
143000 7.021629E+03 2.675177E-01 4.939341E-01 5.819583E-01 4.817913E-01 6.127567E-02 7.362808E-02 9.387237E-01 9.263717E-01
143500 7.021670E+03 2.559639E-01 5.078013E-01 5.987470E-01 4.678117E-01 6.014100E-02 8.027197E-02 9.398586E-01 9.197278E-01
144000 7.021712E+03 2.719997E-01 4.879905E-01 5.766156E-01 4.881196E-01 6.317215E-02 7.294812E-02 9.368279E-01 9.270519E-01
144500 7.021753E+03 2.112114E-01 4.959696E-01 6.388902E-01 4.797077E-01 6.076815E-02 7.447913E-02 9.392316E-01 9.255205E-01
145000 7.021794E+03 2.639423E-01 4.969635E-01 5.885566E-01 4.790786E-01 6.260855E-02 7.741754E-02 9.373920E-01 9.225816E-01
145500 7.021835E+03 2.810671E-01 4.809271E-01 5.657755E-01 4.957386E-01 6.719103E-02 7.145428E-02 9.328083E-01 9.285458E-01
146000 7.021877E+03 2.450467E-01 5.214793E-01 6.120191E-01 4.534646E-01 5.651813E-02 8.315627E-02 9.434815E-01 9.168436E-01
146500 7.021919E+03 2.530304E-01 5.105768E-01 6.013141E-01 4.646992E-01 5.839960E-02 7.955916E-02 9.416010E-01 9.204403E-01
147000 7.021959E+03 2.710751E-01 4.871217E-01 5.778733E-01 4.890374E-01 6.339099E-02 7.301246E-02 9.366094E-01 9.269867E-01
147500 7.022001E+03 2.770535E-01 4.949027E-01 5.760104E-01 4.812640E-01 6.480935E-02 7.906373E-02 9.351914E-01 9.209357E-01
148000 7.022043E+03 3.028775E-01 4.719733E-01 5.420729E-01 5.049648E-01 7.001853E-02 7.055373E-02 9.299819E-01 9.294457E-01
148500 7.022086E+03 3.042187E-01 4.681566E-01 5.405330E-01 5.089774E-01 7.099947E-02 7.011283E-02 9.290006E-01 9.298880E-01
149000 7.022129E+03 3.089578E-01 4.642241E-01 5.339904E-01 5.129876E-01 7.163830E-02 6.833981E-02 9.283615E-01 9.316602E-01
149500 7.022171E+03 3.055796E-01 4.744916E-01 5.368585E-01 5.026981E-01 7.100102E-02 6.597705E-02 9.289986E-01 9.340226E-01
150000 7.022213E+03 2.982811E-01 4.826265E-01 5.476261E-01 4.942669E-01 6.950750E-02 7.000629E-02 9.304922E-01 9.299936E-01
150500 7.022253E+03 3.284150E-01 4.491500E-01 5.582191E-01 5.305730E-01 7.553182E-02 6.839520E-02 9.244681E-01 9.316046E-01
151000 7.022294E+03 2.826535E-01 4.951002E-01 6.140905E-01 4.822095E-01 6.232620E-02 8.047311E-02 9.376742E-01 9.195274E-01
151500 7.022334E+03 2.962741E-01 4.919862E-01 6.008332E-01 4.853602E-01 6.367526E-02 8.221384E-02 9.363254E-01 9.177855E-01
152000 7.022374E+03 2.986874E-01 4.895513E-01 5.980694E-01 4.879577E-01 6.469573E-02 8.183844E-02 9.353046E-01 9.181616E-01
152500 7.022415E+03 2.964693E-01 4.886737E-01 5.995341E-01 4.887556E-01 6.336355E-02 8.050119E-02 9.366359E-01 9.194989E-01
153000 7.022456E+03 2.972720E-01 4.911386E-01 5.998774E-01 4.863236E-01 6.429572E-02 8.253232E-02 9.357040E-01 9.174680E-01
153500 7.022497E+03 2.958752E-01 4.912467E-01 6.009426E-01 4.861307E-01 6.361125E-02 8.118000E-02 9.363891E-01 9.188200E-01
154000 7.022538E+03 2.977338E-01 4.885434E-01 5.975715E-01 4.886738E-01 6.280193E-02 7.950023E-02 9.371984E-01 9.205000E-01
154500 7.022579E+03 3.008975E-01 4.870965E-01 5.942739E-01 4.903249E-01 6.412187E-02 7.968103E-02 9.358777E-01 9.203191E-01
155000 7.022620E+03 3.269995E-01 4.593894E-01 5.629856E-01 5.192783E-01 7.077803E-02 7.226279E-02 9.292225E-01 9.277372E-01
155500 7.022661E+03 3.281738E-01 4.558834E-01 5.609813E-01 5.228297E-01 7.086904E-02 7.105739E-02 9.291306E-01 9.289429E-01
156000 7.022702E+03 3.193868E-01 4.697350E-01 5.733619E-01 5.086189E-01 6.956229E-02 7.609849E-02 9.304379E-01 9.239015E-01
156500 7.022744E+03 3.401439E-01 4.518171E-01 5.483328E-01 5.272770E-01 7.396366E-02 7.116169E-02 9.260366E-01 9.288380E-01
157000 7.022785E+03 3.211674E-01 4.706518E-01 5.723217E-01 5.076035E-01 6.941456E-02 7.730206E-02 9.305848E-01 9.226977E-01
157500 7.022826E+03 3.487717E-01 4.456077E-01 5.379286E-01 5.338025E-01 7.594285E-02 6.906791E-02 9.240572E-01 9.309326E-01
158000 7.022867E+03 3.399022E-01 4.481017E-01 5.445341E-01 5.310485E-01 7.320434E-02 6.988029E-02 9.267960E-01 9.301198E-01
158500 7.022909E+03 3.182085E-01 4.728689E-01 5.757299E-01 5.052413E-01 6.871393E-02 7.776608E-02 9.312862E-01 9.222336E-01
159000 7.022950E+03 3.162294E-01 4.772828E-01 5.778137E-01 5.005158E-01 6.690878E-02 7.792547E-02 9.330912E-01 9.220746E-01
159500 7.022992E+03 3.437114E-01 4.217612E-01 5.437806E-01 5.575621E-01 7.546860E-02 6.977708E-02 9.245313E-01 9.302225E-01
160000 7.023034E+03 3.094983E-01 4.872422E-01 5.865967E-01 4.901409E-01 6.494757E-02 8.063950E-02 9.350519E-01 9.193609E-01
160500 7.023075E+03 3.210749E-01 4.690627E-01 5.714100E-01 5.090504E-01 6.845644E-02 7.578995E-02 9.315428E-01 9.242105E-01
161000 7.023117E+03 3.364657E-01 4.572567E-01 5.535350E-01 5.217920E-01 7.415327E-02 7.378301E-02 9.258463E-01 9.262175E-01
161500 7.023158E+03 3.310215E-01 4.612881E-01 5.596372E-01 5.174304E-01 7.202856E-02 7.412972E-02 9.279717E-01 9.258705E-01
162000 7.023200E+03 3.456026E-01 4.457153E-01 5.423368E-01 5.338208E-01 7.670742E-02 7.071668E-02 9.232925E-01 9.292837E-01
162500 7.023241E+03 3.550807E-01 4.450575E-01 5.230866E-01 5.346046E-01 7.883597E-02 6.904939E-02 9.211639E-01 9.309499E-01
163000 7.023283E+03 3.713684E-01 4.261306E-01 5.097179E-01 5.542508E-01 8.162587E-02 6.318256E-02 9.183736E-01 9.368173E-01
163500 7.023325E+03 3.512134E-01 4.413192E-01 5.332170E-01 5.380439E-01 7.505856E-02 6.637990E-02 9.249418E-01 9.336200E-01
164000 7.023367E+03 3.480437E-01 4.422167E-01 5.445364E-01 5.365539E-01 7.321811E-02 7.093880E-02 9.267823E-01 9.290612E-01
164500 7.023407E+03 3.261369E-01 4.667198E-01 5.704214E-01 5.107146E-01 6.550032E-02 7.597998E-02 9.344997E-01 9.240200E-01
165000 7.023448E+03 3.264124E-01 4.669483E-01 5.703087E-01 5.105187E-01 6.580199E-02 7.624639E-02 9.341989E-01 9.237531E-01
165500 7.023488E+03 3.871717E-01 4.095540E-01 4.965103E-01 5.706407E-01 8.220863E-02 6.013298E-02 9.177914E-01 9.398677E-01
166000 7.023530E+03 4.110874E-01 3.948442E-01 4.683401E-01 5.862297E-01 8.867805E-02 5.564217E-02 9.113221E-01 9.443583E-01
166500 7.023572E+03 3.725972E-01 4.209783E-01 5.142396E-01 5.586743E-01 7.861652E-02 6.405126E-02 9.213830E-01 9.359493E-01
167000 7.023613E+03 3.675100E-01 4.261140E-01 5.203949E-01 5.532942E-01 7.724526E-02 6.503861E-02 9.227552E-01 9.349616E-01
167500 7.023653E+03 3.695714E-01 4.303463E-01 5.168101E-01 5.488647E-01 7.716269E-02 6.581255E-02 9.228374E-01 9.341881E-01
168000 7.023694E+03 4.137723E-01 3.927908E-01 4.660590E-01 5.884914E-01 9.083690E-02 5.599236E-02 9.091631E-01 9.440076E-01
168500 7.023736E+03 3.614909E-01 4.274691E-01 5.269085E-01 5.517088E-01 7.531679E-02 6.544683E-02 9.246838E-01 9.345530E-01
169000 7.023776E+03 3.724939E-01 4.262322E-01 5.154762E-01 5.535296E-01 8.061467E-02 6.574399E-02 9.193851E-01 9.342565E-01
169500 7.023817E+03 3.491190E-01 4.424798E-01 5.349634E-01 5.359904E-01 7.182659E-02 6.857413E-02 9.281733E-01 9.314261E-01
170000 7.023858E+03 3.599324E-01 4.323528E-01 5.292547E-01 5.467001E-01 7.481891E-02 6.661254E-02 9.251803E-01 9.333870E-01
170500 7.023898E+03 3.592425E-01 4.367185E-01 5.310860E-01 5.422076E-01 7.450208E-02 6.857478E-02 9.254984E-01 9.314255E-01
171000 7.023938E+03 3.499226E-01 4.247587E-01 5.363455E-01 5.544711E-01 7.304721E-02 6.097423E-02 9.269522E-01 9.390253E-01
171500 7.023978E+03 3.444105E-01 4.320990E-01 5.443957E-01 5.470513E-01 7.301030E-02 6.416775E-02 9.269891E-01 9.358320E-01
172000 7.024014E+03 2.806801E-01 3.587648E-01 6.603132E-01 5.903094E-01 7.246275E-02 5.543009E-02 9.275377E-01 9.445702E-01
172500 7.024050E+03 2.443636E-01 3.756263E-01 7.026924E-01 5.665088E-01 6.445113E-02 6.019594E-02 9.355484E-01 9.398035E-01
173000 7.024085E+03 2.258472E-01 3.880832E-01 7.252058E-01 5.502036E-01 6.147745E-02 6.473810E-02 9.385226E-01 9.352615E-01
173500 7.024120E+03 2.190003E-01 3.939659E-01 7.331308E-01 5.419415E-01 5.879308E-02 6.521215E-02 9.412068E-01 9.347875E-01
174000 7.024156E+03 2.737179E-01 3.620628E-01 6.684772E-01 5.857025E-01 7.101859E-02 5.638885E-02 9.289812E-01 9.436117E-01
174500 7.024192E+03 2.935326E-01 3.548568E-01 6.456737E-01 5.960612E-01 7.542219E-02 5.418081E-02 9.245775E-01 9.458194E-01
175000 7.024228E+03 2.824627E-01 3.570061E-01 6.584696E-01 5.907766E-01 7.321176E-02 5.552338E-02 9.267876E-01 9.444776E-01
175500 7.024263E+03 2.701385E-01 3.631402E-01 6.728550E-01 5.842934E-01 7.078850E-02 5.728807E-02 9.292113E-01 9.427121E-01
176000 7.024299E+03 2.356002E-01 3.748928E-01 7.131374E-01 5.699520E-01 6.423660E-02 6.158326E-02 9.357635E-01 9.384167E-01
176500 7.024333E+03 2.075554E-01 3.776122E-01 7.451222E-01 5.725126E-01 5.864095E-02 6.234820E-02 9.413597E-01 9.376523E-01
177000 7.024368E+03 2.029803E-01 3.801733E-01 7.510419E-01 5.696943E-01 5.919376E-02 6.452247E-02 9.408060E-01 9.354779E-01
177500 7.024402E+03 7.646602E-02 3.658420E-01 8.730721E-01 5.878234E-01 6.245591E-02 5.961856E-02 9.375440E-01 9.403810E-01
178000 7.024436E+03 2.078047E-01 3.773178E-01 7.458256E-01 5.739678E-01 6.136797E-02 6.498469E-02 9.386327E-01 9.350153E-01
178500 7.024471E+03 2.028436E-01 3.848689E-01 7.507542E-01 5.633630E-01 5.672593E-02 6.312579E-02 9.432743E-01 9.368742E-01
179000 7.024505E+03 2.032029E-01 3.809712E-01 7.504168E-01 5.682154E-01 5.777492E-02 6.322117E-02 9.422249E-01 9.367785E-01
179500 7.024540E+03 1.923319E-01 3.954817E-01 7.643021E-01 5.508155E-01 5.602019E-02 6.771912E-02 9.439797E-01 9.322813E-01
180000 7.024574E+03 2.422085E-01 3.561961E-01 7.028612E-01 5.995288E-01 6.357627E-02 5.461448E-02 9.364234E-01 9.453850E-01
180500 7.024609E+03 1.781704E-01 4.127339E-01 7.811486E-01 5.296595E-01 5.320141E-02 7.285129E-02 9.467983E-01 9.271486E-01
181000 7.024645E+03 1.849353E-01 4.012123E-01 7.729996E-01 5.434982E-01 5.444336E-02 6.895625E-02 9.455566E-01 9.310442E-01
181500 7.024680E+03 1.787733E-01 4.174779E-01 7.816635E-01 5.250144E-01 5.388113E-02 7.391529E-02 9.461193E-01 9.260848E-01
182000 7.024715E+03 1.956453E-01 3.901744E-01 7.603441E-01 5.574375E-01 5.736782E-02 6.696770E-02 9.426321E-01 9.330328E-01
182500 7.024749E+03 1.980686E-01 3.880307E-01 7.576256E-01 5.603970E-01 5.833109E-02 6.697705E-02 9.416695E-01 9.330237E-01
183000 7.024783E+03 2.036713E-01 3.829021E-01 7.503810E-01 5.664351E-01 5.854134E-02 6.465045E-02 9.414595E-01 9.353488E-01
183500 7.024818E+03 2.115623E-01 3.735109E-01 7.407051E-01 5.781040E-01 6.087210E-02 6.255043E-02 9.391276E-01 9.374497E-01
184000 7.024852E+03 2.155878E-01 3.716933E-01 7.359676E-01 5.724444E-01 6.126962E-02 6.318001E-02 9.387302E-01 9.368200E-01
184500 7.024887E+03 1.861455E-01 3.945763E-01 7.708548E-01 5.485767E-01 5.664029E-02 6.828734E-02 9.433594E-01 9.317126E-01
185000 7.024921E+03 2.065942E-01 3.712755E-01 7.453731E-01 5.811320E-01 6.136349E-02 6.187628E-02 9.386359E-01 9.381245E-01
185500 7.024955E+03 2.032770E-01 3.736662E-01 7.517275E-01 5.755605E-01 5.738605E-02 6.318640E-02 9.426143E-01 9.368137E-01
186000 7.024988E+03 2.333212E-01 3.259366E-01 7.075860E-01 6.419841E-01 5.636787E-02 5.861175E-02 9.436321E-01 9.413889E-01
186500 7.025020E+03 2.541733E-01 2.966314E-01 6.780314E-01 6.833425E-01 5.553265E-02 5.794067E-02 9.444670E-01 9.420589E-01
187000 7.025053E+03 2.462417E-01 3.141890E-01 6.897973E-01 6.637246E-01 5.444338E-02 6.253646E-02 9.455569E-01 9.374634E-01
187500 7.025086E+03 2.404790E-01 3.174669E-01 6.958843E-01 6.601446E-01 5.370797E-02 6.255953E-02 9.462917E-01 9.374405E-01
188000 7.025119E+03 2.503055E-01 3.126067E-01 6.844661E-01 6.654282E-01 5.441325E-02 6.135417E-02 9.455864E-01 9.386451E-01
188500 7.025151E+03 2.425127E-01 3.204317E-01 6.949316E-01 6.567217E-01 5.261606E-02 6.289100E-02 9.473829E-01 9.371090E-01
189000 7.025184E+03 2.573992E-01 2.997793E-01 6.729341E-01 6.792569E-01 5.516173E-02 5.726790E-02 9.448385E-01 9.427319E-01
189500 7.025218E+03 2.309428E-01 3.203879E-01 7.058514E-01 6.568686E-01 5.116773E-02 6.099546E-02 9.488328E-01 9.390051E-01
190000 7.025250E+03 2.110955E-01 3.611526E-01 7.343242E-01 6.129603E-01 4.736816E-02 7.043631E-02 9.526322E-01 9.295638E-01
190500 7.025283E+03 2.476639E-01 2.899875E-01 6.824295E-01 6.897447E-01 5.593712E-02 5.656652E-02 9.440627E-01 9.434336E-01
191000 7.025315E+03 2.555975E-01 2.901069E-01 6.720251E-01 6.900403E-01 5.650124E-02 5.477596E-02 9.435000E-01 9.452243E-01
191500 7.025348E+03 2.627052E-01 2.829052E-01 6.616647E-01 6.982812E-01 5.902406E-02 5.298857E-02 9.409757E-01 9.470106E-01
192000 7.025379E+03 2.533226E-01 2.856787E-01 6.732870E-01 6.948929E-01 5.698240E-02 5.379503E-02 9.430181E-01 9.462047E-01
192500 7.025411E+03 2.702823E-01 2.733997E-01 6.507950E-01 7.085685E-01 6.083670E-02 5.095775E-02 9.391634E-01 9.490430E-01
193000 7.025444E+03 2.665346E-01 2.777345E-01 6.563845E-01 7.040542E-01 6.030555E-02 5.232184E-02 9.396953E-01 9.476778E-01
193500 7.025476E+03 2.660269E-01 2.775862E-01 6.562743E-01 7.040033E-01 5.910878E-02 5.133923E-02 9.408908E-01 9.486614E-01
194000 7.025508E+03 2.286986E-01 2.953847E-01 6.998732E-01 6.848864E-01 5.471938E-02 5.336244E-02 9.452804E-01 9.466372E-01
194500 7.025539E+03 2.568396E-01 2.769454E-01 6.613507E-01 7.055935E-01 5.936641E-02 4.734432E-02 9.406335E-01 9.526554E-01
195000 7.025571E+03 2.564194E-01 2.745843E-01 6.606851E-01 7.080054E-01 5.869763E-02 4.620776E-02 9.413019E-01 9.537923E-01
195500 7.025603E+03 2.710818E-01 2.702938E-01 6.434008E-01 7.132341E-01 6.295708E-02 4.611231E-02 9.370423E-01 9.538865E-01
196000 7.025634E+03 2.402025E-01 2.870411E-01 6.837890E-01 6.942957E-01 5.667668E-02 5.052444E-02 9.433239E-01 9.494752E-01
196500 7.025666E+03 2.456047E-01 2.855499E-01 6.763677E-01 6.959342E-01 5.690975E-02 4.939595E-02 9.430901E-01 9.506040E-01
197000 7.025697E+03 2.721240E-01 2.693239E-01 6.415039E-01 7.142407E-01 6.250663E-02 4.537019E-02 9.374935E-01 9.546294E-01
197500 7.025729E+03 2.157600E-01 3.136883E-01 7.187688E-01 6.651712E-01 5.286159E-02 5.842083E-02 9.471383E-01 9.415795E-01
198000 7.025761E+03 2.248253E-01 3.075396E-01 7.084484E-01 6.888177E-01 5.225575E-02 6.030637E-02 9.477444E-01 9.396940E-01
198500 7.025792E+03 2.156124E-01 3.249520E-01 7.222315E-01 6.711794E-01 5.043164E-02 6.435777E-02 9.495691E-01 9.356421E-01
199000 7.025824E+03 2.170293E-01 3.204747E-01 7.197456E-01 6.757005E-01 5.057132E-02 6.312731E-02 9.494290E-01 9.368732E-01
199500 7.025855E+03 2.145026E-01 3.261718E-01 7.232895E-01 6.699148E-01 4.957288E-02 6.384542E-02 9.504278E-01 9.361546E-01
200000 7.025887E+03 2.120367E-01 3.345580E-01 7.275805E-01 6.614551E-01 4.950527E-02 6.645171E-02 9.504952E-01 9.335479E-01
200500 7.025919E+03 2.394223E-01 2.859455E-01 6.870633E-01 7.107083E-01 5.488359E-02 5.488847E-02 9.451160E-01 9.451115E-01
201000 7.025951E+03 2.303752E-01 2.962267E-01 7.000999E-01 7.002792E-01 5.369072E-02 5.806997E-02 9.463089E-01 9.419299E-01
201500 7.025983E+03 2.503555E-01 2.911564E-01 6.753048E-01 7.074770E-01 5.700634E-02 5.698372E-02 9.429933E-01 9.430158E-01
202000 7.026015E+03 2.179353E-01 3.118211E-01 7.068539E-01 6.868240E-01 5.571284E-02 5.734636E-02 9.442881E-01 9.426540E-01
202500 7.026047E+03 2.071050E-01 3.220308E-01 7.219610E-01 6.765450E-01 5.383422E-02 6.034886E-02 9.461654E-01 9.396507E-01
203000 7.026079E+03 2.235821E-01 3.068370E-01 6.985025E-01 6.918378E-01 5.627489E-02 5.574185E-02 9.437249E-01 9.442581E-01
203500 7.026111E+03 2.115186E-01 3.167500E-01 7.158110E-01 6.818608E-01 5.501839E-02 5.940257E-02 9.449811E-01 9.405974E-01
204000 7.026143E+03 2.131743E-01 3.175592E-01 7.129794E-01 6.810343E-01 5.415570E-02 5.807570E-02 9.458449E-01 9.419243E-01
204500 7.026175E+03 1.932926E-01 3.465004E-01 7.418625E-01 6.519241E-01 5.002320E-02 6.473541E-02 9.499770E-01 9.352652E-01
205000 7.026207E+03 1.977291E-01 3.403508E-01 7.344834E-01 6.580886E-01 4.929046E-02 6.130531E-02 9.507089E-01 9.386945E-01
205500 7.026239E+03 1.810872E-01 3.773855E-01 7.605424E-01 6.209057E-01 4.784555E-02 7.257889E-02 9.521549E-01 9.274210E-01
206000 7.026271E+03 1.970752E-01 3.476976E-01 7.381635E-01 6.507475E-01 5.122800E-02 6.572419E-02 9.487717E-01 9.342761E-01
206500 7.026303E+03 1.938456E-01 3.504930E-01 7.409426E-01 6.479051E-01 4.883000E-02 6.433170E-02 9.511701E-01 9.356679E-01
207000 7.026335E+03 1.871910E-01 3.695771E-01 7.521586E-01 6.287344E-01 4.766662E-02 6.904073E-02 9.523335E-01 9.309592E-01
207500 7.026367E+03 2.137558E-01 3.240014E-01 7.131514E-01 6.746060E-01 5.574007E-02 5.996424E-02 9.442594E-01 9.400351E-01
208000 7.026399E+03 2.044133E-01 3.301647E-01 7.258661E-01 6.683557E-01 5.200830E-02 6.065326E-02 9.479920E-01 9.393466E-01
208500 7.026431E+03 2.048573E-01 3.260708E-01 7.241303E-01 6.724628E-01 5.191353E-02 5.924167E-02 9.480863E-01 9.407591E-01
209000 7.026463E+03 2.190763E-01 3.078793E-01 7.046962E-01 6.907839E-01 5.595724E-02 5.657343E-02 9.440428E-01 9.434269E-01
209500 7.026494E+03 1.455513E-01 4.029552E-01 7.836362E-01 5.901445E-01 4.039611E-02 6.698942E-02 9.596042E-01 9.330114E-01
210000 7.026525E+03 1.439076E-01 4.113365E-01 7.858465E-01 5.817597E-01 4.008951E-02 6.940351E-02 9.599106E-01 9.305963E-01
210500 7.026556E+03 1.608262E-01 3.700555E-01 7.619725E-01 6.235448E-01 4.381727E-02 5.934690E-02 9.561828E-01 9.406529E-01
211000 7.026587E+03 1.907575E-01 3.340078E-01 7.223408E-01 6.602826E-01 4.992292E-02 5.084328E-02 9.500767E-01 9.491571E-01
211500 7.026617E+03 1.889528E-01 3.392368E-01 7.211884E-01 6.549727E-01 4.950899E-02 5.153419E-02 9.504910E-01 9.484658E-01
212000 7.026647E+03 1.492184E-01 3.945169E-01 7.786939E-01 5.987618E-01 4.190496E-02 6.579909E-02 9.580944E-01 9.342000E-01
212500 7.026678E+03 1.529638E-01 3.866246E-01 7.732079E-01 6.067199E-01 4.205606E-02 6.306698E-02 9.579434E-01 9.369333E-01
213000 7.026708E+03 1.546292E-01 3.848408E-01 7.709244E-01 6.085351E-01 4.232012E-02 6.276016E-02 9.576809E-01 9.372392E-01
213500 7.026739E+03 1.589780E-01 3.738446E-01 7.644283E-01 6.196972E-01 4.355646E-02 6.006474E-02 9.564433E-01 9.399347E-01
214000 7.026769E+03 1.423418E-01 3.935845E-01 7.880811E-01 5.994307E-01 3.989726E-02 6.876045E-02 9.601031E-01 9.312395E-01
214500 7.026800E+03 2.098729E-01 3.462947E-01 7.069427E-01 6.477680E-01 5.170852E-02 5.792986E-02 9.482914E-01 9.420705E-01
215000 7.026832E+03 2.051455E-01 3.676018E-01 7.154460E-01 6.260676E-01 4.964176E-02 6.243689E-02 9.503582E-01 9.375633E-01
215500 7.026864E+03 1.816126E-01 3.944109E-01 7.458330E-01 5.988443E-01 4.529322E-02 6.872231E-02 9.547060E-01 9.312772E-01
216000 7.026896E+03 1.869676E-01 3.810844E-01 7.379916E-01 6.123739E-01 4.667967E-02 6.566059E-02 9.533210E-01 9.343401E-01
216500 7.026928E+03 2.391746E-01 3.172948E-01 6.674867E-01 6.773406E-01 5.711312E-02 4.996721E-02 9.428867E-01 9.500324E-01
217000 7.026960E+03 2.539139E-01 3.057438E-01 6.493216E-01 6.892022E-01 6.127704E-02 4.814930E-02 9.387227E-01 9.518508E-01
217500 7.026992E+03 2.410209E-01 2.625751E-01 6.648415E-01 7.312028E-01 5.851755E-02 4.973788E-02 9.414818E-01 9.502619E-01
218000 7.027024E+03 2.019105E-01 3.559776E-01 7.164768E-01 6.378430E-01 4.897141E-02 5.852243E-02 9.510280E-01 9.414772E-01
218500 7.027055E+03 2.264765E-01 3.291483E-01 6.840111E-01 6.652306E-01 5.435796E-02 5.268368E-02 9.456417E-01 9.473169E-01
219000 7.027088E+03 1.771419E-01 4.014103E-01 7.515109E-01 5.917426E-01 4.456101E-02 7.025307E-02 9.554386E-01 9.297476E-01
219500 7.027120E+03 2.224219E-01 3.356501E-01 6.902730E-01 6.580412E-01 5.470492E-02 5.533895E-02 9.452959E-01 9.446610E-01
220000 7.027151E+03 2.119060E-01 3.434097E-01 7.039689E-01 6.507213E-01 5.224298E-02 5.700282E-02 9.477564E-01 9.429980E-01
220500 7.027183E+03 1.855282E-01 3.662588E-01 7.335655E-01 6.275864E-01 4.687232E-02 5.837537E-02 9.531270E-01 9.416248E-01
221000 7.027213E+03 2.026397E-01 3.436733E-01 7.115637E-01 6.506537E-01 5.179638E-02 5.468855E-02 9.482033E-01 9.453117E-01
221500 7.027244E+03 2.098622E-01 3.362086E-01 7.018076E-01 6.582481E-01 5.295827E-02 5.260123E-02 9.470417E-01 9.473981E-01
222000 7.027275E+03 2.064258E-01 3.380972E-01 7.052783E-01 6.562552E-01 5.133825E-02 5.202705E-02 9.486623E-01 9.479733E-01
222500 7.027307E+03 2.461481E-01 3.077192E-01 6.551547E-01 6.873425E-01 6.025539E-02 4.547761E-02 9.397441E-01 9.545220E-01
223000 7.027338E+03 2.256121E-01 3.218557E-01 6.816336E-01 6.729028E-01 5.663174E-02 4.959946E-02 9.433687E-01 9.504005E-01
223500 7.027370E+03 2.067775E-01 3.697264E-01 7.047976E-01 6.240956E-01 5.088522E-02 5.831954E-02 9.491150E-01 9.416799E-01
224000 7.027402E+03 1.865352E-01 3.968529E-01 7.308830E-01 5.964570E-01 4.567133E-02 6.351952E-02 9.543282E-01 9.364806E-01
224500 7.027434E+03 1.790594E-01 4.081542E-01 7.413447E-01 5.850223E-01 4.469524E-02 6.712259E-02 9.553051E-01 9.328771E-01
225000 7.027466E+03 1.751625E-01 4.175820E-01 7.465834E-01 5.754809E-01 4.402099E-02 6.923251E-02 9.559795E-01 9.307678E-01
225500 7.027498E+03 1.759470E-01 4.167788E-01 7.465905E-01 5.763431E-01 4.459945E-02 7.039268E-02 9.554010E-01 9.296076E-01
226000 7.027530E+03 1.927090E-01 4.067601E-01 7.253029E-01 5.864682E-01 4.767213E-02 6.556875E-02 9.523274E-01 9.344316E-01
226500 7.027562E+03 2.050431E-01 3.749484E-01 7.082065E-01 6.188148E-01 5.070214E-02 5.958140E-02 9.492972E-01 9.404185E-01
227000 7.027594E+03 2.139959E-01 3.695571E-01 6.986685E-01 6.243206E-01 5.289675E-02 6.075934E-02 9.471034E-01 9.392406E-01
227500 7.027627E+03 1.714038E-01 3.855511E-01 7.412499E-01 6.080505E-01 4.831798E-02 6.305017E-02 9.516823E-01 9.369493E-01
228000 7.027658E+03 1.917493E-01 3.869349E-01 7.245958E-01 6.066019E-01 4.808858E-02 6.279661E-02 9.519121E-01 9.372030E-01
228500 7.027690E+03 2.059544E-01 3.825530E-01 7.054433E-01 6.112283E-01 5.197537E-02 5.948574E-02 9.480245E-01 9.405136E-01
229000 7.027724E+03 2.874842E-01 3.205490E-01 6.036259E-01 6.745848E-01 7.053281E-02 4.511087E-02 9.294664E-01 9.548901E-01
229500 7.027756E+03 2.331908E-01 3.125309E-01 6.665581E-01 6.819292E-01 5.321051E-02 4.610370E-02 9.467899E-01 9.538967E-01
230000 7.027788E+03 2.389261E-01 3.039659E-01 6.591080E-01 6.907683E-01 5.654001E-02 4.437934E-02 9.434608E-01 9.556199E-01
230500 7.027819E+03 2.236374E-01 3.130530E-01 6.783173E-01 6.814865E-01 5.351916E-02 4.692004E-02 9.464797E-01 9.530798E-01
231000 7.027849E+03 1.842969E-01 3.588619E-01 7.290912E-01 6.348820E-01 4.565358E-02 5.801618E-02 9.543460E-01 9.419836E-01
231500 7.027880E+03 1.921643E-01 3.432581E-01 7.179797E-01 6.506361E-01 4.581197E-02 5.281014E-02 9.541881E-01 9.471903E-01
232000 7.027910E+03 2.032798E-01 3.342424E-01 7.045900E-01 6.598881E-01 4.879800E-02 5.143802E-02 9.512023E-01 9.485623E-01
232500 7.027940E+03 1.997527E-01 3.483518E-01 7.083919E-01 6.460040E-01 4.787501E-02 5.341345E-02 9.521251E-01 9.465867E-01
233000 7.027970E+03 1.661329E-01 3.471124E-01 7.572842E-01 6.391143E-01 4.199105E-02 5.665590E-02 9.580092E-01 9.433441E-01
233500 7.028000E+03 1.658882E-01 3.162872E-01 7.618095E-01 6.644962E-01 4.474453E-02 5.393723E-02 9.552555E-01 9.460623E-01
234000 7.028030E+03 1.654582E-01 3.141847E-01 7.624084E-01 6.668090E-01 4.533868E-02 5.426918E-02 9.546609E-01 9.457313E-01
234500 7.028060E+03 1.487812E-01 3.478838E-01 7.858381E-01 6.308681E-01 4.044010E-02 6.037479E-02 9.595596E-01 9.396247E-01
235000 7.028090E+03 1.593345E-01 3.257788E-01 7.711546E-01 6.543247E-01 4.331946E-02 5.615777E-02 9.566808E-01 9.438418E-01
235500 7.028120E+03 1.520701E-01 3.432752E-01 7.831669E-01 6.359590E-01 4.256785E-02 6.133437E-02 9.574327E-01 9.386654E-01
236000 7.028150E+03 1.649896E-01 3.168721E-01 7.624637E-01 6.636895E-01 4.371122E-02 5.310621E-02 9.562886E-01 9.468948E-01
236500 7.028180E+03 1.535714E-01 3.400140E-01 7.808281E-01 6.393883E-01 4.279031E-02 6.036824E-02 9.572095E-01 9.396321E-01
237000 7.028211E+03 1.527855E-01 3.405425E-01 7.807806E-01 6.384732E-01 4.128348E-02 5.857694E-02 9.587160E-01 9.414234E-01
237500 7.028241E+03 1.476306E-01 3.577929E-01 7.892125E-01 6.202865E-01 4.006578E-02 6.270636E-02 9.599342E-01 9.372945E-01
238000 7.028271E+03 1.552938E-01 2.971176E-01 7.750653E-01 6.849956E-01 4.368096E-02 5.017228E-02 9.563193E-01 9.498287E-01
238500 7.028299E+03 1.536142E-01 2.974991E-01 7.768298E-01 6.844810E-01 4.303570E-02 4.977337E-02 9.569652E-01 9.502277E-01
239000 7.028328E+03 1.582950E-01 2.918265E-01 7.698253E-01 6.905411E-01 4.351563E-02 4.803857E-02 9.564849E-01 9.519621E-01
239500 7.028358E+03 1.988850E-01 2.587868E-01 7.147977E-01 7.267533E-01 5.202673E-02 4.102380E-02 9.479733E-01 9.589754E-01
240000 7.028387E+03 1.762644E-01 2.730779E-01 7.449421E-01 7.109978E-01 4.738134E-02 4.427323E-02 9.526179E-01 9.557261E-01
240500 7.028416E+03 3.919095E-02 2.654462E-01 8.797256E-01 7.195228E-01 5.004349E-02 4.322482E-02 9.499566E-01 9.567751E-01
241000 7.028445E+03 1.652126E-01 2.939384E-01 7.604135E-01 6.886691E-01 4.509765E-02 4.737977E-02 9.549021E-01 9.526198E-01
241500 7.028474E+03 1.408166E-01 3.173066E-01 7.953068E-01 6.633285E-01 4.086866E-02 5.429018E-02 9.591312E-01 9.457104E-01
242000 7.028503E+03 1.459114E-01 3.065297E-01 7.876915E-01 6.749674E-01 4.251207E-02 5.247098E-02 9.574885E-01 9.475294E-01
242500 7.028531E+03 1.494698E-01 2.995253E-01 7.815617E-01 6.822667E-01 4.226912E-02 4.978821E-02 9.577302E-01 9.502125E-01
243000 7.028560E+03 1.650982E-01 2.906382E-01 7.693620E-01 6.901187E-01 4.076432E-02 5.089604E-02 9.592360E-01 9.491036E-01
243500 7.028589E+03 1.522396E-01 3.229358E-01 7.894381E-01 6.559097E-01 3.825189E-02 5.829530E-02 9.617478E-01 9.417049E-01
244000 7.028617E+03 1.770861E-01 2.814716E-01 7.532888E-01 7.003218E-01 4.360025E-02 4.937466E-02 9.564000E-01 9.506258E-01
244500 7.028646E+03 1.972595E-01 2.565009E-01 7.254696E-01 7.271837E-01 4.755217E-02 4.349557E-02 9.524474E-01 9.565051E-01
245000 7.028675E+03 1.762716E-01 2.788671E-01 7.534493E-01 7.027249E-01 4.214932E-02 4.702478E-02 9.578501E-01 9.529746E-01
245500 7.028704E+03 1.542477E-01 3.129883E-01 7.854755E-01 6.662217E-01 3.822895E-02 5.517711E-02 9.617715E-01 9.448228E-01
246000 7.028733E+03 1.597035E-01 3.046478E-01 7.777108E-01 6.751780E-01 3.928944E-02 5.330660E-02 9.607105E-01 9.466935E-01
246500 7.028762E+03 1.541542E-01 3.146801E-01 7.861191E-01 6.645582E-01 3.858978E-02 5.612291E-02 9.614107E-01 9.438761E-01
247000 7.028791E+03 1.470000E-01 3.144382E-01 7.899284E-01 6.657581E-01 3.933090E-02 5.188685E-02 9.606693E-01 9.481142E-01
247500 7.028819E+03 1.628246E-01 3.015406E-01 7.666782E-01 6.808144E-01 4.530792E-02 4.850112E-02 9.546918E-01 9.514988E-01
248000 7.028848E+03 2.082287E-01 2.567460E-01 7.076991E-01 7.286325E-01 5.169560E-02 3.920349E-02 9.483046E-01 9.607967E-01
248500 7.028877E+03 2.093726E-01 2.571169E-01 7.068266E-01 7.283314E-01 5.245688E-02 3.964344E-02 9.475425E-01 9.603558E-01
249000 7.028906E+03 1.313012E-01 3.451481E-01 8.127658E-01 6.331939E-01 3.694250E-02 5.974137E-02 9.630568E-01 9.402592E-01
249500 7.028934E+03 1.546146E-01 3.065577E-01 7.799383E-01 6.742997E-01 4.076578E-02 4.989006E-02 9.592342E-01 9.501103E-01
250000 7.028963E+03 1.489792E-01 3.215885E-01 7.885112E-01 6.586962E-01 4.134031E-02 5.431126E-02 9.586601E-01 9.456885E-01
250500 7.028991E+03 1.386801E-01 3.071882E-01 7.999279E-01 6.727880E-01 3.740685E-02 5.187503E-02 9.625928E-01 9.481242E-01
251000 7.029019E+03 1.566625E-01 2.949062E-01 7.747856E-01 6.863590E-01 4.063724E-02 4.714786E-02 9.593630E-01 9.528521E-01
251500 7.029047E+03 1.628036E-01 2.792217E-01 7.659280E-01 7.033297E-01 4.273752E-02 4.510500E-02 9.572622E-01 9.548950E-01
252000 7.029075E+03 1.570841E-01 2.874584E-01 7.743104E-01 6.945591E-01 4.196826E-02 4.728246E-02 9.580318E-01 9.527177E-01
252500 7.029104E+03 1.343343E-01 3.254890E-01 8.065292E-01 6.538481E-01 3.741149E-02 5.580272E-02 9.625883E-01 9.441965E-01
253000 7.029132E+03 1.223077E-01 3.631925E-01 8.253964E-01 6.137930E-01 3.423854E-02 6.399255E-02 9.657612E-01 9.360068E-01
253500 7.029161E+03 1.888854E-01 2.596409E-01 7.307506E-01 7.247878E-01 4.740677E-02 4.041759E-02 9.525931E-01 9.595828E-01
254000 7.029190E+03 2.151679E-01 2.540232E-01 7.005492E-01 7.309105E-01 5.114992E-02 4.052150E-02 9.488491E-01 9.594789E-01
254500 7.029220E+03 2.006867E-01 2.610660E-01 7.199082E-01 7.230334E-01 4.908491E-02 4.305531E-02 9.509151E-01 9.569446E-01
255000 7.029249E+03 1.806211E-01 2.825241E-01 7.482692E-01 6.999814E-01 4.572431E-02 4.829327E-02 9.542763E-01 9.517069E-01
255500 7.029278E+03 1.999051E-01 2.653446E-01 7.206188E-01 7.184663E-01 4.812692E-02 4.309503E-02 9.518722E-01 9.569050E-01
256000 7.029307E+03 1.706205E-01 2.953975E-01 7.623680E-01 6.860285E-01 4.348208E-02 5.097955E-02 9.565179E-01 9.490207E-01
256500 7.029337E+03 1.892159E-01 2.710536E-01 7.344118E-01 7.119071E-01 4.569050E-02 4.409574E-02 9.543089E-01 9.559038E-01
257000 7.029366E+03 1.778905E-01 2.912452E-01 7.523694E-01 6.906880E-01 4.463392E-02 5.015695E-02 9.553652E-01 9.498420E-01
257500 7.029395E+03 1.728184E-01 2.931250E-01 7.586092E-01 6.883067E-01 4.298693E-02 4.942378E-02 9.570135E-01 9.505766E-01
258000 7.029424E+03 2.088988E-01 2.588368E-01 7.099177E-01 7.258204E-01 5.103789E-02 4.253510E-02 9.489616E-01 9.574652E-01
258500 7.029453E+03 2.045039E-01 2.637903E-01 7.162373E-01 7.204808E-01 5.030683E-02 4.377997E-02 9.496934E-01 9.562206E-01
259000 7.029482E+03 2.194775E-01 2.544290E-01 6.966249E-01 7.307171E-01 5.350273E-02 4.143329E-02 9.464975E-01 9.585672E-01
259500 7.029512E+03 2.078054E-01 2.590207E-01 7.103539E-01 7.254164E-01 4.965618E-02 4.161420E-02 9.503430E-01 9.583855E-01
260000 7.029541E+03 1.692935E-01 2.983878E-01 7.639670E-01 6.826934E-01 4.250286E-02 5.080448E-02 9.574966E-01 9.491964E-01
260500 7.029570E+03 1.613438E-01 3.248386E-01 7.767895E-01 6.548688E-01 4.105642E-02 5.773335E-02 9.589433E-01 9.422667E-01
261000 7.029599E+03 1.789369E-01 2.850485E-01 7.501520E-01 6.970963E-01 4.448797E-02 4.797946E-02 9.555125E-01 9.520203E-01
261500 7.029628E+03 1.834968E-01 2.843853E-01 7.441870E-01 6.974466E-01 4.596015E-02 4.810803E-02 9.540397E-01 9.518923E-01
262000 7.029657E+03 1.733402E-01 2.923259E-01 7.585272E-01 6.892229E-01 4.362836E-02 5.028313E-02 9.563722E-01 9.497163E-01
262500 7.029685E+03 1.748524E-01 2.893180E-01 7.559969E-01 6.924894E-01 4.389507E-02 4.911714E-02 9.561057E-01 9.508821E-01
263000 7.029714E+03 1.919996E-01 2.697301E-01 7.311527E-01 7.135149E-01 4.654310E-02 4.421715E-02 9.534569E-01 9.557830E-01
263500 7.029743E+03 1.797817E-01 2.805765E-01 7.462723E-01 7.003552E-01 4.419197E-02 4.661060E-02 9.558076E-01 9.533885E-01
264000 7.029772E+03 1.677245E-01 2.739467E-01 7.572913E-01 7.089527E-01 4.602022E-02 4.491838E-02 9.539793E-01 9.550819E-01
264500 7.029801E+03 1.967173E-01 2.696789E-01 7.245491E-01 7.139258E-01 4.799600E-02 4.376304E-02 9.520043E-01 9.562366E-01
265000 7.029830E+03 1.790571E-01 2.780609E-01 7.482240E-01 7.043531E-01 4.451638E-02 4.618308E-02 9.554840E-01 9.538162E-01
265500 7.029860E+03 1.495764E-01 3.365721E-01 7.918450E-01 6.414468E-01 3.694691E-02 5.719897E-02 9.630522E-01 9.428006E-01
266000 7.029889E+03 1.640254E-01 3.158478E-01 7.675143E-01 6.638482E-01 3.991717E-02 5.559465E-02 9.600821E-01 9.444054E-01
266500 7.029918E+03 1.495246E-01 3.302179E-01 7.925042E-01 6.478816E-01 3.626017E-02 5.732840E-02 9.637398E-01 9.426714E-01
267000 7.029947E+03 1.661500E-01 3.017092E-01 7.692239E-01 6.786774E-01 4.048486E-02 5.243163E-02 9.595152E-01 9.475684E-01
267500 7.029975E+03 1.754384E-01 2.820325E-01 7.553729E-01 6.996450E-01 4.248465E-02 4.803404E-02 9.575154E-01 9.519658E-01
268000 7.030004E+03 1.632021E-01 3.016524E-01 7.736699E-01 6.788406E-01 4.091535E-02 5.368822E-02 9.590846E-01 9.463120E-01
268500 7.030033E+03 1.802161E-01 2.742220E-01 7.477971E-01 7.078738E-01 4.263662E-02 4.540458E-02 9.573633E-01 9.545959E-01
269000 7.030062E+03 1.547612E-01 3.148602E-01 7.844282E-01 6.641698E-01 3.739484E-02 5.401517E-02 9.626059E-01 9.459856E-01
269500 7.030091E+03 1.527150E-01 3.198291E-01 7.874644E-01 6.588971E-01 3.737216E-02 5.570391E-02 9.626275E-01 9.442962E-01
270000 7.030121E+03 1.465859E-01 3.378962E-01 7.978714E-01 6.400623E-01 3.665793E-02 6.090968E-02 9.633417E-01 9.390904E-01
270500 7.030150E+03 1.534055E-01 3.306495E-01 7.882240E-01 6.479683E-01 3.788705E-02 5.922011E-02 9.621127E-01 9.407804E-01
271000 7.030178E+03 1.696124E-01 2.917754E-01 7.645176E-01 6.893685E-01 4.196840E-02 5.094852E-02 9.580321E-01 9.490511E-01
271500 7.030207E+03 1.643849E-01 2.975548E-01 7.705478E-01 6.827875E-01 3.958825E-02 5.066436E-02 9.604117E-01 9.493353E-01
272000 7.030236E+03 2.154273E-01 2.623936E-01 7.045691E-01 7.219157E-01 5.177135E-02 4.391304E-02 9.482277E-01 9.560874E-01
272500 7.030266E+03 2.080388E-01 2.691270E-01 7.148901E-01 7.146574E-01 5.058673E-02 4.572094E-02 9.494132E-01 9.542789E-01
273000 7.030296E+03 1.858660E-01 2.924249E-01 7.454812E-01 6.894403E-01 4.642123E-02 5.146170E-02 9.535797E-01 9.485380E-01
273500 7.030326E+03 1.734633E-01 3.118126E-01 7.629141E-01 6.685082E-01 4.332893E-02 5.512253E-02 9.566716E-01 9.448771E-01
274000 7.030355E+03 1.775685E-01 3.033923E-01 7.568955E-01 6.775261E-01 4.427497E-02 5.337094E-02 9.557244E-01 9.466291E-01
274500 7.030385E+03 1.872285E-01 2.897388E-01 7.431113E-01 6.921845E-01 4.609494E-02 5.005633E-02 9.539060E-01 9.499432E-01
275000 7.030414E+03 1.928669E-01 2.857523E-01 7.353864E-01 6.966493E-01 4.797072E-02 4.928179E-02 9.520300E-01 9.507176E-01
275500 7.030443E+03 1.887751E-01 2.886956E-01 7.412251E-01 6.933743E-01 4.664122E-02 5.002779E-02 9.533589E-01 9.499726E-01
276000 7.030473E+03 1.817243E-01 2.973662E-01 7.501324E-01 6.837722E-01 4.405902E-02 5.077466E-02 9.559416E-01 9.492251E-01
276500 7.030502E+03 1.814419E-01 2.957296E-01 7.507473E-01 6.856351E-01 4.481981E-02 5.124606E-02 9.551800E-01 9.487542E-01
277000 7.030531E+03 1.678019E-01 3.048827E-01 7.698576E-01 6.745601E-01 3.875467E-02 5.338863E-02 9.612460E-01 9.466105E-01
277500 7.030560E+03 1.879778E-01 2.716321E-01 7.416178E-01 7.104467E-01 4.394987E-02 4.740047E-02 9.560505E-01 9.525998E-01
278000 7.030588E+03 2.034576E-01 2.551125E-01 7.187933E-01 7.280129E-01 4.527618E-02 4.204623E-02 9.547241E-01 9.579533E-01
278500 7.030617E+03 1.977825E-01 2.630374E-01 7.280141E-01 7.197627E-01 4.556981E-02 4.520578E-02 9.544303E-01 9.547944E-01
279000 7.030646E+03 2.192681E-01 2.423627E-01 6.988510E-01 7.422159E-01 5.022110E-02 4.076602E-02 9.497790E-01 9.592344E-01
279500 7.030675E+03 1.970376E-01 2.609931E-01 7.292238E-01 7.219927E-01 4.620063E-02 4.546437E-02 9.537996E-01 9.545351E-01
280000 7.030704E+03 1.899412E-01 2.686134E-01 7.380385E-01 7.135022E-01 4.347289E-02 4.578486E-02 9.565265E-01 9.542153E-01
280500 7.030733E+03 1.939980E-01 2.627183E-01 7.323224E-01 7.198421E-01 4.456134E-02 4.477089E-02 9.554391E-01 9.552286E-01
281000 7.030761E+03 1.979265E-01 2.591895E-01 7.273880E-01 7.238097E-01 4.572422E-02 4.441264E-02 9.542752E-01 9.555874E-01
281500 7.030791E+03 2.353825E-01 2.620957E-01 6.802578E-01 7.286687E-01 5.253340E-02 4.401239E-02 9.474671E-01 9.559876E-01
282000 7.030820E+03 2.168236E-01 2.752966E-01 7.042335E-01 7.148047E-01 4.834352E-02 4.671215E-02 9.516566E-01 9.532883E-01
282500 7.030850E+03 1.814064E-01 3.276301E-01 7.527166E-01 6.600276E-01 4.006867E-02 5.683493E-02 9.599310E-01 9.431648E-01
283000 7.030880E+03 2.038993E-01 2.903112E-01 7.222459E-01 6.992207E-01 4.617395E-02 5.052043E-02 9.538257E-01 9.494789E-01
283500 7.030909E+03 1.829275E-01 3.344994E-01 7.529476E-01 6.535012E-01 4.137227E-02 6.013307E-02 9.586275E-01 9.398662E-01
284000 7.030939E+03 1.717346E-01 3.656882E-01 7.695990E-01 6.213405E-01 3.860492E-02 6.666610E-02 9.613950E-01 9.333340E-01
284500 7.030970E+03 1.599374E-01 3.929847E-01 7.857888E-01 5.932214E-01 3.557152E-02 7.281756E-02 9.644280E-01 9.271824E-01
285000 7.031000E+03 1.671916E-01 3.615082E-01 7.738850E-01 6.255139E-01 3.757028E-02 6.548932E-02 9.624301E-01 9.345104E-01
285500 7.031030E+03 1.715801E-01 3.674172E-01 7.691929E-01 6.197682E-01 3.976699E-02 6.677558E-02 9.602334E-01 9.332243E-01
286000 7.031060E+03 2.137538E-01 2.856459E-01 7.094339E-01 7.039623E-01 4.690608E-02 4.915573E-02 9.530947E-01 9.508442E-01
286500 7.031090E+03 1.905830E-01 3.198587E-01 7.424720E-01 6.685113E-01 4.261489E-02 5.738486E-02 9.573848E-01 9.426149E-01
287000 7.031120E+03 2.155714E-01 2.809870E-01 7.086920E-01 7.089697E-01 4.932664E-02 5.018248E-02 9.506730E-01 9.498171E-01
287500 7.031150E+03 2.155482E-01 2.812270E-01 7.081571E-01 7.086514E-01 4.840634E-02 4.938211E-02 9.515936E-01 9.506180E-01
288000 7.031180E+03 1.936538E-01 3.105910E-01 7.382947E-01 6.781076E-01 4.374942E-02 5.578966E-02 9.562513E-01 9.442095E-01
288500 7.031209E+03 2.087060E-01 2.905068E-01 7.179693E-01 6.990460E-01 4.727525E-02 5.180989E-02 9.527246E-01 9.481904E-01
289000 7.031239E+03 1.996957E-01 2.877882E-01 7.258617E-01 7.017089E-01 4.582123E-02 4.968483E-02 9.541783E-01 9.503153E-01
289500 7.031267E+03 1.886914E-01 2.862909E-01 7.386484E-01 7.030798E-01 4.442438E-02 4.931177E-02 9.555752E-01 9.506890E-01
290000 7.031296E+03 1.806645E-01 2.615666E-01 7.489017E-01 7.204497E-01 4.368909E-02 4.608664E-02 9.563103E-01 9.539132E-01
290500 7.031324E+03 1.853264E-01 2.560893E-01 7.421359E-01 7.263073E-01 4.401097E-02 4.435640E-02 9.559884E-01 9.556434E-01
291000 7.031352E+03 1.933773E-01 2.490868E-01 7.313862E-01 7.339646E-01 4.577386E-02 4.285104E-02 9.542252E-01 9.571489E-01
291500 7.031381E+03 1.735378E-01 2.701853E-01 7.579452E-01 7.110636E-01 4.166046E-02 4.697349E-02 9.583385E-01 9.530270E-01
292000 7.031409E+03 1.667009E-01 2.788987E-01 7.675806E-01 7.014779E-01 3.984592E-02 4.876288E-02 9.601536E-01 9.512372E-01
292500 7.031437E+03 1.619225E-01 2.728354E-01 7.718216E-01 7.079244E-01 3.968086E-02 4.756681E-02 9.603189E-01 9.524326E-01
293000 7.031465E+03 1.684850E-01 2.741667E-01 7.634730E-01 7.065924E-01 4.043908E-02 4.699095E-02 9.595613E-01 9.530085E-01
293500 7.031493E+03 4.512081E-02 2.519687E-01 8.896005E-01 7.214509E-01 3.981123E-02 4.554196E-02 9.601887E-01 9.544585E-01
294000 7.031521E+03 1.639088E-01 2.558018E-01 7.704536E-01 7.167376E-01 3.801857E-02 4.462219E-02 9.619808E-01 9.553782E-01
294500 7.031549E+03 1.700030E-01 2.496734E-01 7.619029E-01 7.236975E-01 3.921087E-02 4.327038E-02 9.607890E-01 9.567301E-01
295000 7.031577E+03 1.902431E-01 2.267398E-01 7.337036E-01 7.498589E-01 4.370889E-02 3.893973E-02 9.562904E-01 9.610603E-01
295500 7.031605E+03 1.602333E-01 2.585851E-01 7.749338E-01 7.133356E-01 3.702455E-02 4.486745E-02 9.629759E-01 9.551328E-01
296000 7.031633E+03 1.734109E-01 2.459381E-01 7.571148E-01 7.280293E-01 4.009585E-02 4.281044E-02 9.599047E-01 9.571896E-01
296500 7.031661E+03 1.829084E-01 2.354136E-01 7.452006E-01 7.399514E-01 4.273877E-02 4.155285E-02 9.572614E-01 9.584466E-01
297000 7.031688E+03 1.972622E-01 2.216144E-01 7.236978E-01 7.556066E-01 4.503415E-02 3.751578E-02 9.549657E-01 9.624843E-01
297500 7.031716E+03 1.969331E-01 2.260337E-01 7.255236E-01 7.507245E-01 4.583029E-02 3.876639E-02 9.541704E-01 9.612334E-01
298000 7.031743E+03 1.664271E-01 2.512383E-01 7.660242E-01 7.216194E-01 3.804110E-02 4.301565E-02 9.619587E-01 9.569843E-01
298500 7.031771E+03 1.858277E-01 2.305378E-01 7.394112E-01 7.451883E-01 4.206704E-02 3.927712E-02 9.579329E-01 9.607228E-01
299000 7.031799E+03 1.618069E-01 2.660094E-01 7.740569E-01 7.058697E-01 3.749321E-02 4.682885E-02 9.625069E-01 9.531713E-01
299500 7.031826E+03 1.618915E-01 2.499672E-01 7.729661E-01 7.222087E-01 3.742890E-02 4.466812E-02 9.625718E-01 9.553323E-01
300000 7.031854E+03 1.449595E-01 3.030820E-01 8.003936E-01 6.646127E-01 3.432550E-02 5.489700E-02 9.656742E-01 9.451026E-01
300500 7.031883E+03 1.493853E-01 2.835159E-01 7.921491E-01 6.863574E-01 3.607683E-02 5.103515E-02 9.639232E-01 9.489645E-01
301000 7.031910E+03 1.600904E-01 2.650690E-01 7.759528E-01 7.067487E-01 3.772213E-02 4.650182E-02 9.622786E-01 9.534978E-01
301500 7.031938E+03 1.580956E-01 2.737591E-01 7.803177E-01 6.974247E-01 3.807879E-02 4.907264E-02 9.619212E-01 9.509274E-01
302000 7.031966E+03 1.631278E-01 2.576946E-01 7.709875E-01 7.147592E-01 3.805910E-02 4.446218E-02 9.619406E-01 9.555388E-01
302500 7.031994E+03 1.785707E-01 2.394273E-01 7.488983E-01 7.355381E-01 4.134370E-02 4.084980E-02 9.586566E-01 9.591495E-01
303000 7.032022E+03 1.636596E-01 2.515689E-01 7.683743E-01 7.218001E-01 3.897799E-02 4.376598E-02 9.610220E-01 9.562345E-01
303500 7.032050E+03 1.787030E-01 2.398687E-01 7.495750E-01 7.352728E-01 4.208123E-02 4.168022E-02 9.579185E-01 9.583192E-01
304000 7.032078E+03 1.518926E-01 2.987327E-01 7.891958E-01 6.710370E-01 3.835395E-02 5.293551E-02 9.616460E-01 9.470643E-01
304500 7.032106E+03 1.642142E-01 2.583224E-01 7.701087E-01 7.143645E-01 3.886288E-02 4.530854E-02 9.611372E-01 9.546912E-01
305000 7.032133E+03 1.670528E-01 2.515390E-01 7.660812E-01 7.220556E-01 4.001905E-02 4.450595E-02 9.599814E-01 9.554951E-01
305500 7.032162E+03 1.790493E-01 2.477048E-01 7.498275E-01 7.271213E-01 4.308007E-02 4.350905E-02 9.569196E-01 9.564909E-01
306000 7.032189E+03 1.742336E-01 2.513231E-01 7.568133E-01 7.229837E-01 4.128747E-02 4.438595E-02 9.587122E-01 9.556135E-01
306500 7.032218E+03 1.773832E-01 2.394303E-01 7.503776E-01 7.353774E-01 4.101469E-02 4.072617E-02 9.589853E-01 9.592743E-01
307000 7.032246E+03 2.008262E-01 2.196421E-01 7.188756E-01 7.583187E-01 4.644113E-02 3.737403E-02 9.535585E-01 9.626263E-01
307500 7.032274E+03 2.184238E-01 2.134164E-01 6.967593E-01 7.660264E-01 5.042709E-02 3.622171E-02 9.495727E-01 9.637790E-01
308000 7.032303E+03 2.480609E-01 2.015242E-01 6.579883E-01 7.800020E-01 5.572590E-02 3.279127E-02 9.442741E-01 9.672089E-01
308500 7.032332E+03 2.080378E-01 2.161033E-01 7.096972E-01 7.625824E-01 4.815482E-02 3.678794E-02 9.518448E-01 9.632126E-01
309000 7.032360E+03 1.606271E-01 2.820920E-01 7.785419E-01 6.824942E-01 3.756912E-02 5.032077E-02 9.624304E-01 9.496790E-01
309500 7.032387E+03 1.619511E-01 2.610572E-01 7.743996E-01 7.116123E-01 3.897025E-02 4.672158E-02 9.610290E-01 9.532790E-01
310000 7.032416E+03 1.693365E-01 2.492272E-01 7.629360E-01 7.247002E-01 4.002898E-02 4.368864E-02 9.599705E-01 9.563110E-01
310500 7.032443E+03 1.787423E-01 2.391438E-01 7.492224E-01 7.359617E-01 4.122274E-02 4.097357E-02 9.587772E-01 9.590271E-01
311000 7.032471E+03 1.656740E-01 2.548971E-01 7.682593E-01 7.182304E-01 3.897635E-02 4.449885E-02 9.610231E-01 9.555017E-01
311500 7.032499E+03 1.778898E-01 2.376795E-01 7.501575E-01 7.375156E-01 4.128281E-02 4.090999E-02 9.587166E-01 9.590901E-01
312000 7.032527E+03 1.843971E-01 2.358888E-01 7.423086E-01 7.399591E-01 4.301401E-02 4.077585E-02 9.569860E-01 9.592246E-01
312500 7.032555E+03 1.644910E-01 2.547162E-01 7.695553E-01 7.183446E-01 3.877592E-02 4.455464E-02 9.612245E-01 9.554449E-01
313000 7.032583E+03 1.787739E-01 2.397336E-01 7.494142E-01 7.353262E-01 4.139244E-02 4.105621E-02 9.586071E-01 9.589434E-01
313500 7.032611E+03 1.643918E-01 2.546506E-01 7.702375E-01 7.186227E-01 3.939833E-02 4.525213E-02 9.606022E-01 9.547478E-01
314000 7.032638E+03 1.303127E-01 2.415935E-01 7.965009E-01 7.333215E-01 4.185962E-02 4.302047E-02 9.581405E-01 9.569793E-01
314500 7.032667E+03 1.649185E-01 2.818760E-01 7.713519E-01 6.884395E-01 3.799394E-02 5.002885E-02 9.620062E-01 9.499714E-01
315000 7.032695E+03 1.542141E-01 2.837966E-01 7.881598E-01 6.858029E-01 3.597040E-02 5.126883E-02 9.640296E-01 9.487308E-01
315500 7.032724E+03 1.663035E-01 2.744449E-01 7.723584E-01 6.967800E-01 3.870172E-02 4.969290E-02 9.612985E-01 9.503077E-01
316000 7.032752E+03 1.917291E-01 2.342309E-01 7.360354E-01 7.411425E-01 4.304843E-02 4.112066E-02 9.569516E-01 9.588785E-01
316500 7.032780E+03 1.795787E-01 2.456459E-01 7.533777E-01 7.282386E-01 4.137652E-02 4.434485E-02 9.586230E-01 9.556547E-01
317000 7.032808E+03 2.150393E-01 2.171526E-01 7.053084E-01 7.611845E-01 4.881735E-02 3.839551E-02 9.511819E-01 9.616048E-01
317500 7.032837E+03 2.066776E-01 2.216902E-01 7.161556E-01 7.557802E-01 4.689834E-02 3.927213E-02 9.531016E-01 9.607270E-01
318000 7.032865E+03 2.018923E-01 2.316463E-01 7.227479E-01 7.444769E-01 4.494026E-02 4.048119E-02 9.550598E-01 9.595190E-01
318500 7.032893E+03 1.524173E-01 3.028066E-01 7.944331E-01 6.649479E-01 3.562974E-02 5.681050E-02 9.643699E-01 9.431900E-01
319000 7.032922E+03 2.073239E-01 2.232283E-01 7.149088E-01 7.543741E-01 4.749499E-02 4.007340E-02 9.525045E-01 9.599261E-01
319500 7.032950E+03 1.976742E-01 2.312572E-01 7.278319E-01 7.449384E-01 4.479651E-02 4.125591E-02 9.552029E-01 9.587438E-01
320000 7.032979E+03 1.914488E-01 2.130075E-01 7.352388E-01 7.612046E-01 4.394142E-02 4.165515E-02 9.560577E-01 9.583449E-01
320500 7.033007E+03 1.958140E-01 2.364231E-01 7.309819E-01 7.395014E-01 4.501129E-02 4.234780E-02 9.549887E-01 9.576520E-01
321000 7.033036E+03 1.838286E-01 2.462326E-01 7.482774E-01 7.280977E-01 4.292851E-02 4.530895E-02 9.570717E-01 9.546914E-01
321500 7.033064E+03 1.747434E-01 2.552679E-01 7.601877E-01 7.175348E-01 4.040112E-02 4.650165E-02 9.595994E-01 9.534983E-01
322000 7.033093E+03 1.643638E-01 2.794884E-01 7.768106E-01 6.906910E-01 3.812217E-02 5.174278E-02 9.618784E-01 9.482569E-01
322500 7.033121E+03 1.736901E-01 2.655606E-01 7.634895E-01 6.990151E-01 3.993447E-02 4.908478E-02 9.600654E-01 9.509158E-01
323000 7.033149E+03 1.555814E-01 3.001536E-01 7.904150E-01 6.678848E-01 3.624200E-02 5.621719E-02 9.637583E-01 9.437838E-01
323500 7.033178E+03 1.503462E-01 3.152416E-01 7.985092E-01 6.513203E-01 3.500141E-02 5.954020E-02 9.649986E-01 9.404600E-01
324000 7.033207E+03 1.456849E-01 3.039210E-01 7.998085E-01 6.619633E-01 3.397788E-02 6.087584E-02 9.660221E-01 9.391248E-01
324500 7.033236E+03 1.620330E-01 2.751264E-01 7.798892E-01 6.952970E-01 3.798697E-02 5.173272E-02 9.620121E-01 9.482673E-01
325000 7.033265E+03 1.821724E-01 2.413925E-01 7.471021E-01 7.332488E-01 4.189756E-02 4.255247E-02 9.581020E-01 9.574471E-01
325500 7.033293E+03 1.581759E-01 2.734360E-01 7.824952E-01 6.971198E-01 3.709148E-02 5.002350E-02 9.629085E-01 9.499765E-01
326000 7.033321E+03 1.542109E-01 2.850025E-01 7.894074E-01 6.844867E-01 3.648228E-02 5.285070E-02 9.635177E-01 9.471492E-01
326500 7.033349E+03 1.481759E-01 2.990102E-01 7.981499E-01 6.687461E-01 3.462271E-02 5.499071E-02 9.653766E-01 9.450101E-01
327000 7.033377E+03 1.532402E-01 2.882034E-01 7.903766E-01 6.807970E-01 3.575060E-02 5.287123E-02 9.642492E-01 9.471284E-01
327500 7.033406E+03 1.621653E-01 2.671526E-01 7.774394E-01 7.043813E-01 3.859255E-02 4.940384E-02 9.614076E-01 9.505964E-01
328000 7.033434E+03 1.884576E-01 2.305854E-01 7.390586E-01 7.446219E-01 4.377183E-02 4.137181E-02 9.562271E-01 9.586276E-01
328500 7.033462E+03 1.741424E-01 2.578794E-01 7.612683E-01 7.150685E-01 4.089016E-02 4.742840E-02 9.591091E-01 9.525722E-01
329000 7.033490E+03 1.789431E-01 2.556466E-01 7.521205E-01 7.185627E-01 4.270816E-02 4.460531E-02 9.572920E-01 9.553947E-01
329500 7.033519E+03 1.831403E-01 2.642178E-01 7.473322E-01 7.103129E-01 4.489236E-02 4.599258E-02 9.551080E-01 9.540081E-01
330000 7.033548E+03 1.898248E-01 2.567289E-01 7.380170E-01 7.191104E-01 4.709052E-02 4.480194E-02 9.529092E-01 9.551980E-01
330500 7.033577E+03 1.775190E-01 2.689051E-01 7.558221E-01 7.047446E-01 4.404639E-02 4.781907E-02 9.559538E-01 9.521806E-01
331000 7.033606E+03 1.910210E-01 2.573756E-01 7.363639E-01 7.181755E-01 4.634938E-02 4.432652E-02 9.536507E-01 9.556730E-01
331500 7.033635E+03 2.189391E-01 2.352275E-01 6.985744E-01 7.438954E-01 5.275139E-02 4.003038E-02 9.472491E-01 9.599699E-01
332000 7.033665E+03 2.482053E-01 2.257620E-01 6.614007E-01 7.554338E-01 5.890191E-02 3.744746E-02 9.410986E-01 9.625525E-01
332500 7.033694E+03 1.997865E-01 2.488918E-01 7.247835E-01 7.279757E-01 4.859567E-02 4.319568E-02 9.514046E-01 9.568046E-01
333000 7.033722E+03 1.931556E-01 2.655709E-01 7.332764E-01 7.098858E-01 4.622414E-02 4.587944E-02 9.537766E-01 9.541211E-01
333500 7.033751E+03 1.971551E-01 2.506795E-01 7.280613E-01 7.260330E-01 4.845063E-02 4.343062E-02 9.515490E-01 9.565695E-01
334000 7.033781E+03 1.684400E-01 2.895136E-01 7.696495E-01 6.821551E-01 4.280983E-02 5.152884E-02 9.571906E-01 9.484705E-01
334500 7.033809E+03 1.968912E-01 2.696214E-01 7.382777E-01 7.025530E-01 4.418910E-02 5.123555E-02 9.558108E-01 9.487645E-01
335000 7.033838E+03 2.249286E-01 2.372165E-01 6.926339E-01 7.427083E-01 5.446481E-02 4.052315E-02 9.455352E-01 9.594772E-01
335500 7.033867E+03 1.874450E-01 2.554392E-01 7.408652E-01 7.202389E-01 4.642216E-02 4.465008E-02 9.535784E-01 9.553500E-01
336000 7.033896E+03 2.207070E-01 2.428460E-01 6.980084E-01 7.356793E-01 5.343935E-02 4.173172E-02 9.465608E-01 9.582693E-01
336500 7.033926E+03 2.159518E-01 2.393506E-01 7.023956E-01 7.393466E-01 5.192269E-02 4.048627E-02 9.480776E-01 9.595138E-01
337000 7.033955E+03 2.138106E-01 2.410726E-01 7.055324E-01 7.371424E-01 5.108029E-02 4.071685E-02 9.489192E-01 9.592838E-01
337500 7.033984E+03 2.098992E-01 2.407803E-01 7.099058E-01 7.371994E-01 4.990652E-02 4.044377E-02 9.500926E-01 9.595568E-01
338000 7.034013E+03 2.038562E-01 2.483717E-01 7.196435E-01 7.289666E-01 5.002484E-02 4.350267E-02 9.499757E-01 9.564967E-01
338500 7.034043E+03 1.849291E-01 2.597302E-01 7.448325E-01 7.154654E-01 4.588012E-02 4.557785E-02 9.541190E-01 9.544229E-01
339000 7.034072E+03 1.737038E-01 2.729654E-01 7.603844E-01 7.001969E-01 4.332328E-02 4.818725E-02 9.566760E-01 9.518127E-01
339500 7.034101E+03 1.952347E-01 2.503373E-01 7.293279E-01 7.258909E-01 4.669377E-02 4.237219E-02 9.533057E-01 9.576281E-01
340000 7.034130E+03 1.757818E-01 2.728334E-01 7.575891E-01 7.004254E-01 4.316515E-02 4.749618E-02 9.568343E-01 9.525032E-01
340500 7.034159E+03 1.517010E-01 3.143466E-01 7.934099E-01 6.539127E-01 3.819127E-02 5.656970E-02 9.618093E-01 9.434308E-01
341000 7.034188E+03 1.634770E-01 2.851935E-01 7.745524E-01 6.861529E-01 4.065069E-02 5.007805E-02 9.593489E-01 9.499225E-01
341500 7.034217E+03 1.668506E-01 2.872018E-01 7.701844E-01 6.840398E-01 4.080163E-02 4.979722E-02 9.591977E-01 9.502022E-01
342000 7.034246E+03 1.401176E-01 3.284354E-01 8.097970E-01 6.365381E-01 3.691463E-02 6.053341E-02 9.630850E-01 9.394672E-01
342500 7.034275E+03 2.331072E-01 2.318535E-01 6.802971E-01 7.468271E-01 5.470842E-02 3.761498E-02 9.452919E-01 9.623844E-01
343000 7.034304E+03 1.689694E-01 2.696702E-01 7.666123E-01 7.025138E-01 4.322005E-02 4.784445E-02 9.567797E-01 9.521549E-01
343500 7.034333E+03 1.875031E-01 2.522784E-01 7.396016E-01 7.223078E-01 4.547612E-02 4.257965E-02 9.545246E-01 9.574198E-01
344000 7.034361E+03 1.533705E-01 2.727292E-01 7.883469E-01 6.958226E-01 3.622167E-02 4.879712E-02 9.637789E-01 9.512032E-01
344500 7.034389E+03 1.655397E-01 2.493335E-01 7.710419E-01 7.226623E-01 4.003476E-02 4.564239E-02 9.599646E-01 9.543582E-01
345000 7.034417E+03 2.013404E-01 2.183598E-01 7.213203E-01 7.587240E-01 4.695259E-02 3.853698E-02 9.530465E-01 9.614622E-01
345500 7.034445E+03 1.725137E-01 2.490464E-01 7.613180E-01 7.231364E-01 4.015823E-02 4.453048E-02 9.598418E-01 9.554691E-01
346000 7.034474E+03 1.717550E-01 2.426977E-01 7.616497E-01 7.300056E-01 4.026361E-02 4.318507E-02 9.597365E-01 9.568145E-01
346500 7.034501E+03 1.839491E-01 2.282937E-01 7.442020E-01 7.468738E-01 4.378855E-02 4.075156E-02 9.562107E-01 9.592474E-01
347000 7.034529E+03 2.072909E-01 2.306988E-01 7.134743E-01 7.466676E-01 4.931559E-02 3.940176E-02 9.506849E-01 9.605983E-01
347500 7.034557E+03 1.945150E-01 2.207229E-01 7.291012E-01 7.553298E-01 4.423415E-02 3.809865E-02 9.557660E-01 9.619009E-01
348000 7.034585E+03 1.846315E-01 2.377402E-01 7.437272E-01 7.368534E-01 4.335246E-02 4.209878E-02 9.566470E-01 9.579014E-01
348500 7.034613E+03 1.867488E-01 2.268153E-01 7.403110E-01 7.483349E-01 4.310099E-02 3.975320E-02 9.568996E-01 9.602478E-01
349000 7.034641E+03 1.587486E-01 2.858026E-01 7.789114E-01 6.773150E-01 3.696455E-02 5.141999E-02 9.630354E-01 9.485801E-01
349500 7.034668E+03 1.488093E-01 2.896987E-01 7.975124E-01 6.768903E-01 3.465636E-02 5.293199E-02 9.653435E-01 9.470681E-01
350000 7.034697E+03 1.481442E-01 2.891100E-01 7.976873E-01 6.770183E-01 3.360420E-02 5.140027E-02 9.663967E-01 9.486001E-01
350500 7.034725E+03 2.143866E-01 2.320116E-01 7.079640E-01 7.429098E-01 4.681178E-02 3.925792E-02 9.531884E-01 9.607427E-01
351000 7.034753E+03 1.670170E-01 2.527763E-01 7.707083E-01 7.185217E-01 3.926077E-02 4.595867E-02 9.607389E-01 9.540408E-01
351500 7.034781E+03 1.621364E-01 2.592402E-01 7.773116E-01 7.109239E-01 3.762215E-02 4.664949E-02 9.623780E-01 9.533509E-01
352000 7.034808E+03 1.666127E-01 2.557510E-01 7.715874E-01 7.154827E-01 3.954983E-02 4.650962E-02 9.604498E-01 9.534904E-01
352500 7.034836E+03 1.499196E-01 2.829761E-01 7.948492E-01 6.840485E-01 3.455934E-02 5.072677E-02 9.654402E-01 9.492743E-01
353000 7.034864E+03 1.492845E-01 2.639623E-01 7.885198E-01 7.051476E-01 3.644080E-02 4.580995E-02 9.635587E-01 9.541901E-01
353500 7.034892E+03 1.620294E-01 3.005336E-01 7.778519E-01 6.707487E-01 3.732107E-02 5.072488E-02 9.626791E-01 9.492747E-01
354000 7.034920E+03 1.720366E-01 2.820861E-01 7.626967E-01 6.912138E-01 3.952080E-02 4.639437E-02 9.604796E-01 9.536052E-01
354500 7.034948E+03 1.710723E-01 2.954786E-01 7.634928E-01 6.773551E-01 3.856611E-02 4.762594E-02 9.614334E-01 9.523731E-01
355000 7.034975E+03 1.696491E-01 2.779825E-01 7.637804E-01 6.955981E-01 3.864536E-02 4.432644E-02 9.613547E-01 9.556735E-01
355500 7.035004E+03 1.578939E-01 2.960272E-01 7.810457E-01 6.757936E-01 3.707664E-02 4.856893E-02 9.629233E-01 9.514313E-01
356000 7.035032E+03 2.141305E-01 2.447789E-01 7.046360E-01 7.340708E-01 4.854777E-02 3.771960E-02 9.514530E-01 9.622808E-01
356500 7.035060E+03 2.218655E-01 2.385685E-01 6.941123E-01 7.409999E-01 4.960522E-02 3.617092E-02 9.503947E-01 9.638299E-01
357000 7.035089E+03 2.400245E-01 2.380176E-01 6.750559E-01 7.418417E-01 5.212741E-02 3.788055E-02 9.478731E-01 9.621195E-01
357500 7.035118E+03 2.432877E-01 2.359220E-01 6.711096E-01 7.441129E-01 5.328289E-02 3.797332E-02 9.467176E-01 9.620261E-01
358000 7.035146E+03 2.220122E-01 2.472295E-01 6.989539E-01 7.310365E-01 4.883634E-02 4.069401E-02 9.511641E-01 9.593057E-01
358500 7.035175E+03 2.091969E-01 2.580693E-01 7.165616E-01 7.186953E-01 4.629823E-02 4.319567E-02 9.537019E-01 9.568046E-01
359000 7.035204E+03 1.878646E-01 2.872003E-01 7.465681E-01 6.861123E-01 4.136862E-02 4.927715E-02 9.586308E-01 9.507228E-01
359500 7.035232E+03 1.971240E-01 2.727355E-01 7.333010E-01 7.021798E-01 4.328492E-02 4.605770E-02 9.567143E-01 9.539422E-01
360000 7.035261E+03 1.978343E-01 2.709734E-01 7.326092E-01 7.042326E-01 4.391503E-02 4.608626E-02 9.560850E-01 9.539139E-01
360500 7.035290E+03 1.993162E-01 2.710087E-01 7.314105E-01 7.045413E-01 4.519378E-02 4.710308E-02 9.548054E-01 9.528967E-01
361000 7.035319E+03 1.723538E-01 3.116027E-01 7.695430E-01 6.590284E-01 3.828521E-02 5.482011E-02 9.617147E-01 9.451793E-01
361500 7.035348E+03 1.947464E-01 2.701447E-01 7.349200E-01 7.053650E-01 4.363458E-02 4.517213E-02 9.563649E-01 9.548274E-01
362000 7.035376E+03 1.746254E-01 3.158030E-01 7.628311E-01 6.546647E-01 3.790990E-02 5.310010E-02 9.620903E-01 9.469006E-01
362500 7.035405E+03 1.666471E-01 3.110814E-01 7.742285E-01 6.593228E-01 3.657930E-02 5.257655E-02 9.634211E-01 9.474244E-01
363000 7.035434E+03 1.642658E-01 3.221390E-01 7.794673E-01 6.473882E-01 3.646601E-02 5.599963E-02 9.635332E-01 9.440004E-01
363500 7.035463E+03 1.907211E-01 3.614312E-01 7.452964E-01 6.116805E-01 4.278285E-02 6.247746E-02 9.572173E-01 9.375222E-01
364000 7.035492E+03 2.207988E-01 2.479080E-01 6.991273E-01 7.306619E-01 4.894309E-02 3.994977E-02 9.510577E-01 9.600503E-01
364500 7.035520E+03 2.003739E-01 2.632416E-01 7.260853E-01 7.128092E-01 4.370375E-02 4.254941E-02 9.562969E-01 9.574513E-01
365000 7.035548E+03 1.795815E-01 2.948532E-01 7.582937E-01 6.778265E-01 4.044827E-02 5.025728E-02 9.595510E-01 9.497429E-01
365500 7.035577E+03 1.948485E-01 2.767825E-01 7.335995E-01 6.977410E-01 4.284069E-02 4.541263E-02 9.571596E-01 9.545873E-01
366000 7.035605E+03 2.180125E-01 2.489816E-01 7.023332E-01 7.291385E-01 4.752414E-02 3.956706E-02 9.524754E-01 9.604332E-01
366500 7.035634E+03 1.769798E-01 2.923186E-01 7.598189E-01 6.803985E-01 3.960243E-02 4.961601E-02 9.603970E-01 9.503842E-01
367000 7.035662E+03 2.011607E-01 2.885084E-01 7.265819E-01 6.849565E-01 4.415726E-02 4.859662E-02 9.558419E-01 9.514037E-01
367500 7.035691E+03 1.753719E-01 3.315327E-01 7.629084E-01 6.371417E-01 3.772758E-02 5.698960E-02 9.622721E-01 9.430103E-01
368000 7.035721E+03 1.980623E-01 2.909275E-01 7.299646E-01 6.819606E-01 4.284014E-02 4.836467E-02 9.571598E-01 9.516346E-01
368500 7.035750E+03 2.676106E-01 2.473947E-01 6.414341E-01 7.303630E-01 5.592370E-02 4.033823E-02 9.440759E-01 9.596617E-01
369000 7.035780E+03 2.196834E-01 2.698401E-01 7.073118E-01 7.033710E-01 4.677913E-02 4.971613E-02 9.532202E-01 9.502832E-01
369500 7.035809E+03 2.093527E-01 2.853803E-01 7.221496E-01 6.860368E-01 4.437743E-02 5.301088E-02 9.556224E-01 9.469896E-01
370000 7.035839E+03 2.062408E-01 2.904629E-01 7.268159E-01 6.805110E-01 4.420209E-02 5.464593E-02 9.557980E-01 9.453537E-01
370500 7.035869E+03 2.188045E-01 2.736827E-01 7.091510E-01 6.992191E-01 4.680271E-02 5.070388E-02 9.531977E-01 9.492964E-01
371000 7.035899E+03 2.057964E-01 2.980143E-01 7.285976E-01 6.722054E-01 4.371197E-02 5.609235E-02 9.562887E-01 9.439076E-01
371500 7.035929E+03 2.162169E-01 2.803693E-01 7.069818E-01 6.946402E-01 4.659205E-02 4.592252E-02 9.534087E-01 9.540773E-01
372000 7.035958E+03 2.231883E-01 2.705205E-01 6.951542E-01 7.054361E-01 4.778533E-02 4.287814E-02 9.522141E-01 9.571214E-01
372500 7.035988E+03 2.312378E-01 2.679865E-01 6.863689E-01 7.086351E-01 4.942118E-02 4.277270E-02 9.505790E-01 9.572277E-01
373000 7.036018E+03 2.159333E-01 2.778933E-01 7.064363E-01 6.971044E-01 4.612446E-02 4.507758E-02 9.538758E-01 9.549223E-01
373500 7.036047E+03 1.953904E-01 3.089184E-01 7.369938E-01 6.629114E-01 4.231027E-02 5.240835E-02 9.576902E-01 9.475918E-01
374000 7.036077E+03 2.034907E-01 3.119499E-01 7.268743E-01 6.601620E-01 4.383123E-02 5.136973E-02 9.561687E-01 9.486302E-01
374500 7.036106E+03 1.965200E-01 3.101951E-01 7.354949E-01 6.617034E-01 4.251534E-02 5.310232E-02 9.574843E-01 9.468979E-01
375000 7.036135E+03 2.117397E-01 2.940657E-01 7.115757E-01 6.797864E-01 4.627452E-02 4.914931E-02 9.537250E-01 9.508509E-01
375500 7.036164E+03 2.185597E-01 2.800809E-01 7.037380E-01 6.949697E-01 4.653895E-02 4.532041E-02 9.534615E-01 9.546798E-01
376000 7.036193E+03 2.090555E-01 2.877607E-01 7.172420E-01 6.863641E-01 4.534446E-02 4.790781E-02 9.546555E-01 9.520924E-01
376500 7.036223E+03 2.056894E-01 2.912382E-01 7.219326E-01 6.825306E-01 4.488196E-02 4.886068E-02 9.551173E-01 9.511396E-01
377000 7.036252E+03 2.165033E-01 2.814869E-01 7.066904E-01 6.933861E-01 4.646051E-02 4.590389E-02 9.535396E-01 9.540961E-01
377500 7.036281E+03 2.204798E-01 2.762496E-01 7.015786E-01 6.994035E-01 4.828979E-02 4.567486E-02 9.517111E-01 9.543252E-01
378000 7.036310E+03 2.445661E-01 2.594755E-01 6.687556E-01 7.182994E-01 5.289483E-02 4.115184E-02 9.471052E-01 9.588476E-01
378500 7.036340E+03 2.151807E-01 2.803182E-01 7.087129E-01 6.947736E-01 4.713655E-02 4.676305E-02 9.528637E-01 9.532366E-01
379000 7.036369E+03 2.156215E-01 2.820461E-01 7.083217E-01 6.928921E-01 4.680170E-02 4.657364E-02 9.531978E-01 9.534267E-01
379500 7.036399E+03 2.523635E-01 2.544515E-01 6.591862E-01 7.243680E-01 5.489056E-02 4.047707E-02 9.451100E-01 9.595227E-01
380000 7.036428E+03 2.088685E-01 2.785527E-01 7.170256E-01 6.952270E-01 4.597293E-02 4.718528E-02 9.540272E-01 9.528146E-01
380500 7.036457E+03 2.087984E-01 2.882087E-01 7.173399E-01 6.858179E-01 4.501799E-02 4.763242E-02 9.549816E-01 9.523683E-01
381000 7.036487E+03 2.076778E-01 2.897427E-01 7.188206E-01 6.840584E-01 4.462998E-02 4.779250E-02 9.553708E-01 9.522084E-01
