     0 0.000000E+00  1.000   100     1  0.005000  1.00000  0.0000000  0.00000  0.00100
     0 2.423881E+02  1.000   100     1  0.005003  1.00000  0.0000000  0.00000  0.00100
  1000 7.006266E+03  1.000   100     1 440.697952  1.00000  0.0000000  0.00000  0.00100
  1250 7.006752E+03  1.000   100     3 1118.094539  0.96000  0.0000000  0.00000  0.00100
  1500 7.006934E+03  1.000   100     1 1779.167399  1.00000  0.0000000  0.00000  0.00100
  1750 7.007064E+03  1.000   100     1 2472.238535  1.00000  0.0000000  0.00000  0.00100
  2000 7.007164E+03  1.000   100     1 2508.086909  1.00000  0.0000000  0.00000  0.00100
  2250 7.007265E+03  1.000   100     1 2523.320116  1.00000  0.0000000  0.00000  0.00100
  2500 7.007360E+03  1.000   100     2 3601.398747  0.99000  0.0000000  0.00000  0.00100
  2750 7.007431E+03  1.000   100     1 3561.158448  1.00000  0.0000000  0.00000  0.00100
  3000 7.007501E+03  1.000   100     1 3600.400278  1.00000  0.0000000  0.00000  0.00100
  3250 7.007570E+03  1.000   100     2 3548.327288  0.99000  0.0000000  0.00000  0.00100
  3500 7.007632E+03  1.000   100     1 4144.679722  1.00000  0.0000000  0.00000  0.00100
  3750 7.007690E+03  1.000   100     2 4414.945258  0.99000  0.0000000  0.00000  0.00100
  4000 7.007743E+03  1.000   100     2 4997.207467  0.99000  0.0000000  0.00000  0.00100
  4250 7.007793E+03  1.000   100     2 5147.752156  0.80000  0.0000000  0.00000  0.00100
  4500 7.007837E+03  1.000   100     2 5779.742940  0.84000  0.0000000  0.00000  0.00100
  4750 7.007881E+03  1.000   100     2 5693.864936  0.88000  0.0000000  0.00000  0.00100
  5000 7.007923E+03  1.000   100     2 5903.025490  0.95000  0.0000000  0.00000  0.00100
  5250 7.007966E+03  1.000   100     1 5910.628434  1.00000  0.0000000  0.00000  0.00100
  5500 7.008008E+03  1.000   100     1 5816.907861  1.00000  0.0000000  0.00000  0.00100
  5750 7.008050E+03  1.000   100     1 5973.755119  1.00000  0.0000000  0.00000  0.00100
  6000 7.008094E+03  1.000   100     2 5820.152923  0.85000  0.0000000  0.00000  0.00100
  6250 7.008137E+03  1.000   100     1 5834.693167  1.00000  0.0000000  0.00000  0.00100
  6500 7.008175E+03  1.000   100     1 6614.214328  1.00000  0.0000000  0.00000  0.00100
  6750 7.008210E+03  1.000   100     3 6976.809800  0.96000  0.0000000  0.00000  0.00100
  7000 7.008246E+03  1.000   100     1 7105.808745  1.00000  0.0000000  0.00000  0.00100
  7250 7.008281E+03  1.000   100     1 7032.361276  1.00000  0.0000000  0.00000  0.00100
  7500 7.008317E+03  1.000   100     2 6994.539140  0.98000  0.0000000  0.00000  0.00100
  7750 7.008351E+03  1.000   100     2 8105.657263  0.98000  0.0000000  0.00000  0.00100
  8000 7.008381E+03  1.000   100     1 8253.366785  1.00000  0.0000000  0.00000  0.00100
  8250 7.008412E+03  1.000   100     2 8243.830598  0.99000  0.0000000  0.00000  0.00100
  8500 7.008443E+03  1.000   100     1 8145.234229  1.00000  0.0000000  0.00000  0.00100
  8750 7.008474E+03  1.000   100     1 8016.153285  1.00000  0.0000000  0.00000  0.00100
  9000 7.008505E+03  1.000   100     2 8044.233970  0.95000  0.0000000  0.00000  0.00100
  9250 7.008536E+03  1.000   100     1 8135.512320  1.00000  0.0000000  0.00000  0.00100
  9500 7.008567E+03  1.000   100     2 8314.858861  0.81000  0.0000000  0.00000  0.00100
  9750 7.008597E+03  1.000   100     1 8388.048803  1.00000  0.0000000  0.00000  0.00100
 10000 7.008627E+03  1.000   100     1 8448.777480  1.00000  0.0000000  0.00000  0.00100
 10500 7.008688E+03  1.000   100     4 8181.549818  0.90000  0.0000000  0.00000  0.00100
 11000 7.008750E+03  1.000   100     1 8164.232714  1.00000  0.0000000  0.00000  0.00100
 11500 7.008811E+03  1.000   100     2 8304.261554  0.99000  0.0000000  0.00000  0.00100
 12000 7.008872E+03  1.000   100     1 8235.715162  1.00000  0.0000000  0.00000  0.00100
 12500 7.008932E+03  1.000   100     1 8418.170809  1.00000  0.0000000  0.00000  0.00100
 13000 7.008992E+03  1.000   100     1 8346.080678  1.00000  0.0000000  0.00000  0.00100
 13500 7.009052E+03  1.000   100     1 8429.691357  1.00000  0.0000000  0.00000  0.00100
 14000 7.009113E+03  1.000   100     1 8414.208355  1.00000  0.0000000  0.00000  0.00100
 14500 7.009174E+03  1.000   100     1 8418.265253  1.00000  0.0000000  0.00000  0.00100
 15000 7.009234E+03  1.000   100     2 8329.640267  0.99000  0.0000000  0.00000  0.00100
 15500 7.009294E+03  1.000   100     1 8393.193784  1.00000  0.0000000  0.00000  0.00100
 16000 7.009354E+03  1.000   100     3 8408.783708  0.98000  0.0000000  0.00000  0.00100
 16500 7.009413E+03  1.000   100     1 8826.518367  1.00000  0.0000000  0.00000  0.00100
 17000 7.009471E+03  1.000   100     1 8490.591035  1.00000  0.0000000  0.00000  0.00100
 17500 7.009528E+03  1.000   100     1 8769.308288  1.00000  0.0000000  0.00000  0.00100
 18000 7.009587E+03  1.000   100     1 8263.642344  1.00000  0.0000000  0.00000  0.00100
 18500 7.009645E+03  1.000   100     1 8729.229062  1.00000  0.0000000  0.00000  0.00100
 19000 7.009704E+03  1.000   100     1 8695.322625  1.00000  0.0000000  0.00000  0.00100
 19500 7.009762E+03  1.000   100     1 8471.399269  1.00000  0.0000000  0.00000  0.00100
 20000 7.009821E+03  1.000   100     2 8631.831045  0.99000  0.0000000  0.00000  0.00100
 20500 7.009879E+03  1.000   100     1 8634.867808  1.00000  0.0000000  0.00000  0.00100
 21000 7.009938E+03  1.000   100     2 8643.439387  0.99000  0.0000000  0.00000  0.00100
 21500 7.009996E+03  1.000   100     1 8561.493667  1.00000  0.0000000  0.00000  0.00100
 22000 7.010054E+03  1.000   100     1 8551.499619  1.00000  0.0000000  0.00000  0.00100
 22500 7.010112E+03  1.000   100     2 8590.065429  0.99000  0.0000000  0.00000  0.00100
 23000 7.010170E+03  1.000   100     1 8763.399106  1.00000  0.0000000  0.00000  0.00100
 23500 7.010228E+03  1.000   100     2 8407.646374  0.98000  0.0000000  0.00000  0.00100
 24000 7.010287E+03  1.000   100     1 8713.818250  1.00000  0.0000000  0.00000  0.00100
 24500 7.010345E+03  1.000   100     1 8763.944414  1.00000  0.0000000  0.00000  0.00100
 25000 7.010403E+03  1.000   100     1 8815.931490  1.00000  0.0000000  0.00000  0.00100
 25500 7.010461E+03  1.000   100     1 8641.185448  1.00000  0.0000000  0.00000  0.00100
 26000 7.010519E+03  1.000   100     1 8687.933926  1.00000  0.0000000  0.00000  0.00100
 26500 7.010577E+03  1.000   100     1 8780.926792  1.00000  0.0000000  0.00000  0.00100
 27000 7.010635E+03  1.000   100     1 8636.601618  1.00000  0.0000000  0.00000  0.00100
 27500 7.010693E+03  1.000   100     1 8660.376745  1.00000  0.0000000  0.00000  0.00100
 28000 7.010751E+03  1.000   100     1 8670.114775  1.00000  0.0000000  0.00000  0.00100
 28500 7.010808E+03  1.000   100     2 8651.919199  0.67000  0.0000000  0.00000  0.00100
 29000 7.010867E+03  1.000   100     1 8497.732432  1.00000  0.0000000  0.00000  0.00100
 29500 7.010926E+03  1.000   100     1 8484.186360  1.00000  0.0000000  0.00000  0.00100
 30000 7.010985E+03  1.000   100     2 8447.563051  0.99000  0.0000000  0.00000  0.00100
 30500 7.011044E+03  1.000   100     2 8461.243885  0.97000  0.0000000  0.00000  0.00100
 31000 7.011103E+03  1.000   100     1 8555.042375  1.00000  0.0000000  0.00000  0.00100
 31500 7.011161E+03  1.000   100     2 8428.576458  0.99000  0.0000000  0.00000  0.00100
 32000 7.011221E+03  1.000   100     1 8468.957597  1.00000  0.0000000  0.00000  0.00100
 32500 7.011278E+03  1.000   100     1 8659.120039  1.00000  0.0000000  0.00000  0.00100
 33000 7.011337E+03  1.000   100     1 8548.215275  1.00000  0.0000000  0.00000  0.00100
 33500 7.011396E+03  1.000   100     1 8369.925999  1.00000  0.0000000  0.00000  0.00100
 34000 7.011454E+03  1.000   100     1 8540.776282  1.00000  0.0000000  0.00000  0.00100
 34500 7.011513E+03  1.000   100     1 8591.582724  1.00000  0.0000000  0.00000  0.00100
 35000 7.011572E+03  1.000   100     2 8594.150125  0.99000  0.0000000  0.00000  0.00100
 35500 7.011631E+03  1.000   100     1 8592.192334  1.00000  0.0000000  0.00000  0.00100
 36000 7.011689E+03  1.000   100     1 8617.384868  1.00000  0.0000000  0.00000  0.00100
 36500 7.011747E+03  1.000   100     1 8985.399699  1.00000  0.0000000  0.00000  0.00100
 37000 7.011802E+03  1.000   100     1 9069.897138  1.00000  0.0000000  0.00000  0.00100
 37500 7.011858E+03  1.000   100     1 9054.239522  1.00000  0.0000000  0.00000  0.00100
 38000 7.011914E+03  1.000   100     1 9093.687439  1.00000  0.0000000  0.00000  0.00100
 38500 7.011970E+03  1.000   100     2 8920.119915  0.99000  0.0000000  0.00000  0.00100
 39000 7.012026E+03  1.000   100     1 8944.143664  1.00000  0.0000000  0.00000  0.00100
 39500 7.012083E+03  1.000   100     3 9065.161824  0.87000  0.0000000  0.00000  0.00100
 40000 7.012138E+03  1.000   100     1 9096.572579  1.00000  0.0000000  0.00000  0.00100
 40500 7.012194E+03  1.000   100     2 9041.282532  0.97000  0.0000000  0.00000  0.00100
 41000 7.012250E+03  1.000   100     1 8974.397017  1.00000  0.0000000  0.00000  0.00100
 41500 7.012305E+03  1.000   100     2 9225.127795  0.52000  0.0000000  0.00000  0.00100
 42000 7.012361E+03  1.000   100     1 9074.904487  1.00000  0.0000000  0.00000  0.00100
 42500 7.012416E+03  1.000   100     3 8788.840056  0.82000  0.0000000  0.00000  0.00100
 43000 7.012471E+03  1.000   100     1 9154.513813  1.00000  0.0000000  0.00000  0.00100
 43500 7.012527E+03  1.000   100     2 8916.051976  0.99000  0.0000000  0.00000  0.00100
 44000 7.012582E+03  1.000   100     1 8837.572733  1.00000  0.0000000  0.00000  0.00100
 44500 7.012638E+03  1.000   100     2 9129.513717  0.99000  0.0000000  0.00000  0.00100
 45000 7.012692E+03  1.000   100     1 9576.669046  1.00000  0.0000000  0.00000  0.00100
 45500 7.012744E+03  1.000   100     2 9518.933812  0.99000  0.0000000  0.00000  0.00100
 46000 7.012796E+03  1.000   100     2 9621.796658  0.99000  0.0000000  0.00000  0.00100
 46500 7.012848E+03  1.000   100     1 9388.135162  1.00000  0.0000000  0.00000  0.00100
 47000 7.012901E+03  1.000   100     2 9537.463718  0.91000  0.0000000  0.00000  0.00100
 47500 7.012953E+03  1.000   100     1 9357.297141  1.00000  0.0000000  0.00000  0.00100
 48000 7.013006E+03  1.000   100     1 9267.368521  1.00000  0.0000000  0.00000  0.00100
 48500 7.013060E+03  1.000   100     1 9536.984440  1.00000  0.0000000  0.00000  0.00100
 49000 7.013113E+03  1.000   100     1 9369.838356  1.00000  0.0000000  0.00000  0.00100
 49500 7.013166E+03  1.000   100     1 9322.277588  1.00000  0.0000000  0.00000  0.00100
 50000 7.013218E+03  1.000   100     2 9447.905642  0.99000  0.0000000  0.00000  0.00100
 50500 7.013272E+03  1.000   100     2 9326.467059  0.99000  0.0000000  0.00000  0.00100
 51000 7.013325E+03  1.000   100     1 9287.033642  1.00000  0.0000000  0.00000  0.00100
 51500 7.013378E+03  1.000   100     3 9332.169977  0.96000  0.0000000  0.00000  0.00100
 52000 7.013431E+03  1.000   100     1 9508.029044  1.00000  0.0000000  0.00000  0.00100
 52500 7.013484E+03  1.000   100     1 9377.642136  1.00000  0.0000000  0.00000  0.00100
 53000 7.013537E+03  1.000   100     2 9419.859334  0.98000  0.0000000  0.00000  0.00100
 53500 7.013590E+03  1.000   100     1 9331.475879  1.00000  0.0000000  0.00000  0.00100
 54000 7.013643E+03  1.000   100     2 9524.254412  0.99000  0.0000000  0.00000  0.00100
 54500 7.013696E+03  1.000   100     1 9499.276499  1.00000  0.0000000  0.00000  0.00100
 55000 7.013749E+03  1.000   100     1 9428.047888  1.00000  0.0000000  0.00000  0.00100
 55500 7.013803E+03  1.000   100     1 9168.879955  1.00000  0.0000000  0.00000  0.00100
 56000 7.013856E+03  1.000   100     3 9371.123759  0.92000  0.0000000  0.00000  0.00100
 56500 7.013907E+03  1.000   100     2 9742.181186  0.96000  0.0000000  0.00000  0.00100
 57000 7.013959E+03  1.000   100     2 9663.173361  0.95000  0.0000000  0.00000  0.00100
 57500 7.014010E+03  1.000   100     1 10504.428874  1.00000  0.0000000  0.00000  0.00100
 58000 7.014058E+03  1.000   100     1 10625.746237  1.00000  0.0000000  0.00000  0.00100
 58500 7.014105E+03  1.000   100     3 10566.702714  0.35000  0.0000000  0.00000  0.00100
 59000 7.014152E+03  1.000   100     1 10612.060718  1.00000  0.0000000  0.00000  0.00100
 59500 7.014200E+03  1.000   100     3 10183.046462  0.92000  0.0000000  0.00000  0.00100
 60000 7.014247E+03  1.000   100     1 10861.810639  1.00000  0.0000000  0.00000  0.00100
 60500 7.014293E+03  1.000   100     2 10816.748974  0.93000  0.0000000  0.00000  0.00100
 61000 7.014340E+03  1.000   100     1 10823.934426  1.00000  0.0000000  0.00000  0.00100
 61500 7.014385E+03  1.000   100     2 11002.691660  0.98000  0.0000000  0.00000  0.00100
 62000 7.014431E+03  1.000   100     1 10836.542666  1.00000  0.0000000  0.00000  0.00100
 62500 7.014477E+03  1.000   100     2 10832.142337  0.99000  0.0000000  0.00000  0.00100
 63000 7.014523E+03  1.000   100     1 11074.189139  1.00000  0.0000000  0.00000  0.00100
 63500 7.014569E+03  1.000   100     3 10975.869274  0.72000  0.0000000  0.00000  0.00100
 64000 7.014614E+03  1.000   100     1 11094.952669  1.00000  0.0000000  0.00000  0.00100
 64500 7.014660E+03  1.000   100     2 11029.250575  0.76000  0.0000000  0.00000  0.00100
 65000 7.014705E+03  1.000   100     1 10858.588465  1.00000  0.0000000  0.00000  0.00100
 65500 7.014750E+03  1.000   100     1 11211.514725  1.00000  0.0000000  0.00000  0.00100
 66000 7.014796E+03  1.000   100     2 11050.757799  0.99000  0.0000000  0.00000  0.00100
 66500 7.014841E+03  1.000   100     2 11112.313712  0.99000  0.0000000  0.00000  0.00100
 67000 7.014886E+03  1.000   100     1 10915.878603  1.00000  0.0000000  0.00000  0.00100
 67500 7.014932E+03  1.000   100     1 10908.740376  1.00000  0.0000000  0.00000  0.00100
 68000 7.014978E+03  1.000   100     3 10987.294589  0.98000  0.0000000  0.00000  0.00100
 68500 7.015024E+03  1.000   100     2 10459.710147  0.99000  0.0000000  0.00000  0.00100
 69000 7.015071E+03  1.000   100     1 10971.727888  1.00000  0.0000000  0.00000  0.00100
 69500 7.015117E+03  1.000   100     1 10828.634300  1.00000  0.0000000  0.00000  0.00100
 70000 7.015163E+03  1.000   100     1 10796.060176  1.00000  0.0000000  0.00000  0.00100
 70500 7.015209E+03  1.000   100     2 10772.438909  0.99000  0.0000000  0.00000  0.00100
 71000 7.015256E+03  1.000   100     2 10807.711982  0.99000  0.0000000  0.00000  0.00100
 71500 7.015302E+03  1.000   100     1 10667.378273  1.00000  0.0000000  0.00000  0.00100
 72000 7.015349E+03  1.000   100     1 10897.797030  1.00000  0.0000000  0.00000  0.00100
 72500 7.015395E+03  1.000   100     2 10667.064740  0.99000  0.0000000  0.00000  0.00100
 73000 7.015443E+03  1.000   100     2 10281.204240  0.97000  0.0000000  0.00000  0.00100
 73500 7.015490E+03  1.000   100     1 10633.562549  1.00000  0.0000000  0.00000  0.00100
 74000 7.015536E+03  1.000   100     1 10809.939210  1.00000  0.0000000  0.00000  0.00100
 74500 7.015582E+03  1.000   100     3 10840.767353  0.98000  0.0000000  0.00000  0.00100
 75000 7.015629E+03  1.000   100     1 10753.127309  1.00000  0.0000000  0.00000  0.00100
 75500 7.015676E+03  1.000   100     1 10851.112277  1.00000  0.0000000  0.00000  0.00100
 76000 7.015723E+03  1.000   100     1 10658.116384  1.00000  0.0000000  0.00000  0.00100
 76500 7.015770E+03  1.000   100     2 10753.265690  0.73000  0.0000000  0.00000  0.00100
 77000 7.015817E+03  1.000   100     1 10850.441069  1.00000  0.0000000  0.00000  0.00100
 77500 7.015864E+03  1.000   100     2 10865.276205  0.99000  0.0000000  0.00000  0.00100
 78000 7.015911E+03  1.000   100     1 10606.831494  1.00000  0.0000000  0.00000  0.00100
 78500 7.015958E+03  1.000   100     1 10737.011977  1.00000  0.0000000  0.00000  0.00100
 79000 7.016005E+03  1.000   100     1 10462.273304  1.00000  0.0000000  0.00000  0.00100
 79500 7.016052E+03  1.000   100     2 10726.288263  0.96000  0.0000000  0.00000  0.00100
 80000 7.016100E+03  1.000   100     1 10552.934741  1.00000  0.0000000  0.00000  0.00100
 80500 7.016146E+03  1.000   100     1 10456.002077  1.00000  0.0000000  0.00000  0.00100
 81000 7.016193E+03  1.000   100     1 10759.775782  1.00000  0.0000000  0.00000  0.00100
 81500 7.016240E+03  1.000   100     2 10674.372560  0.94000  0.0000000  0.00000  0.00100
 82000 7.016288E+03  1.000   100     1 10647.439407  1.00000  0.0000000  0.00000  0.00100
 82500 7.016335E+03  1.000   100     1 10626.845526  1.00000  0.0000000  0.00000  0.00100
 83000 7.016381E+03  1.000   100     2 10902.749680  0.95000  0.0000000  0.00000  0.00100
 83500 7.016428E+03  1.000   100     2 10690.335793  0.99000  0.0000000  0.00000  0.00100
 84000 7.016474E+03  1.000   100     1 10418.022887  1.00000  0.0000000  0.00000  0.00100
 84500 7.016522E+03  1.000   100     1 10631.878011  1.00000  0.0000000  0.00000  0.00100
 85000 7.016569E+03  1.000   100     1 10902.690728  1.00000  0.0000000  0.00000  0.00100
 85500 7.016616E+03  1.000   100     1 10887.011507  1.00000  0.0000000  0.00000  0.00100
 86000 7.016662E+03  1.000   100     2 10823.437270  0.88000  0.0000000  0.00000  0.00100
 86500 7.016709E+03  1.000   100     2 10839.732042  0.99000  0.0000000  0.00000  0.00100
 87000 7.016755E+03  1.000   100     2 10790.408110  0.98000  0.0000000  0.00000  0.00100
 87500 7.016801E+03  1.000   100     1 10897.412431  1.00000  0.0000000  0.00000  0.00100
 88000 7.016848E+03  1.000   100     1 10887.004293  1.00000  0.0000000  0.00000  0.00100
 88500 7.016895E+03  1.000   100     2 10447.517842  0.84000  0.0000000  0.00000  0.00100
 89000 7.016943E+03  1.000   100     1 10228.442025  1.00000  0.0000000  0.00000  0.00100
 89500 7.016992E+03  1.000   100     1 10434.040370  1.00000  0.0000000  0.00000  0.00100
 90000 7.017040E+03  1.000   100     2 10411.159049  0.80000  0.0000000  0.00000  0.00100
 90500 7.017088E+03  1.000   100     1 10498.492577  1.00000  0.0000000  0.00000  0.00100
 91000 7.017137E+03  1.000   100     1 10009.339173  1.00000  0.0000000  0.00000  0.00100
 91500 7.017184E+03  1.000   100     1 10877.155471  1.00000  0.0000000  0.00000  0.00100
 92000 7.017231E+03  1.000   100     2 10674.220068  0.99000  0.0000000  0.00000  0.00100
 92500 7.017278E+03  1.000   100     2 10555.673178  0.99000  0.0000000  0.00000  0.00100
 93000 7.017324E+03  1.000   100     1 10868.881533  1.00000  0.0000000  0.00000  0.00100
 93500 7.017371E+03  1.000   100     1 10784.675563  1.00000  0.0000000  0.00000  0.00100
 94000 7.017417E+03  1.000   100     2 10780.257249  0.96000  0.0000000  0.00000  0.00100
 94500 7.017464E+03  1.000   100     3 10794.516531  0.92000  0.0000000  0.00000  0.00100
 95000 7.017510E+03  1.000   100     1 10916.321536  1.00000  0.0000000  0.00000  0.00100
 95500 7.017556E+03  1.000   100     1 10908.819599  1.00000  0.0000000  0.00000  0.00100
 96000 7.017602E+03  1.000   100     2 10674.306696  0.99000  0.0000000  0.00000  0.00100
 96500 7.017649E+03  1.000   100     3 10530.665026  0.96000  0.0000000  0.00000  0.00100
 97000 7.017695E+03  1.000   100     1 10928.152806  1.00000  0.0000000  0.00000  0.00100
 97500 7.017742E+03  1.000   100     1 10658.235796  1.00000  0.0000000  0.00000  0.00100
 98000 7.017788E+03  1.000   100     2 10969.741872  0.94000  0.0000000  0.00000  0.00100
 98500 7.017834E+03  1.000   100     1 10778.386810  1.00000  0.0000000  0.00000  0.00100
 99000 7.017880E+03  1.000   100     2 10504.603045  0.99000  0.0000000  0.00000  0.00100
 99500 7.017927E+03  1.000   100     3 10803.164832  0.97000  0.0000000  0.00000  0.00100
100000 7.017973E+03  1.000   100     1 10681.934984  1.00000  0.0000000  0.00000  0.00100
100500 7.018020E+03  1.000   100     1 10850.773121  1.00000  0.0000000  0.00000  0.00100
101000 7.018067E+03  1.000   100     2 10454.279585  0.82000  0.0000000  0.00000  0.00100
101500 7.018113E+03  1.000   100     1 10794.383784  1.00000  0.0000000  0.00000  0.00100
102000 7.018160E+03  1.000   100     1 10761.827166  1.00000  0.0000000  0.00000  0.00100
102500 7.018205E+03  1.000   100     1 11209.212655  1.00000  0.0000000  0.00000  0.00100
103000 7.018248E+03  1.000   100     2 11280.641479  0.84000  0.0000000  0.00000  0.00100
103500 7.018292E+03  1.000   100     1 11587.876196  1.00000  0.0000000  0.00000  0.00100
104000 7.018335E+03  1.000   100     1 11663.570607  1.00000  0.0000000  0.00000  0.00100
104500 7.018379E+03  1.000   100     2 11584.329430  0.99000  0.0000000  0.00000  0.00100
105000 7.018422E+03  1.000   100     1 11538.027725  1.00000  0.0000000  0.00000  0.00100
105500 7.018466E+03  1.000   100     1 11600.993719  1.00000  0.0000000  0.00000  0.00100
106000 7.018509E+03  1.000   100     2 11781.579040  0.99000  0.0000000  0.00000  0.00100
106500 7.018552E+03  1.000   100     3 11628.702232  0.64000  0.0000000  0.00000  0.00100
107000 7.018595E+03  1.000   100     1 11737.899403  1.00000  0.0000000  0.00000  0.00100
107500 7.018638E+03  1.000   100     2 11723.372209  0.99000  0.0000000  0.00000  0.00100
108000 7.018681E+03  1.000   100     1 11389.496447  1.00000  0.0000000  0.00000  0.00100
108500 7.018726E+03  1.000   100     1 11213.730516  1.00000  0.0000000  0.00000  0.00100
109000 7.018770E+03  1.000   100     2 11400.700762  0.99000  0.0000000  0.00000  0.00100
109500 7.018814E+03  1.000   100     1 11543.626809  1.00000  0.0000000  0.00000  0.00100
110000 7.018858E+03  1.000   100     3 11597.661173  0.94000  0.0000000  0.00000  0.00100
110500 7.018900E+03  1.000   100     2 11809.176440  0.98000  0.0000000  0.00000  0.00100
111000 7.018943E+03  1.000   100     1 11644.355508  1.00000  0.0000000  0.00000  0.00100
111500 7.018986E+03  1.000   100     1 11647.585218  1.00000  0.0000000  0.00000  0.00100
112000 7.019029E+03  1.000   100     1 11469.918497  1.00000  0.0000000  0.00000  0.00100
112500 7.019072E+03  1.000   100     1 11518.730716  1.00000  0.0000000  0.00000  0.00100
113000 7.019115E+03  1.000   100     1 11508.599534  1.00000  0.0000000  0.00000  0.00100
113500 7.019159E+03  1.000   100     3 11759.857343  0.69000  0.0000000  0.00000  0.00100
114000 7.019202E+03  1.000   100     1 11750.651306  1.00000  0.0000000  0.00000  0.00100
114500 7.019244E+03  1.000   100     2 11705.597697  0.80000  0.0000000  0.00000  0.00100
115000 7.019288E+03  1.000   100     1 11598.385027  1.00000  0.0000000  0.00000  0.00100
115500 7.019331E+03  1.000   100     1 11368.205186  1.00000  0.0000000  0.00000  0.00100
116000 7.019375E+03  1.000   100     2 11229.058660  0.98000  0.0000000  0.00000  0.00100
116500 7.019418E+03  1.000   100     1 11962.896681  1.00000  0.0000000  0.00000  0.00100
117000 7.019461E+03  1.000   100     1 11754.604373  1.00000  0.0000000  0.00000  0.00100
117500 7.019503E+03  1.000   100     1 11824.375868  1.00000  0.0000000  0.00000  0.00100
118000 7.019546E+03  1.000   100     1 11486.910170  1.00000  0.0000000  0.00000  0.00100
118500 7.019590E+03  1.000   100     1 11705.713183  1.00000  0.0000000  0.00000  0.00100
119000 7.019631E+03  1.000   100     1 12379.517986  1.00000  0.0000000  0.00000  0.00100
119500 7.019672E+03  1.000   100     2 12286.601581  0.98000  0.0000000  0.00000  0.00100
120000 7.019714E+03  1.000   100     1 12055.443182  1.00000  0.0000000  0.00000  0.00100
120500 7.019755E+03  1.000   100     1 12193.666550  1.00000  0.0000000  0.00000  0.00100
121000 7.019796E+03  1.000   100     3 11823.439614  0.96000  0.0000000  0.00000  0.00100
121500 7.019837E+03  1.000   100     1 11796.345132  1.00000  0.0000000  0.00000  0.00100
122000 7.019879E+03  1.000   100     1 11937.719827  1.00000  0.0000000  0.00000  0.00100
122500 7.019920E+03  1.000   100     2 11428.964994  0.99000  0.0000000  0.00000  0.00100
123000 7.019962E+03  1.000   100     1 11601.255764  1.00000  0.0000000  0.00000  0.00100
123500 7.020004E+03  1.000   100     1 12110.816967  1.00000  0.0000000  0.00000  0.00100
124000 7.020046E+03  1.000   100     1 12156.682690  1.00000  0.0000000  0.00000  0.00100
124500 7.020087E+03  1.000   100     1 12144.674249  1.00000  0.0000000  0.00000  0.00100
125000 7.020129E+03  1.000   100     1 12238.207578  1.00000  0.0000000  0.00000  0.00100
125500 7.020170E+03  1.000   100     2 11789.754400  0.77000  0.0000000  0.00000  0.00100
126000 7.020212E+03  1.000   100     2 12226.191707  0.99000  0.0000000  0.00000  0.00100
126500 7.020253E+03  1.000   100     1 12224.739385  1.00000  0.0000000  0.00000  0.00100
127000 7.020295E+03  1.000   100     1 12253.692867  1.00000  0.0000000  0.00000  0.00100
127500 7.020336E+03  1.000   100     1 12154.119906  1.00000  0.0000000  0.00000  0.00100
128000 7.020378E+03  1.000   100     1 12011.445045  1.00000  0.0000000  0.00000  0.00100
128500 7.020419E+03  1.000   100     1 12056.150437  1.00000  0.0000000  0.00000  0.00100
129000 7.020461E+03  1.000   100     2 11835.855722  0.99000  0.0000000  0.00000  0.00100
129500 7.020502E+03  1.000   100     1 12226.297455  1.00000  0.0000000  0.00000  0.00100
130000 7.020544E+03  1.000   100     2 11845.023774  0.99000  0.0000000  0.00000  0.00100
130500 7.020586E+03  1.000   100     2 11798.026655  0.97000  0.0000000  0.00000  0.00100
131000 7.020628E+03  1.000   100     1 12224.532209  1.00000  0.0000000  0.00000  0.00100
131500 7.020670E+03  1.000   100     1 11812.642123  1.00000  0.0000000  0.00000  0.00100
132000 7.020712E+03  1.000   100     1 11978.399919  1.00000  0.0000000  0.00000  0.00100
132500 7.020754E+03  1.000   100     2 11920.775417  0.99000  0.0000000  0.00000  0.00100
133000 7.020795E+03  1.000   100     1 12074.291943  1.00000  0.0000000  0.00000  0.00100
133500 7.020837E+03  1.000   100     2 12222.811966  0.98000  0.0000000  0.00000  0.00100
134000 7.020878E+03  1.000   100     1 12134.387854  1.00000  0.0000000  0.00000  0.00100
134500 7.020919E+03  1.000   100     1 12020.736162  1.00000  0.0000000  0.00000  0.00100
135000 7.020961E+03  1.000   100     1 12083.706799  1.00000  0.0000000  0.00000  0.00100
135500 7.021002E+03  1.000   100     2 11799.137905  0.99000  0.0000000  0.00000  0.00100
136000 7.021045E+03  1.000   100     3 11741.687569  0.95000  0.0000000  0.00000  0.00100
136500 7.021086E+03  1.000   100     2 12006.176663  0.97000  0.0000000  0.00000  0.00100
137000 7.021128E+03  1.000   100     1 12177.263621  1.00000  0.0000000  0.00000  0.00100
137500 7.021170E+03  1.000   100     3 12002.460682  0.98000  0.0000000  0.00000  0.00100
138000 7.021212E+03  1.000   100     2 11945.667364  0.94000  0.0000000  0.00000  0.00100
138500 7.021254E+03  1.000   100     2 12036.654448  0.97000  0.0000000  0.00000  0.00100
139000 7.021296E+03  1.000   100     2 11964.167704  0.95000  0.0000000  0.00000  0.00100
139500 7.021338E+03  1.000   100     1 11873.573956  1.00000  0.0000000  0.00000  0.00100
140000 7.021380E+03  1.000   100     1 12158.799636  1.00000  0.0000000  0.00000  0.00100
140500 7.021422E+03  1.000   100     2 11945.106429  0.99000  0.0000000  0.00000  0.00100
141000 7.021463E+03  1.000   100     2 11993.080421  0.99000  0.0000000  0.00000  0.00100
141500 7.021505E+03  1.000   100     1 12078.869294  1.00000  0.0000000  0.00000  0.00100
142000 7.021546E+03  1.000   100     2 12313.921653  0.94000  0.0000000  0.00000  0.00100
142500 7.021587E+03  1.000   100     2 12034.150597  0.99000  0.0000000  0.00000  0.00100
143000 7.021629E+03  1.000   100     3 12120.640399  0.96000  0.0000000  0.00000  0.00100
143500 7.021670E+03  1.000   100     1 12177.586747  1.00000  0.0000000  0.00000  0.00100
144000 7.021712E+03  1.000   100     1 12030.590457  1.00000  0.0000000  0.00000  0.00100
144500 7.021753E+03  1.000   100     2 11905.765651  0.99000  0.0000000  0.00000  0.00100
145000 7.021794E+03  1.000   100     2 12139.752847  0.99000  0.0000000  0.00000  0.00100
145500 7.021835E+03  1.000   100     3 12081.194194  0.87000  0.0000000  0.00000  0.00100
146000 7.021877E+03  1.000   100     1 12092.672639  1.00000  0.0000000  0.00000  0.00100
146500 7.021919E+03  1.000   100     1 12344.255554  1.00000  0.0000000  0.00000  0.00100
147000 7.021959E+03  1.000   100     1 12289.706200  1.00000  0.0000000  0.00000  0.00100
147500 7.022001E+03  1.000   100     2 11722.047137  0.99000  0.0000000  0.00000  0.00100
148000 7.022043E+03  1.000   100     1 11879.454564  1.00000  0.0000000  0.00000  0.00100
148500 7.022086E+03  1.000   100     1 11969.371686  1.00000  0.0000000  0.00000  0.00100
149000 7.022129E+03  1.000   100     2 11848.321330  0.99000  0.0000000  0.00000  0.00100
149500 7.022171E+03  1.000   100     1 11813.436577  1.00000  0.0000000  0.00000  0.00100
150000 7.022213E+03  1.000   100     2 11993.477718  0.53000  0.0000000  0.00000  0.00100
150500 7.022253E+03  1.000   100     1 12305.634169  1.00000  0.0000000  0.00000  0.00100
151000 7.022294E+03  1.000   100     1 12434.525066  1.00000  0.0000000  0.00000  0.00100
151500 7.022334E+03  1.000   100     1 12430.972664  1.00000  0.0000000  0.00000  0.00100
152000 7.022374E+03  1.000   100     1 12208.010938  1.00000  0.0000000  0.00000  0.00100
152500 7.022415E+03  1.000   100     2 12261.375213  0.99000  0.0000000  0.00000  0.00100
153000 7.022456E+03  1.000   100     1 12198.002209  1.00000  0.0000000  0.00000  0.00100
153500 7.022497E+03  1.000   100     2 12275.422632  0.97000  0.0000000  0.00000  0.00100
154000 7.022538E+03  1.000   100     1 12001.344392  1.00000  0.0000000  0.00000  0.00100
154500 7.022579E+03  1.000   100     1 12050.239490  1.00000  0.0000000  0.00000  0.00100
155000 7.022620E+03  1.000   100     1 12300.478137  1.00000  0.0000000  0.00000  0.00100
155500 7.022661E+03  1.000   100     1 12267.675020  1.00000  0.0000000  0.00000  0.00100
156000 7.022702E+03  1.000   100     1 12145.712005  1.00000  0.0000000  0.00000  0.00100
156500 7.022744E+03  1.000   100     1 12245.956723  1.00000  0.0000000  0.00000  0.00100
157000 7.022785E+03  1.000   100     2 12254.438934  0.98000  0.0000000  0.00000  0.00100
157500 7.022826E+03  1.000   100     3 11998.073044  0.81000  0.0000000  0.00000  0.00100
158000 7.022867E+03  1.000   100     2 12138.399087  0.99000  0.0000000  0.00000  0.00100
158500 7.022909E+03  1.000   100     2 12068.631281  0.99000  0.0000000  0.00000  0.00100
159000 7.022950E+03  1.000   100     1 12022.939823  1.00000  0.0000000  0.00000  0.00100
159500 7.022992E+03  1.000   100     2 12081.232725  0.99000  0.0000000  0.00000  0.00100
160000 7.023034E+03  1.000   100     1 12145.898768  1.00000  0.0000000  0.00000  0.00100
160500 7.023075E+03  1.000   100     1 12030.202404  1.00000  0.0000000  0.00000  0.00100
161000 7.023117E+03  1.000   100     2 11889.898035  0.96000  0.0000000  0.00000  0.00100
161500 7.023158E+03  1.000   100     2 12014.488642  0.99000  0.0000000  0.00000  0.00100
162000 7.023200E+03  1.000   100     1 11957.737232  1.00000  0.0000000  0.00000  0.00100
162500 7.023241E+03  1.000   100     2 11768.752421  0.94000  0.0000000  0.00000  0.00100
163000 7.023283E+03  1.000   100     2 11935.660872  0.99000  0.0000000  0.00000  0.00100
163500 7.023325E+03  1.000   100     1 11945.708023  1.00000  0.0000000  0.00000  0.00100
164000 7.023367E+03  1.000   100     2 12348.950349  0.99000  0.0000000  0.00000  0.00100
164500 7.023407E+03  1.000   100     2 12381.106743  0.98000  0.0000000  0.00000  0.00100
165000 7.023448E+03  1.000   100     1 12273.874760  1.00000  0.0000000  0.00000  0.00100
165500 7.023488E+03  1.000   100     1 12243.218016  1.00000  0.0000000  0.00000  0.00100
166000 7.023530E+03  1.000   100     3 11862.990538  0.87000  0.0000000  0.00000  0.00100
166500 7.023572E+03  1.000   100     2 11982.965601  0.98000  0.0000000  0.00000  0.00100
167000 7.023613E+03  1.000   100     1 12300.620817  1.00000  0.0000000  0.00000  0.00100
167500 7.023653E+03  1.000   100     3 12021.281865  0.97000  0.0000000  0.00000  0.00100
168000 7.023694E+03  1.000   100     1 11605.278277  1.00000  0.0000000  0.00000  0.00100
168500 7.023736E+03  1.000   100     1 12326.433704  1.00000  0.0000000  0.00000  0.00100
169000 7.023776E+03  1.000   100     2 11409.016293  0.98000  0.0000000  0.00000  0.00100
169500 7.023817E+03  1.000   100     3 12011.255374  0.93000  0.0000000  0.00000  0.00100
170000 7.023858E+03  1.000   100     1 12313.102328  1.00000  0.0000000  0.00000  0.00100
170500 7.023898E+03  1.000   100     2 12227.512614  0.88000  0.0000000  0.00000  0.00100
171000 7.023938E+03  1.000   100     1 12477.503781  1.00000  0.0000000  0.00000  0.00100
171500 7.023978E+03  1.000   100     1 12680.577107  1.00000  0.0000000  0.00000  0.00100
172000 7.024014E+03  1.000   100     1 13914.763574  1.00000  0.0000000  0.00000  0.00100
172500 7.024050E+03  1.000   100     1 13980.768568  1.00000  0.0000000  0.00000  0.00100
173000 7.024085E+03  1.000   100     1 13984.347009  1.00000  0.0000000  0.00000  0.00100
173500 7.024120E+03  1.000   100     1 13984.793857  1.00000  0.0000000  0.00000  0.00100
174000 7.024156E+03  1.000   100     1 13947.893908  1.00000  0.0000000  0.00000  0.00100
174500 7.024192E+03  1.000   100     1 13809.023243  1.00000  0.0000000  0.00000  0.00100
175000 7.024228E+03  1.000   100     3 14066.953900  0.90000  0.0000000  0.00000  0.00100
175500 7.024263E+03  1.000   100     1 13986.753598  1.00000  0.0000000  0.00000  0.00100
176000 7.024299E+03  1.000   100     2 14404.004584  0.74000  0.0000000  0.00000  0.00100
176500 7.024333E+03  1.000   100     1 14466.840981  1.00000  0.0000000  0.00000  0.00100
177000 7.024368E+03  1.000   100     1 14595.253749  1.00000  0.0000000  0.00000  0.00100
177500 7.024402E+03  1.000   100     2 14364.526228  0.99000  0.0000000  0.00000  0.00100
178000 7.024436E+03  1.000   100     1 14168.901148  1.00000  0.0000000  0.00000  0.00100
178500 7.024471E+03  1.000   100     2 13945.692650  0.97000  0.0000000  0.00000  0.00100
179000 7.024505E+03  1.000   100     1 14582.000639  1.00000  0.0000000  0.00000  0.00100
179500 7.024540E+03  1.000   100     2 14278.366788  0.96000  0.0000000  0.00000  0.00100
180000 7.024574E+03  1.000   100     1 13566.459894  1.00000  0.0000000  0.00000  0.00100
180500 7.024609E+03  1.000   100     3 14182.751423  0.98000  0.0000000  0.00000  0.00100
181000 7.024645E+03  1.000   100     2 14416.462952  0.99000  0.0000000  0.00000  0.00100
181500 7.024680E+03  1.000   100     2 14274.771328  0.98000  0.0000000  0.00000  0.00100
182000 7.024715E+03  1.000   100     1 14425.602556  1.00000  0.0000000  0.00000  0.00100
182500 7.024749E+03  1.000   100     1 14506.402269  1.00000  0.0000000  0.00000  0.00100
183000 7.024783E+03  1.000   100     1 14476.318343  1.00000  0.0000000  0.00000  0.00100
183500 7.024818E+03  1.000   100     2 14692.501432  0.99000  0.0000000  0.00000  0.00100
184000 7.024852E+03  1.000   100     3 14447.692468  0.59000  0.0000000  0.00000  0.00100
184500 7.024887E+03  1.000   100     2 14319.869343  0.97000  0.0000000  0.00000  0.00100
185000 7.024921E+03  1.000   100     1 14535.996494  1.00000  0.0000000  0.00000  0.00100
185500 7.024955E+03  1.000   100     2 14650.733749  0.61000  0.0000000  0.00000  0.00100
186000 7.024988E+03  1.000   100     3 15230.064990  0.60000  0.0000000  0.00000  0.00100
186500 7.025020E+03  1.000   100     2 15615.928003  0.95000  0.0000000  0.00000  0.00100
187000 7.025053E+03  1.000   100     1 15296.941004  1.00000  0.0000000  0.00000  0.00100
187500 7.025086E+03  1.000   100     2 15293.148729  0.98000  0.0000000  0.00000  0.00100
188000 7.025119E+03  1.000   100     2 15371.281628  0.99000  0.0000000  0.00000  0.00100
188500 7.025151E+03  1.000   100     1 15548.540469  1.00000  0.0000000  0.00000  0.00100
189000 7.025184E+03  1.000   100     1 15214.254850  1.00000  0.0000000  0.00000  0.00100
189500 7.025218E+03  1.000   100     1 15614.904208  1.00000  0.0000000  0.00000  0.00100
190000 7.025250E+03  1.000   100     2 15084.003609  0.99000  0.0000000  0.00000  0.00100
190500 7.025283E+03  1.000   100     2 15478.796024  0.99000  0.0000000  0.00000  0.00100
191000 7.025315E+03  1.000   100     2 15637.699049  0.99000  0.0000000  0.00000  0.00100
191500 7.025348E+03  1.000   100     1 15560.755751  1.00000  0.0000000  0.00000  0.00100
192000 7.025379E+03  1.000   100     1 15811.754505  1.00000  0.0000000  0.00000  0.00100
192500 7.025411E+03  1.000   100     1 15237.741761  1.00000  0.0000000  0.00000  0.00100
193000 7.025444E+03  1.000   100     1 15730.219220  1.00000  0.0000000  0.00000  0.00100
193500 7.025476E+03  1.000   100     2 15732.312697  0.99000  0.0000000  0.00000  0.00100
194000 7.025508E+03  1.000   100     3 15977.895027  0.60000  0.0000000  0.00000  0.00100
194500 7.025539E+03  1.000   100     1 15747.851250  1.00000  0.0000000  0.00000  0.00100
195000 7.025571E+03  1.000   100     2 15706.715018  0.92000  0.0000000  0.00000  0.00100
195500 7.025603E+03  1.000   100     3 15688.880790  0.98000  0.0000000  0.00000  0.00100
196000 7.025634E+03  1.000   100     1 16164.574383  1.00000  0.0000000  0.00000  0.00100
196500 7.025666E+03  1.000   100     1 15560.378168  1.00000  0.0000000  0.00000  0.00100
197000 7.025697E+03  1.000   100     1 15543.350083  1.00000  0.0000000  0.00000  0.00100
197500 7.025729E+03  1.000   100     1 15416.470626  1.00000  0.0000000  0.00000  0.00100
198000 7.025761E+03  1.000   100     1 15827.592848  1.00000  0.0000000  0.00000  0.00100
198500 7.025792E+03  1.000   100     1 15883.684173  1.00000  0.0000000  0.00000  0.00100
199000 7.025824E+03  1.000   100     1 15888.584088  1.00000  0.0000000  0.00000  0.00100
199500 7.025855E+03  1.000   100     1 15840.258262  1.00000  0.0000000  0.00000  0.00100
200000 7.025887E+03  1.000   100     1 15670.716398  1.00000  0.0000000  0.00000  0.00100
200500 7.025919E+03  1.000   100     1 15967.149967  1.00000  0.0000000  0.00000  0.00100
201000 7.025951E+03  1.000   100     1 15936.103504  1.00000  0.0000000  0.00000  0.00100
201500 7.025983E+03  1.000   100     1 15713.418109  1.00000  0.0000000  0.00000  0.00100
202000 7.026015E+03  1.000   100     1 15764.879200  1.00000  0.0000000  0.00000  0.00100
202500 7.026047E+03  1.000   100     1 15726.699063  1.00000  0.0000000  0.00000  0.00100
203000 7.026079E+03  1.000   100     1 15430.467410  1.00000  0.0000000  0.00000  0.00100
203500 7.026111E+03  1.000   100     2 15661.987303  0.99000  0.0000000  0.00000  0.00100
204000 7.026143E+03  1.000   100     1 15223.586216  1.00000  0.0000000  0.00000  0.00100
204500 7.026175E+03  1.000   100     2 15825.531090  0.99000  0.0000000  0.00000  0.00100
205000 7.026207E+03  1.000   100     1 14963.690494  1.00000  0.0000000  0.00000  0.00100
205500 7.026239E+03  1.000   100     3 14938.594005  0.98000  0.0000000  0.00000  0.00100
206000 7.026271E+03  1.000   100     2 15595.731433  0.51000  0.0000000  0.00000  0.00100
206500 7.026303E+03  1.000   100     1 15011.560644  1.00000  0.0000000  0.00000  0.00100
207000 7.026335E+03  1.000   100     1 15524.684183  1.00000  0.0000000  0.00000  0.00100
207500 7.026367E+03  1.000   100     3 15531.942647  0.77000  0.0000000  0.00000  0.00100
208000 7.026399E+03  1.000   100     1 15802.425089  1.00000  0.0000000  0.00000  0.00100
208500 7.026431E+03  1.000   100     2 15634.671310  0.92000  0.0000000  0.00000  0.00100
209000 7.026463E+03  1.000   100     1 15866.738252  1.00000  0.0000000  0.00000  0.00100
209500 7.026494E+03  1.000   100     1 16327.487674  1.00000  0.0000000  0.00000  0.00100
210000 7.026525E+03  1.000   100     2 16255.837245  0.98000  0.0000000  0.00000  0.00100
210500 7.026556E+03  1.000   100     1 16629.648939  1.00000  0.0000000  0.00000  0.00100
211000 7.026587E+03  1.000   100     2 16792.103376  0.97000  0.0000000  0.00000  0.00100
211500 7.026617E+03  1.000   100     2 16485.631166  0.88000  0.0000000  0.00000  0.00100
212000 7.026647E+03  1.000   100     2 16170.450442  0.99000  0.0000000  0.00000  0.00100
212500 7.026678E+03  1.000   100     1 16656.590641  1.00000  0.0000000  0.00000  0.00100
213000 7.026708E+03  1.000   100     1 16187.900394  1.00000  0.0000000  0.00000  0.00100
213500 7.026739E+03  1.000   100     1 16169.889994  1.00000  0.0000000  0.00000  0.00100
214000 7.026769E+03  1.000   100     2 15859.165664  0.99000  0.0000000  0.00000  0.00100
214500 7.026800E+03  1.000   100     2 16003.761982  0.98000  0.0000000  0.00000  0.00100
215000 7.026832E+03  1.000   100     3 15511.124337  0.97000  0.0000000  0.00000  0.00100
215500 7.026864E+03  1.000   100     1 15735.527507  1.00000  0.0000000  0.00000  0.00100
216000 7.026896E+03  1.000   100     1 15856.792659  1.00000  0.0000000  0.00000  0.00100
216500 7.026928E+03  1.000   100     1 15830.575205  1.00000  0.0000000  0.00000  0.00100
217000 7.026960E+03  1.000   100     1 15867.213723  1.00000  0.0000000  0.00000  0.00100
217500 7.026992E+03  1.000   100     2 15701.336422  0.99000  0.0000000  0.00000  0.00100
218000 7.027024E+03  1.000   100     1 15839.223797  1.00000  0.0000000  0.00000  0.00100
218500 7.027055E+03  1.000   100     1 15591.751163  1.00000  0.0000000  0.00000  0.00100
219000 7.027088E+03  1.000   100     2 15669.070177  0.91000  0.0000000  0.00000  0.00100
219500 7.027120E+03  1.000   100     3 15827.420594  0.56000  0.0000000  0.00000  0.00100
220000 7.027151E+03  1.000   100     2 16052.757434  0.99000  0.0000000  0.00000  0.00100
220500 7.027183E+03  1.000   100     1 16228.151473  1.00000  0.0000000  0.00000  0.00100
221000 7.027213E+03  1.000   100     1 16291.159421  1.00000  0.0000000  0.00000  0.00100
221500 7.027244E+03  1.000   100     1 16146.018799  1.00000  0.0000000  0.00000  0.00100
222000 7.027275E+03  1.000   100     1 16270.114709  1.00000  0.0000000  0.00000  0.00100
222500 7.027307E+03  1.000   100     1 16067.938899  1.00000  0.0000000  0.00000  0.00100
223000 7.027338E+03  1.000   100     1 15972.088457  1.00000  0.0000000  0.00000  0.00100
223500 7.027370E+03  1.000   100     1 15175.058141  1.00000  0.0000000  0.00000  0.00100
224000 7.027402E+03  1.000   100     1 15465.998623  1.00000  0.0000000  0.00000  0.00100
224500 7.027434E+03  1.000   100     1 15798.296029  1.00000  0.0000000  0.00000  0.00100
225000 7.027466E+03  1.000   100     2 15550.218434  0.90000  0.0000000  0.00000  0.00100
225500 7.027498E+03  1.000   100     1 15680.478954  1.00000  0.0000000  0.00000  0.00100
226000 7.027530E+03  1.000   100     3 14962.160632  0.60000  0.0000000  0.00000  0.00100
226500 7.027562E+03  1.000   100     3 15681.477250  0.95000  0.0000000  0.00000  0.00100
227000 7.027594E+03  1.000   100     3 14909.170871  0.61000  0.0000000  0.00000  0.00100
227500 7.027627E+03  1.000   100     2 15669.315448  0.99000  0.0000000  0.00000  0.00100
228000 7.027658E+03  1.000   100     1 15774.653245  1.00000  0.0000000  0.00000  0.00100
228500 7.027690E+03  1.000   100     1 15432.703698  1.00000  0.0000000  0.00000  0.00100
229000 7.027724E+03  1.000   100     2 14930.107715  0.78000  0.0000000  0.00000  0.00100
229500 7.027756E+03  1.000   100     1 15666.471073  1.00000  0.0000000  0.00000  0.00100
230000 7.027788E+03  1.000   100     1 16001.420396  1.00000  0.0000000  0.00000  0.00100
230500 7.027819E+03  1.000   100     1 16487.876689  1.00000  0.0000000  0.00000  0.00100
231000 7.027849E+03  1.000   100     2 15915.327127  0.99000  0.0000000  0.00000  0.00100
231500 7.027880E+03  1.000   100     1 16742.597969  1.00000  0.0000000  0.00000  0.00100
232000 7.027910E+03  1.000   100     1 16558.274862  1.00000  0.0000000  0.00000  0.00100
232500 7.027940E+03  1.000   100     2 16464.129135  0.86000  0.0000000  0.00000  0.00100
233000 7.027970E+03  1.000   100     2 16314.840355  0.55000  0.0000000  0.00000  0.00100
233500 7.028000E+03  1.000   100     1 16537.599204  1.00000  0.0000000  0.00000  0.00100
234000 7.028030E+03  1.000   100     3 16650.421965  0.98000  0.0000000  0.00000  0.00100
234500 7.028060E+03  1.000   100     2 16492.011850  0.99000  0.0000000  0.00000  0.00100
235000 7.028090E+03  1.000   100     1 16854.744208  1.00000  0.0000000  0.00000  0.00100
235500 7.028120E+03  1.000   100     1 16240.299988  1.00000  0.0000000  0.00000  0.00100
236000 7.028150E+03  1.000   100     1 16985.711080  1.00000  0.0000000  0.00000  0.00100
236500 7.028180E+03  1.000   100     1 16364.353762  1.00000  0.0000000  0.00000  0.00100
237000 7.028211E+03  1.000   100     1 16901.568344  1.00000  0.0000000  0.00000  0.00100
237500 7.028241E+03  1.000   100     2 16650.672689  0.98000  0.0000000  0.00000  0.00100
238000 7.028271E+03  1.000   100     2 17132.245700  0.99000  0.0000000  0.00000  0.00100
238500 7.028299E+03  1.000   100     1 17598.161967  1.00000  0.0000000  0.00000  0.00100
239000 7.028328E+03  1.000   100     1 17486.905258  1.00000  0.0000000  0.00000  0.00100
239500 7.028358E+03  1.000   100     1 16839.254260  1.00000  0.0000000  0.00000  0.00100
240000 7.028387E+03  1.000   100     1 17571.942825  1.00000  0.0000000  0.00000  0.00100
240500 7.028416E+03  1.000   100     2 16894.877660  0.99000  0.0000000  0.00000  0.00100
241000 7.028445E+03  1.000   100     2 16858.895435  0.69000  0.0000000  0.00000  0.00100
241500 7.028474E+03  1.000   100     2 17355.889777  0.77000  0.0000000  0.00000  0.00100
242000 7.028503E+03  1.000   100     1 16955.027605  1.00000  0.0000000  0.00000  0.00100
242500 7.028531E+03  1.000   100     1 17656.637195  1.00000  0.0000000  0.00000  0.00100
243000 7.028560E+03  1.000   100     1 17458.960565  1.00000  0.0000000  0.00000  0.00100
243500 7.028589E+03  1.000   100     1 17189.761903  1.00000  0.0000000  0.00000  0.00100
244000 7.028617E+03  1.000   100     2 17448.954826  0.99000  0.0000000  0.00000  0.00100
244500 7.028646E+03  1.000   100     1 16586.414959  1.00000  0.0000000  0.00000  0.00100
245000 7.028675E+03  1.000   100     1 16768.639913  1.00000  0.0000000  0.00000  0.00100
245500 7.028704E+03  1.000   100     1 17574.615966  1.00000  0.0000000  0.00000  0.00100
246000 7.028733E+03  1.000   100     2 17262.245382  0.92000  0.0000000  0.00000  0.00100
246500 7.028762E+03  1.000   100     1 17566.967857  1.00000  0.0000000  0.00000  0.00100
247000 7.028791E+03  1.000   100     1 17123.861940  1.00000  0.0000000  0.00000  0.00100
247500 7.028819E+03  1.000   100     2 17491.688766  0.80000  0.0000000  0.00000  0.00100
248000 7.028848E+03  1.000   100     1 17514.934030  1.00000  0.0000000  0.00000  0.00100
248500 7.028877E+03  1.000   100     1 17091.244115  1.00000  0.0000000  0.00000  0.00100
249000 7.028906E+03  1.000   100     1 16788.101074  1.00000  0.0000000  0.00000  0.00100
249500 7.028934E+03  1.000   100     2 17285.423767  0.58000  0.0000000  0.00000  0.00100
250000 7.028963E+03  1.000   100     3 16872.825826  0.95000  0.0000000  0.00000  0.00100
250500 7.028991E+03  1.000   100     2 17918.711989  0.99000  0.0000000  0.00000  0.00100
251000 7.029019E+03  1.000   100     2 17563.784249  0.97000  0.0000000  0.00000  0.00100
251500 7.029047E+03  1.000   100     2 17970.511494  0.97000  0.0000000  0.00000  0.00100
252000 7.029075E+03  1.000   100     1 17770.749964  1.00000  0.0000000  0.00000  0.00100
252500 7.029104E+03  1.000   100     3 17539.767067  0.98000  0.0000000  0.00000  0.00100
253000 7.029132E+03  1.000   100     2 16728.140905  0.99000  0.0000000  0.00000  0.00100
253500 7.029161E+03  1.000   100     1 17566.497040  1.00000  0.0000000  0.00000  0.00100
254000 7.029190E+03  1.000   100     1 17230.779185  1.00000  0.0000000  0.00000  0.00100
254500 7.029220E+03  1.000   100     1 17039.358864  1.00000  0.0000000  0.00000  0.00100
255000 7.029249E+03  1.000   100     2 17191.954024  0.99000  0.0000000  0.00000  0.00100
255500 7.029278E+03  1.000   100     2 17252.438894  0.99000  0.0000000  0.00000  0.00100
256000 7.029307E+03  1.000   100     1 17356.502828  1.00000  0.0000000  0.00000  0.00100
256500 7.029337E+03  1.000   100     1 16990.204365  1.00000  0.0000000  0.00000  0.00100
257000 7.029366E+03  1.000   100     1 16652.732179  1.00000  0.0000000  0.00000  0.00100
257500 7.029395E+03  1.000   100     1 17380.183450  1.00000  0.0000000  0.00000  0.00100
258000 7.029424E+03  1.000   100     1 17302.941303  1.00000  0.0000000  0.00000  0.00100
258500 7.029453E+03  1.000   100     1 17005.704266  1.00000  0.0000000  0.00000  0.00100
259000 7.029482E+03  1.000   100     1 16771.681623  1.00000  0.0000000  0.00000  0.00100
259500 7.029512E+03  1.000   100     1 17341.847450  1.00000  0.0000000  0.00000  0.00100
260000 7.029541E+03  1.000   100     1 17617.670101  1.00000  0.0000000  0.00000  0.00100
260500 7.029570E+03  1.000   100     1 16893.653015  1.00000  0.0000000  0.00000  0.00100
261000 7.029599E+03  1.000   100     1 17472.603722  1.00000  0.0000000  0.00000  0.00100
261500 7.029628E+03  1.000   100     3 17113.864663  0.98000  0.0000000  0.00000  0.00100
262000 7.029657E+03  1.000   100     2 17275.106677  0.88000  0.0000000  0.00000  0.00100
262500 7.029685E+03  1.000   100     1 17630.498410  1.00000  0.0000000  0.00000  0.00100
263000 7.029714E+03  1.000   100     1 16854.734021  1.00000  0.0000000  0.00000  0.00100
263500 7.029743E+03  1.000   100     3 17430.573902  0.98000  0.0000000  0.00000  0.00100
264000 7.029772E+03  1.000   100     2 17074.232899  0.99000  0.0000000  0.00000  0.00100
264500 7.029801E+03  1.000   100     2 16318.242886  0.98000  0.0000000  0.00000  0.00100
265000 7.029830E+03  1.000   100     1 17363.989703  1.00000  0.0000000  0.00000  0.00100
265500 7.029860E+03  1.000   100     1 16626.337720  1.00000  0.0000000  0.00000  0.00100
266000 7.029889E+03  1.000   100     3 17167.059288  0.91000  0.0000000  0.00000  0.00100
266500 7.029918E+03  1.000   100     1 17055.072962  1.00000  0.0000000  0.00000  0.00100
267000 7.029947E+03  1.000   100     1 17419.332813  1.00000  0.0000000  0.00000  0.00100
267500 7.029975E+03  1.000   100     1 17683.067406  1.00000  0.0000000  0.00000  0.00100
268000 7.030004E+03  1.000   100     1 16942.544258  1.00000  0.0000000  0.00000  0.00100
268500 7.030033E+03  1.000   100     1 17536.037482  1.00000  0.0000000  0.00000  0.00100
269000 7.030062E+03  1.000   100     1 17515.465769  1.00000  0.0000000  0.00000  0.00100
269500 7.030091E+03  1.000   100     2 17607.918160  0.99000  0.0000000  0.00000  0.00100
270000 7.030121E+03  1.000   100     1 17212.373373  1.00000  0.0000000  0.00000  0.00100
270500 7.030150E+03  1.000   100     1 17108.591680  1.00000  0.0000000  0.00000  0.00100
271000 7.030178E+03  1.000   100     1 17405.040134  1.00000  0.0000000  0.00000  0.00100
271500 7.030207E+03  1.000   100     1 17283.460034  1.00000  0.0000000  0.00000  0.00100
272000 7.030236E+03  1.000   100     1 17178.986896  1.00000  0.0000000  0.00000  0.00100
272500 7.030266E+03  1.000   100     1 17158.714010  1.00000  0.0000000  0.00000  0.00100
273000 7.030296E+03  1.000   100     1 16671.676240  1.00000  0.0000000  0.00000  0.00100
273500 7.030326E+03  1.000   100     1 17071.437974  1.00000  0.0000000  0.00000  0.00100
274000 7.030355E+03  1.000   100     2 17139.393185  0.97000  0.0000000  0.00000  0.00100
274500 7.030385E+03  1.000   100     1 17281.020285  1.00000  0.0000000  0.00000  0.00100
275000 7.030414E+03  1.000   100     2 17134.712141  0.97000  0.0000000  0.00000  0.00100
275500 7.030443E+03  1.000   100     1 17064.893567  1.00000  0.0000000  0.00000  0.00100
276000 7.030473E+03  1.000   100     1 16953.433429  1.00000  0.0000000  0.00000  0.00100
276500 7.030502E+03  1.000   100     1 17193.093694  1.00000  0.0000000  0.00000  0.00100
277000 7.030531E+03  1.000   100     1 17198.796688  1.00000  0.0000000  0.00000  0.00100
277500 7.030560E+03  1.000   100     1 17624.910103  1.00000  0.0000000  0.00000  0.00100
278000 7.030588E+03  1.000   100     1 16578.153757  1.00000  0.0000000  0.00000  0.00100
278500 7.030617E+03  1.000   100     1 17522.685927  1.00000  0.0000000  0.00000  0.00100
279000 7.030646E+03  1.000   100     1 17325.368540  1.00000  0.0000000  0.00000  0.00100
279500 7.030675E+03  1.000   100     1 17312.948369  1.00000  0.0000000  0.00000  0.00100
280000 7.030704E+03  1.000   100     1 17393.210328  1.00000  0.0000000  0.00000  0.00100
280500 7.030733E+03  1.000   100     1 17226.023408  1.00000  0.0000000  0.00000  0.00100
281000 7.030761E+03  1.000   100     1 17657.705971  1.00000  0.0000000  0.00000  0.00100
281500 7.030791E+03  1.000   100     3 16877.918249  0.94000  0.0000000  0.00000  0.00100
282000 7.030820E+03  1.000   100     1 17242.312488  1.00000  0.0000000  0.00000  0.00100
282500 7.030850E+03  1.000   100     2 16534.050905  0.98000  0.0000000  0.00000  0.00100
283000 7.030880E+03  1.000   100     1 17280.654370  1.00000  0.0000000  0.00000  0.00100
283500 7.030909E+03  1.000   100     2 16775.652874  0.98000  0.0000000  0.00000  0.00100
284000 7.030939E+03  1.000   100     2 16301.251261  0.97000  0.0000000  0.00000  0.00100
284500 7.030970E+03  1.000   100     1 16500.182785  1.00000  0.0000000  0.00000  0.00100
285000 7.031000E+03  1.000   100     1 16711.176609  1.00000  0.0000000  0.00000  0.00100
285500 7.031030E+03  1.000   100     2 16297.760668  0.93000  0.0000000  0.00000  0.00100
286000 7.031060E+03  1.000   100     2 16792.780059  0.99000  0.0000000  0.00000  0.00100
286500 7.031090E+03  1.000   100     2 16910.537904  0.99000  0.0000000  0.00000  0.00100
287000 7.031120E+03  1.000   100     1 16277.013664  1.00000  0.0000000  0.00000  0.00100
287500 7.031150E+03  1.000   100     1 17076.704211  1.00000  0.0000000  0.00000  0.00100
288000 7.031180E+03  1.000   100     1 17070.992234  1.00000  0.0000000  0.00000  0.00100
288500 7.031209E+03  1.000   100     1 16769.495193  1.00000  0.0000000  0.00000  0.00100
289000 7.031239E+03  1.000   100     3 17370.752526  0.53000  0.0000000  0.00000  0.00100
289500 7.031267E+03  1.000   100     1 17537.106252  1.00000  0.0000000  0.00000  0.00100
290000 7.031296E+03  1.000   100     1 17338.422657  1.00000  0.0000000  0.00000  0.00100
290500 7.031324E+03  1.000   100     1 17819.871932  1.00000  0.0000000  0.00000  0.00100
291000 7.031352E+03  1.000   100     1 17641.557368  1.00000  0.0000000  0.00000  0.00100
291500 7.031381E+03  1.000   100     2 17788.933738  0.99000  0.0000000  0.00000  0.00100
292000 7.031409E+03  1.000   100     1 17644.271710  1.00000  0.0000000  0.00000  0.00100
292500 7.031437E+03  1.000   100     1 17872.355280  1.00000  0.0000000  0.00000  0.00100
293000 7.031465E+03  1.000   100     3 17996.848510  0.96000  0.0000000  0.00000  0.00100
293500 7.031493E+03  1.000   100     2 17544.423230  0.99000  0.0000000  0.00000  0.00100
294000 7.031521E+03  1.000   100     2 18126.810198  0.95000  0.0000000  0.00000  0.00100
294500 7.031549E+03  1.000   100     1 17594.143850  1.00000  0.0000000  0.00000  0.00100
295000 7.031577E+03  1.000   100     1 18297.402315  1.00000  0.0000000  0.00000  0.00100
295500 7.031605E+03  1.000   100     1 17753.444890  1.00000  0.0000000  0.00000  0.00100
296000 7.031633E+03  1.000   100     1 17954.301510  1.00000  0.0000000  0.00000  0.00100
296500 7.031661E+03  1.000   100     2 17751.811487  0.98000  0.0000000  0.00000  0.00100
297000 7.031688E+03  1.000   100     1 17606.961425  1.00000  0.0000000  0.00000  0.00100
297500 7.031716E+03  1.000   100     2 17979.789444  0.98000  0.0000000  0.00000  0.00100
298000 7.031743E+03  1.000   100     1 17677.158075  1.00000  0.0000000  0.00000  0.00100
298500 7.031771E+03  1.000   100     2 17988.591140  0.97000  0.0000000  0.00000  0.00100
299000 7.031799E+03  1.000   100     2 18035.183058  0.98000  0.0000000  0.00000  0.00100
299500 7.031826E+03  1.000   100     2 18008.184421  0.99000  0.0000000  0.00000  0.00100
300000 7.031854E+03  1.000   100     2 17790.497078  0.64000  0.0000000  0.00000  0.00100
300500 7.031883E+03  1.000   100     1 17647.098926  1.00000  0.0000000  0.00000  0.00100
301000 7.031910E+03  1.000   100     1 17973.449611  1.00000  0.0000000  0.00000  0.00100
301500 7.031938E+03  1.000   100     1 17694.342365  1.00000  0.0000000  0.00000  0.00100
302000 7.031966E+03  1.000   100     1 18023.053979  1.00000  0.0000000  0.00000  0.00100
302500 7.031994E+03  1.000   100     2 17894.029673  0.99000  0.0000000  0.00000  0.00100
303000 7.032022E+03  1.000   100     2 18148.425582  0.98000  0.0000000  0.00000  0.00100
303500 7.032050E+03  1.000   100     1 17960.372578  1.00000  0.0000000  0.00000  0.00100
304000 7.032078E+03  1.000   100     3 17682.409779  0.86000  0.0000000  0.00000  0.00100
304500 7.032106E+03  1.000   100     1 17952.902663  1.00000  0.0000000  0.00000  0.00100
305000 7.032133E+03  1.000   100     1 18141.691845  1.00000  0.0000000  0.00000  0.00100
305500 7.032162E+03  1.000   100     3 17603.220203  0.92000  0.0000000  0.00000  0.00100
306000 7.032189E+03  1.000   100     2 18040.354544  0.97000  0.0000000  0.00000  0.00100
306500 7.032218E+03  1.000   100     1 17804.473469  1.00000  0.0000000  0.00000  0.00100
307000 7.032246E+03  1.000   100     1 18008.596290  1.00000  0.0000000  0.00000  0.00100
307500 7.032274E+03  1.000   100     1 17174.486987  1.00000  0.0000000  0.00000  0.00100
308000 7.032303E+03  1.000   100     1 17046.240554  1.00000  0.0000000  0.00000  0.00100
308500 7.032332E+03  1.000   100     1 17907.051739  1.00000  0.0000000  0.00000  0.00100
309000 7.032360E+03  1.000   100     2 17916.021786  0.97000  0.0000000  0.00000  0.00100
309500 7.032387E+03  1.000   100     2 18130.575799  0.99000  0.0000000  0.00000  0.00100
310000 7.032416E+03  1.000   100     2 18095.511523  0.99000  0.0000000  0.00000  0.00100
310500 7.032443E+03  1.000   100     2 17806.001700  0.99000  0.0000000  0.00000  0.00100
311000 7.032471E+03  1.000   100     1 18194.282348  1.00000  0.0000000  0.00000  0.00100
311500 7.032499E+03  1.000   100     1 17988.020986  1.00000  0.0000000  0.00000  0.00100
312000 7.032527E+03  1.000   100     1 17776.297207  1.00000  0.0000000  0.00000  0.00100
312500 7.032555E+03  1.000   100     1 18057.859140  1.00000  0.0000000  0.00000  0.00100
313000 7.032583E+03  1.000   100     1 17681.663559  1.00000  0.0000000  0.00000  0.00100
313500 7.032611E+03  1.000   100     1 18213.777714  1.00000  0.0000000  0.00000  0.00100
314000 7.032638E+03  1.000   100     3 17331.473200  0.90000  0.0000000  0.00000  0.00100
314500 7.032667E+03  1.000   100     4 17466.470596  0.90000  0.0000000  0.00000  0.00100
315000 7.032695E+03  1.000   100     1 17009.701837  1.00000  0.0000000  0.00000  0.00100
315500 7.032724E+03  1.000   100     1 17769.501931  1.00000  0.0000000  0.00000  0.00100
316000 7.032752E+03  1.000   100     1 17909.505283  1.00000  0.0000000  0.00000  0.00100
316500 7.032780E+03  1.000   100     1 18101.652529  1.00000  0.0000000  0.00000  0.00100
317000 7.032808E+03  1.000   100     1 17776.053615  1.00000  0.0000000  0.00000  0.00100
317500 7.032837E+03  1.000   100     1 17964.908765  1.00000  0.0000000  0.00000  0.00100
318000 7.032865E+03  1.000   100     1 17388.268049  1.00000  0.0000000  0.00000  0.00100
318500 7.032893E+03  1.000   100     1 17315.955732  1.00000  0.0000000  0.00000  0.00100
319000 7.032922E+03  1.000   100     2 17603.196834  0.98000  0.0000000  0.00000  0.00100
319500 7.032950E+03  1.000   100     1 17370.815436  1.00000  0.0000000  0.00000  0.00100
320000 7.032979E+03  1.000   100     2 17632.584047  0.99000  0.0000000  0.00000  0.00100
320500 7.033007E+03  1.000   100     3 17771.712249  0.76000  0.0000000  0.00000  0.00100
321000 7.033036E+03  1.000   100     1 17634.718712  1.00000  0.0000000  0.00000  0.00100
321500 7.033064E+03  1.000   100     1 17721.602923  1.00000  0.0000000  0.00000  0.00100
322000 7.033093E+03  1.000   100     1 17470.603336  1.00000  0.0000000  0.00000  0.00100
322500 7.033121E+03  1.000   100     2 17716.971758  0.80000  0.0000000  0.00000  0.00100
323000 7.033149E+03  1.000   100     1 17575.293160  1.00000  0.0000000  0.00000  0.00100
323500 7.033178E+03  1.000   100     1 17440.141195  1.00000  0.0000000  0.00000  0.00100
324000 7.033207E+03  1.000   100     2 16597.610212  0.98000  0.0000000  0.00000  0.00100
324500 7.033236E+03  1.000   100     2 17706.827650  0.98000  0.0000000  0.00000  0.00100
325000 7.033265E+03  1.000   100     2 17634.725830  0.77000  0.0000000  0.00000  0.00100
325500 7.033293E+03  1.000   100     1 17866.746321  1.00000  0.0000000  0.00000  0.00100
326000 7.033321E+03  1.000   100     1 17694.557287  1.00000  0.0000000  0.00000  0.00100
326500 7.033349E+03  1.000   100     1 17927.700837  1.00000  0.0000000  0.00000  0.00100
327000 7.033377E+03  1.000   100     1 17489.512301  1.00000  0.0000000  0.00000  0.00100
327500 7.033406E+03  1.000   100     1 17711.781969  1.00000  0.0000000  0.00000  0.00100
328000 7.033434E+03  1.000   100     2 18111.439718  0.97000  0.0000000  0.00000  0.00100
328500 7.033462E+03  1.000   100     4 17577.857612  0.92000  0.0000000  0.00000  0.00100
329000 7.033490E+03  1.000   100     2 17688.357986  0.61000  0.0000000  0.00000  0.00100
329500 7.033519E+03  1.000   100     2 17413.607689  0.99000  0.0000000  0.00000  0.00100
330000 7.033548E+03  1.000   100     2 17429.464145  0.88000  0.0000000  0.00000  0.00100
330500 7.033577E+03  1.000   100     2 17446.259156  0.97000  0.0000000  0.00000  0.00100
331000 7.033606E+03  1.000   100     1 17441.687790  1.00000  0.0000000  0.00000  0.00100
331500 7.033635E+03  1.000   100     1 17281.453681  1.00000  0.0000000  0.00000  0.00100
332000 7.033665E+03  1.000   100     1 16395.342247  1.00000  0.0000000  0.00000  0.00100
332500 7.033694E+03  1.000   100     2 17414.468116  0.99000  0.0000000  0.00000  0.00100
333000 7.033722E+03  1.000   100     3 17307.862148  0.97000  0.0000000  0.00000  0.00100
333500 7.033751E+03  1.000   100     2 17108.259121  0.99000  0.0000000  0.00000  0.00100
334000 7.033781E+03  1.000   100     3 17048.146023  0.96000  0.0000000  0.00000  0.00100
334500 7.033809E+03  1.000   100     2 16537.955186  0.67000  0.0000000  0.00000  0.00100
335000 7.033838E+03  1.000   100     2 16821.291483  0.91000  0.0000000  0.00000  0.00100
335500 7.033867E+03  1.000   100     2 17599.964409  0.97000  0.0000000  0.00000  0.00100
336000 7.033896E+03  1.000   100     3 16939.695168  0.91000  0.0000000  0.00000  0.00100
336500 7.033926E+03  1.000   100     2 17032.780306  0.97000  0.0000000  0.00000  0.00100
337000 7.033955E+03  1.000   100     1 16930.070306  1.00000  0.0000000  0.00000  0.00100
337500 7.033984E+03  1.000   100     1 17215.808272  1.00000  0.0000000  0.00000  0.00100
338000 7.034013E+03  1.000   100     1 16695.026827  1.00000  0.0000000  0.00000  0.00100
338500 7.034043E+03  1.000   100     1 17611.463660  1.00000  0.0000000  0.00000  0.00100
339000 7.034072E+03  1.000   100     1 17121.229592  1.00000  0.0000000  0.00000  0.00100
339500 7.034101E+03  1.000   100     1 16980.599195  1.00000  0.0000000  0.00000  0.00100
340000 7.034130E+03  1.000   100     1 17258.621338  1.00000  0.0000000  0.00000  0.00100
340500 7.034159E+03  1.000   100     1 17408.714041  1.00000  0.0000000  0.00000  0.00100
341000 7.034188E+03  1.000   100     1 17362.377778  1.00000  0.0000000  0.00000  0.00100
341500 7.034217E+03  1.000   100     2 17064.394900  0.98000  0.0000000  0.00000  0.00100
342000 7.034246E+03  1.000   100     2 17035.298750  0.98000  0.0000000  0.00000  0.00100
342500 7.034275E+03  1.000   100     2 16912.538503  0.99000  0.0000000  0.00000  0.00100
343000 7.034304E+03  1.000   100     1 17571.802377  1.00000  0.0000000  0.00000  0.00100
343500 7.034333E+03  1.000   100     1 17284.657146  1.00000  0.0000000  0.00000  0.00100
344000 7.034361E+03  1.000   100     3 17868.319851  0.97000  0.0000000  0.00000  0.00100
344500 7.034389E+03  1.000   100     1 17594.397086  1.00000  0.0000000  0.00000  0.00100
345000 7.034417E+03  1.000   100     2 17908.675981  0.95000  0.0000000  0.00000  0.00100
345500 7.034445E+03  1.000   100     1 17648.727240  1.00000  0.0000000  0.00000  0.00100
346000 7.034474E+03  1.000   100     1 18005.635715  1.00000  0.0000000  0.00000  0.00100
346500 7.034501E+03  1.000   100     2 18001.291850  0.99000  0.0000000  0.00000  0.00100
347000 7.034529E+03  1.000   100     2 17551.010128  0.80000  0.0000000  0.00000  0.00100
347500 7.034557E+03  1.000   100     2 18043.999100  0.99000  0.0000000  0.00000  0.00100
348000 7.034585E+03  1.000   100     2 17872.929774  0.93000  0.0000000  0.00000  0.00100
348500 7.034613E+03  1.000   100     1 18345.943559  1.00000  0.0000000  0.00000  0.00100
349000 7.034641E+03  1.000   100     2 17794.294160  0.86000  0.0000000  0.00000  0.00100
349500 7.034668E+03  1.000   100     1 18030.077587  1.00000  0.0000000  0.00000  0.00100
350000 7.034697E+03  1.000   100     1 17515.596482  1.00000  0.0000000  0.00000  0.00100
350500 7.034725E+03  1.000   100     3 17015.712116  0.50000  0.0000000  0.00000  0.00100
351000 7.034753E+03  1.000   100     1 17872.438326  1.00000  0.0000000  0.00000  0.00100
351500 7.034781E+03  1.000   100     2 18232.039499  0.97000  0.0000000  0.00000  0.00100
352000 7.034808E+03  1.000   100     2 18005.548142  0.89000  0.0000000  0.00000  0.00100
352500 7.034836E+03  1.000   100     2 17799.107112  0.99000  0.0000000  0.00000  0.00100
353000 7.034864E+03  1.000   100     3 18425.249012  0.79000  0.0000000  0.00000  0.00100
353500 7.034892E+03  1.000   100     2 17674.944559  0.99000  0.0000000  0.00000  0.00100
354000 7.034920E+03  1.000   100     2 17910.551891  0.94000  0.0000000  0.00000  0.00100
354500 7.034948E+03  1.000   100     3 17762.696465  0.94000  0.0000000  0.00000  0.00100
355000 7.034975E+03  1.000   100     1 18193.161349  1.00000  0.0000000  0.00000  0.00100
355500 7.035004E+03  1.000   100     2 17923.472359  0.98000  0.0000000  0.00000  0.00100
356000 7.035032E+03  1.000   100     3 17684.981272  0.95000  0.0000000  0.00000  0.00100
356500 7.035060E+03  1.000   100     1 17763.250577  1.00000  0.0000000  0.00000  0.00100
357000 7.035089E+03  1.000   100     2 17246.992928  0.99000  0.0000000  0.00000  0.00100
357500 7.035118E+03  1.000   100     1 17134.601449  1.00000  0.0000000  0.00000  0.00100
358000 7.035146E+03  1.000   100     1 17605.104685  1.00000  0.0000000  0.00000  0.00100
358500 7.035175E+03  1.000   100     1 17288.282122  1.00000  0.0000000  0.00000  0.00100
359000 7.035204E+03  1.000   100     1 17454.604322  1.00000  0.0000000  0.00000  0.00100
359500 7.035232E+03  1.000   100     1 17029.350934  1.00000  0.0000000  0.00000  0.00100
360000 7.035261E+03  1.000   100     1 17470.211685  1.00000  0.0000000  0.00000  0.00100
360500 7.035290E+03  1.000   100     1 17032.798221  1.00000  0.0000000  0.00000  0.00100
361000 7.035319E+03  1.000   100     1 17584.600494  1.00000  0.0000000  0.00000  0.00100
361500 7.035348E+03  1.000   100     1 17339.702806  1.00000  0.0000000  0.00000  0.00100
362000 7.035376E+03  1.000   100     2 17393.697813  0.97000  0.0000000  0.00000  0.00100
362500 7.035405E+03  1.000   100     1 17442.649559  1.00000  0.0000000  0.00000  0.00100
363000 7.035434E+03  1.000   100     3 17420.090529  0.61000  0.0000000  0.00000  0.00100
363500 7.035463E+03  1.000   100     3 16399.055561  0.48000  0.0000000  0.00000  0.00100
364000 7.035492E+03  1.000   100     2 17549.347886  0.94000  0.0000000  0.00000  0.00100
364500 7.035520E+03  1.000   100     1 17524.297651  1.00000  0.0000000  0.00000  0.00100
365000 7.035548E+03  1.000   100     2 17402.509788  0.97000  0.0000000  0.00000  0.00100
365500 7.035577E+03  1.000   100     2 17663.051367  0.60000  0.0000000  0.00000  0.00100
366000 7.035605E+03  1.000   100     1 17625.949174  1.00000  0.0000000  0.00000  0.00100
366500 7.035634E+03  1.000   100     1 17849.787233  1.00000  0.0000000  0.00000  0.00100
367000 7.035662E+03  1.000   100     1 17304.034544  1.00000  0.0000000  0.00000  0.00100
367500 7.035691E+03  1.000   100     2 16892.807815  0.99000  0.0000000  0.00000  0.00100
368000 7.035721E+03  1.000   100     1 17299.514064  1.00000  0.0000000  0.00000  0.00100
368500 7.035750E+03  1.000   100     3 15730.272580  0.49000  0.0000000  0.00000  0.00100
369000 7.035780E+03  1.000   100     1 17122.594340  1.00000  0.0000000  0.00000  0.00100
369500 7.035809E+03  1.000   100     1 16949.732346  1.00000  0.0000000  0.00000  0.00100
370000 7.035839E+03  1.000   100     1 16330.529023  1.00000  0.0000000  0.00000  0.00100
370500 7.035869E+03  1.000   100     1 16699.490701  1.00000  0.0000000  0.00000  0.00100
371000 7.035899E+03  1.000   100     2 16807.410766  0.97000  0.0000000  0.00000  0.00100
371500 7.035929E+03  1.000   100     1 17286.375815  1.00000  0.0000000  0.00000  0.00100
372000 7.035958E+03  1.000   100     2 16802.410616  0.99000  0.0000000  0.00000  0.00100
372500 7.035988E+03  1.000   100     1 17111.903862  1.00000  0.0000000  0.00000  0.00100
373000 7.036018E+03  1.000   100     1 16895.547758  1.00000  0.0000000  0.00000  0.00100
373500 7.036047E+03  1.000   100     1 17251.881062  1.00000  0.0000000  0.00000  0.00100
374000 7.036077E+03  1.000   100     3 16587.116755  0.82000  0.0000000  0.00000  0.00100
374500 7.036106E+03  1.000   100     1 16615.994330  1.00000  0.0000000  0.00000  0.00100
375000 7.036135E+03  1.000   100     2 16865.302026  0.89000  0.0000000  0.00000  0.00100
375500 7.036164E+03  1.000   100     1 16936.427317  1.00000  0.0000000  0.00000  0.00100
376000 7.036193E+03  1.000   100     2 17388.704884  0.99000  0.0000000  0.00000  0.00100
376500 7.036223E+03  1.000   100     1 17348.614627  1.00000  0.0000000  0.00000  0.00100
377000 7.036252E+03  1.000   100     1 16965.108154  1.00000  0.0000000  0.00000  0.00100
377500 7.036281E+03  1.000   100     1 17108.313368  1.00000  0.0000000  0.00000  0.00100
378000 7.036310E+03  1.000   100     2 16794.201580  0.99000  0.0000000  0.00000  0.00100
378500 7.036340E+03  1.000   100     2 16933.557525  0.97000  0.0000000  0.00000  0.00100
379000 7.036369E+03  1.000   100     1 17244.895461  1.00000  0.0000000  0.00000  0.00100
379500 7.036399E+03  1.000   100     1 16880.996874  1.00000  0.0000000  0.00000  0.00100
380000 7.036428E+03  1.000   100     2 17178.566287  0.71000  0.0000000  0.00000  0.00100
380500 7.036457E+03  1.000   100     1 17382.633564  1.00000  0.0000000  0.00000  0.00100
381000 7.036487E+03  1.000   100     1 17305.195915  1.00000  0.0000000  0.00000  0.00100
