0 0.000000E+00 5.514502E-06 1.668786E-07 4.056718E+03 0.000000E+00
 5.514502E-06 1.668786E-070 2.423881E+02 5.514502E-06 1.668810E-07 4.056718E+03 0.000000E+00
 5.514502E-06 1.668810E-071000 7.006266E+03 7.799193E-02 2.473687E-03 4.246013E+02 0.000000E+00
 7.799193E-02 2.473687E-031250 7.006752E+03 1.883346E-01 6.345766E-03 3.543181E+02 0.000000E+00
1500 7.006934E+03 2.657961E-01 1.025944E-02 4.663923E+02 0.000000E+00
1750 7.007064E+03 3.092384E-01 1.447397E-02 8.657909E+02 0.000000E+00
2000 7.007164E+03 3.092384E-01 1.445201E-02 8.657909E+02 0.000000E+00
 3.092384E-01 1.445201E-022250 7.007265E+03 3.092384E-01 1.408469E-02 8.657909E+02 0.000000E+00
2500 7.007360E+03 5.277028E-01 2.090800E-02 5.073612E+02 0.000000E+00
2750 7.007431E+03 5.276792E-01 2.058550E-02 5.073838E+02 0.000000E+00
3000 7.007501E+03 5.276792E-01 2.037490E-02 5.073838E+02 0.000000E+00
 5.276792E-01 2.037490E-023250 7.007570E+03 5.272337E-01 2.075624E-02 5.078516E+02 0.000000E+00
3500 7.007632E+03 7.536542E-01 2.352109E-02 3.552503E+02 0.000000E+00
3750 7.007690E+03 7.416143E-01 2.493737E-02 3.592412E+02 0.000000E+00
4000 7.007743E+03 7.377805E-01 2.878395E-02 3.546578E+02 0.000000E+00
 7.377805E-01 2.878395E-024250 7.007793E+03 7.367919E-01 2.916935E-02 3.561904E+02 0.000000E+00
4500 7.007837E+03 7.297943E-01 3.223396E-02 3.596058E+02 0.000000E+00
4750 7.007881E+03 7.314628E-01 3.287422E-02 3.823173E+02 0.000000E+00
5000 7.007923E+03 7.916121E-01 3.308800E-02 5.251523E+02 0.000000E+00
 7.916121E-01 3.308800E-025250 7.007966E+03 7.919921E-01 3.355090E-02 5.248981E+02 0.000000E+00
5500 7.008008E+03 7.919921E-01 3.382105E-02 5.248981E+02 0.000000E+00
5750 7.008050E+03 7.919921E-01 3.409623E-02 5.248981E+02 0.000000E+00
6000 7.008094E+03 7.983475E-01 3.417559E-02 7.122526E+02 0.000000E+00
 7.983475E-01 3.417559E-026250 7.008137E+03 7.919921E-01 3.420862E-02 5.248981E+02 0.000000E+00
6500 7.008175E+03 8.435600E-01 4.045761E-02 9.160978E+02 0.000000E+00
6750 7.008210E+03 8.429645E-01 4.075122E-02 9.122464E+02 0.000000E+00
7000 7.008246E+03 8.435600E-01 4.090788E-02 9.160978E+02 0.000000E+00
 8.435600E-01 4.090788E-027250 7.008281E+03 8.435600E-01 3.955902E-02 9.160978E+02 0.000000E+00
7500 7.008317E+03 8.434573E-01 4.013246E-02 9.110286E+02 0.000000E+00
7750 7.008351E+03 8.355626E-01 4.624783E-02 9.262390E+02 0.000000E+00
8000 7.008381E+03 8.395891E-01 4.609951E-02 9.204326E+02 0.000000E+00
 8.395891E-01 4.609951E-028250 7.008412E+03 8.395944E-01 4.613589E-02 9.204268E+02 0.000000E+00
8500 7.008443E+03 8.395891E-01 4.555839E-02 9.204326E+02 0.000000E+00
8750 7.008474E+03 8.395891E-01 4.537068E-02 9.204326E+02 0.000000E+00
9000 7.008505E+03 8.395296E-01 4.706561E-02 9.204979E+02 0.000000E+00
 8.395296E-01 4.706561E-029250 7.008536E+03 8.395891E-01 4.586609E-02 9.204326E+02 0.000000E+00
9500 7.008567E+03 8.262672E-01 4.791425E-02 5.487514E+02 0.000000E+00
9750 7.008597E+03 8.231423E-01 4.745838E-02 4.615670E+02 0.000000E+00
10000 7.008627E+03 8.231423E-01 4.742530E-02 4.615670E+02 0.000000E+00
 8.231423E-01 4.742530E-0210500 7.008688E+03 8.190531E-01 4.660949E-02 4.403364E+02 0.000000E+00
11000 7.008750E+03 8.231423E-01 4.610142E-02 4.615670E+02 0.000000E+00
 8.231423E-01 4.610142E-0211500 7.008811E+03 8.215650E-01 4.674296E-02 4.622221E+02 0.000000E+00
12000 7.008872E+03 8.231423E-01 4.812082E-02 4.615670E+02 0.000000E+00
 8.231423E-01 4.812082E-0212500 7.008932E+03 8.231423E-01 4.795690E-02 4.615670E+02 0.000000E+00
13000 7.008992E+03 8.231423E-01 4.671042E-02 4.615670E+02 0.000000E+00
 8.231423E-01 4.671042E-0213500 7.009052E+03 8.231423E-01 4.743320E-02 4.615670E+02 0.000000E+00
14000 7.009113E+03 8.231423E-01 4.684418E-02 4.615670E+02 0.000000E+00
 8.231423E-01 4.684418E-0214500 7.009174E+03 8.231423E-01 4.706853E-02 4.615670E+02 0.000000E+00
15000 7.009234E+03 8.341269E-01 4.882521E-02 6.795413E+02 0.000000E+00
 8.341269E-01 4.882521E-0215500 7.009294E+03 8.346885E-01 4.724168E-02 6.790514E+02 0.000000E+00
16000 7.009354E+03 8.332773E-01 4.790200E-02 6.799571E+02 0.000000E+00
 8.332773E-01 4.790200E-0216500 7.009413E+03 7.979883E-01 5.188360E-02 2.160829E+02 0.000000E+00
17000 7.009471E+03 7.958075E-01 4.904933E-02 2.166747E+02 0.000000E+00
 7.958075E-01 4.904933E-0217500 7.009528E+03 7.958075E-01 4.897477E-02 2.166747E+02 0.000000E+00
18000 7.009587E+03 7.958075E-01 5.118130E-02 2.166747E+02 0.000000E+00
 7.958075E-01 5.118130E-0218500 7.009645E+03 7.958075E-01 4.886079E-02 2.166747E+02 0.000000E+00
19000 7.009704E+03 7.958075E-01 4.855016E-02 2.166747E+02 0.000000E+00
 7.958075E-01 4.855016E-0219500 7.009762E+03 7.958075E-01 4.778172E-02 2.166747E+02 0.000000E+00
20000 7.009821E+03 7.959521E-01 4.982525E-02 2.280421E+02 0.000000E+00
 7.959521E-01 4.982525E-0220500 7.009879E+03 7.958075E-01 4.855502E-02 2.166747E+02 0.000000E+00
21000 7.009938E+03 7.961354E-01 4.861064E-02 2.165868E+02 0.000000E+00
 7.961354E-01 4.861064E-0221500 7.009996E+03 7.959221E-01 4.910837E-02 2.166434E+02 0.000000E+00
22000 7.010054E+03 7.959221E-01 4.830742E-02 2.166434E+02 0.000000E+00
 7.959221E-01 4.830742E-0222500 7.010112E+03 7.931589E-01 4.976686E-02 2.165100E+02 0.000000E+00
23000 7.010170E+03 7.959221E-01 4.921494E-02 2.166434E+02 0.000000E+00
 7.959221E-01 4.921494E-0223500 7.010228E+03 7.959836E-01 5.101306E-02 2.166267E+02 0.000000E+00
24000 7.010287E+03 7.959221E-01 4.922167E-02 2.166434E+02 0.000000E+00
 7.959221E-01 4.922167E-0224500 7.010345E+03 7.959221E-01 4.948823E-02 2.166434E+02 0.000000E+00
25000 7.010403E+03 7.959221E-01 4.940534E-02 2.166434E+02 0.000000E+00
 7.959221E-01 4.940534E-0225500 7.010461E+03 7.959221E-01 4.856285E-02 2.166434E+02 0.000000E+00
26000 7.010519E+03 7.959221E-01 4.974910E-02 2.166434E+02 0.000000E+00
 7.959221E-01 4.974910E-0226500 7.010577E+03 7.959221E-01 4.905095E-02 2.166434E+02 0.000000E+00
27000 7.010635E+03 7.959221E-01 4.970206E-02 2.166434E+02 0.000000E+00
 7.959221E-01 4.970206E-0227500 7.010693E+03 7.959221E-01 5.015524E-02 2.166434E+02 0.000000E+00
28000 7.010751E+03 7.959221E-01 4.898292E-02 2.166434E+02 0.000000E+00
 7.959221E-01 4.898292E-0228500 7.010808E+03 7.959221E-01 4.954132E-02 2.166434E+02 0.000000E+00
29000 7.010867E+03 7.910744E-01 4.823594E-02 2.179712E+02 0.000000E+00
 7.910744E-01 4.823594E-0229500 7.010926E+03 7.910744E-01 4.876363E-02 2.179712E+02 0.000000E+00
30000 7.010985E+03 7.909974E-01 4.790884E-02 2.178032E+02 0.000000E+00
 7.909974E-01 4.790884E-0230500 7.011044E+03 7.910744E-01 4.947720E-02 2.179712E+02 0.000000E+00
31000 7.011103E+03 7.910744E-01 4.925567E-02 2.179712E+02 0.000000E+00
 7.910744E-01 4.925567E-0231500 7.011161E+03 7.910121E-01 4.748554E-02 2.179885E+02 0.000000E+00
32000 7.011221E+03 7.910744E-01 4.933061E-02 2.179712E+02 0.000000E+00
 7.910744E-01 4.933061E-0232500 7.011278E+03 7.910744E-01 4.832019E-02 2.179712E+02 0.000000E+00
33000 7.011337E+03 7.910744E-01 4.997603E-02 2.179712E+02 0.000000E+00
 7.910744E-01 4.997603E-0233500 7.011396E+03 7.910744E-01 4.770990E-02 2.179712E+02 0.000000E+00
34000 7.011454E+03 7.910744E-01 4.853766E-02 2.179712E+02 0.000000E+00
 7.910744E-01 4.853766E-0234500 7.011513E+03 7.910744E-01 4.834457E-02 2.179712E+02 0.000000E+00
35000 7.011572E+03 7.913658E-01 4.902601E-02 2.189277E+02 0.000000E+00
 7.913658E-01 4.902601E-0235500 7.011631E+03 7.910744E-01 4.809495E-02 2.179712E+02 0.000000E+00
36000 7.011689E+03 7.910744E-01 4.844977E-02 2.179712E+02 0.000000E+00
 7.910744E-01 4.844977E-0236500 7.011747E+03 8.559091E-01 5.195258E-02 2.288361E+03 0.000000E+00
37000 7.011802E+03 8.559091E-01 5.169970E-02 2.288361E+03 0.000000E+00
 8.559091E-01 5.169970E-0237500 7.011858E+03 8.559091E-01 5.113397E-02 2.288361E+03 0.000000E+00
38000 7.011914E+03 8.559091E-01 5.183510E-02 2.288361E+03 0.000000E+00
 8.559091E-01 5.183510E-0238500 7.011970E+03 8.558495E-01 5.149317E-02 2.288521E+03 0.000000E+00
39000 7.012026E+03 8.559091E-01 5.211196E-02 2.288361E+03 0.000000E+00
 8.559091E-01 5.211196E-0239500 7.012083E+03 8.559729E-01 5.120088E-02 2.288191E+03 0.000000E+00
40000 7.012138E+03 8.559091E-01 5.084487E-02 2.288361E+03 0.000000E+00
 8.559091E-01 5.084487E-0240500 7.012194E+03 8.567169E-01 5.158798E-02 2.286267E+03 0.000000E+00
41000 7.012250E+03 8.559091E-01 5.230350E-02 2.288361E+03 0.000000E+00
 8.559091E-01 5.230350E-0241500 7.012305E+03 8.553827E-01 5.180141E-02 1.905029E+03 0.000000E+00
42000 7.012361E+03 8.559091E-01 5.083340E-02 2.288361E+03 0.000000E+00
 8.559091E-01 5.083340E-0242500 7.012416E+03 8.532214E-01 4.982071E-02 2.110199E+03 0.000000E+00
43000 7.012471E+03 8.559091E-01 5.143639E-02 2.288361E+03 0.000000E+00
 8.559091E-01 5.143639E-0243500 7.012527E+03 8.554372E-01 5.067396E-02 2.289696E+03 0.000000E+00
44000 7.012582E+03 8.559091E-01 5.166654E-02 2.288361E+03 0.000000E+00
 8.559091E-01 5.166654E-0244500 7.012638E+03 8.559162E-01 5.091585E-02 2.288342E+03 0.000000E+00
45000 7.012692E+03 8.647489E-01 5.550089E-02 2.579408E+03 0.000000E+00
 8.647489E-01 5.550089E-0245500 7.012744E+03 8.616109E-01 5.519465E-02 2.555315E+03 0.000000E+00
46000 7.012796E+03 8.631279E-01 5.522226E-02 2.564723E+03 0.000000E+00
 8.631279E-01 5.522226E-0246500 7.012848E+03 8.647489E-01 5.648562E-02 2.579408E+03 0.000000E+00
47000 7.012901E+03 8.717548E-01 5.377153E-02 3.419495E+03 0.000000E+00
 8.717548E-01 5.377153E-0247500 7.012953E+03 8.717548E-01 5.316078E-02 3.419495E+03 0.000000E+00
48000 7.013006E+03 8.717548E-01 5.449397E-02 3.419495E+03 0.000000E+00
 8.717548E-01 5.449397E-0248500 7.013060E+03 8.717548E-01 5.351403E-02 3.419495E+03 0.000000E+00
49000 7.013113E+03 8.717548E-01 5.300266E-02 3.419495E+03 0.000000E+00
 8.717548E-01 5.300266E-0249500 7.013166E+03 8.717548E-01 5.401345E-02 3.419495E+03 0.000000E+00
50000 7.013218E+03 8.717533E-01 5.437328E-02 3.419501E+03 0.000000E+00
 8.717533E-01 5.437328E-0250500 7.013272E+03 8.717548E-01 5.309348E-02 3.419495E+03 0.000000E+00
51000 7.013325E+03 8.717548E-01 5.323342E-02 3.419495E+03 0.000000E+00
 8.717548E-01 5.323342E-0251500 7.013378E+03 8.716183E-01 5.377860E-02 3.421454E+03 0.000000E+00
52000 7.013431E+03 8.717548E-01 5.401750E-02 3.419495E+03 0.000000E+00
 8.717548E-01 5.401750E-0252500 7.013484E+03 8.717548E-01 5.362927E-02 3.419495E+03 0.000000E+00
53000 7.013537E+03 8.707901E-01 5.416987E-02 3.419285E+03 0.000000E+00
 8.707901E-01 5.416987E-0253500 7.013590E+03 8.717548E-01 5.432983E-02 3.419495E+03 0.000000E+00
54000 7.013643E+03 8.713925E-01 5.348517E-02 3.420977E+03 0.000000E+00
 8.713925E-01 5.348517E-0254500 7.013696E+03 8.717548E-01 5.347349E-02 3.419495E+03 0.000000E+00
55000 7.013749E+03 8.717548E-01 5.283490E-02 3.419495E+03 0.000000E+00
 8.717548E-01 5.283490E-0255500 7.013803E+03 8.717548E-01 5.447094E-02 3.419495E+03 0.000000E+00
56000 7.013856E+03 8.638492E-01 5.592589E-02 3.176447E+03 0.000000E+00
 8.638492E-01 5.592589E-0256500 7.013907E+03 8.725595E-01 5.532127E-02 3.416339E+03 0.000000E+00
57000 7.013959E+03 8.726119E-01 5.558676E-02 3.416133E+03 0.000000E+00
 8.726119E-01 5.558676E-0257500 7.014010E+03 8.985470E-01 6.109147E-02 3.317528E+03 0.000000E+00
58000 7.014058E+03 8.985470E-01 6.020013E-02 3.317528E+03 0.000000E+00
 8.985470E-01 6.020013E-0258500 7.014105E+03 8.988298E-01 5.991415E-02 3.057854E+03 0.000000E+00
59000 7.014152E+03 8.994593E-01 5.988919E-02 2.479872E+03 0.000000E+00
 8.994593E-01 5.988919E-0259500 7.014200E+03 8.979756E-01 5.990141E-02 2.514282E+03 0.000000E+00
60000 7.014247E+03 9.002407E-01 6.096224E-02 1.517914E+03 0.000000E+00
 9.002407E-01 6.096224E-0260500 7.014293E+03 9.001073E-01 6.120993E-02 1.518140E+03 0.000000E+00
61000 7.014340E+03 9.002407E-01 6.144586E-02 1.517914E+03 0.000000E+00
 9.002407E-01 6.144586E-0261500 7.014385E+03 9.002347E-01 6.206779E-02 1.517924E+03 0.000000E+00
62000 7.014431E+03 9.002407E-01 6.231875E-02 1.517914E+03 0.000000E+00
 9.002407E-01 6.231875E-0262500 7.014477E+03 9.002932E-01 6.072906E-02 1.598712E+03 0.000000E+00
63000 7.014523E+03 9.002407E-01 6.207445E-02 1.517914E+03 0.000000E+00
 9.002407E-01 6.207445E-0263500 7.014569E+03 8.960662E-01 6.218726E-02 1.505221E+03 0.000000E+00
64000 7.014614E+03 9.002407E-01 6.198517E-02 1.517914E+03 0.000000E+00
 9.002407E-01 6.198517E-0264500 7.014660E+03 9.063772E-01 6.270669E-02 1.530757E+03 0.000000E+00
65000 7.014705E+03 9.087830E-01 6.308301E-02 1.534022E+03 0.000000E+00
 9.087830E-01 6.308301E-0265500 7.014750E+03 9.087830E-01 6.252393E-02 1.534022E+03 0.000000E+00
66000 7.014796E+03 9.087449E-01 6.311677E-02 1.534087E+03 0.000000E+00
 9.087449E-01 6.311677E-0266500 7.014841E+03 9.087570E-01 6.205130E-02 1.534066E+03 0.000000E+00
67000 7.014886E+03 9.087830E-01 6.349090E-02 1.534022E+03 0.000000E+00
 9.087830E-01 6.349090E-0267500 7.014932E+03 8.957804E-01 6.332177E-02 1.043212E+03 0.000000E+00
68000 7.014978E+03 8.954149E-01 6.164685E-02 1.037109E+03 0.000000E+00
 8.954149E-01 6.164685E-0268500 7.015024E+03 8.958508E-01 6.178117E-02 1.043131E+03 0.000000E+00
69000 7.015071E+03 8.981759E-01 6.168340E-02 1.040430E+03 0.000000E+00
 8.981759E-01 6.168340E-0269500 7.015117E+03 8.981759E-01 6.212699E-02 1.040430E+03 0.000000E+00
70000 7.015163E+03 8.981759E-01 6.228207E-02 1.040430E+03 0.000000E+00
 8.981759E-01 6.228207E-0270500 7.015209E+03 8.981749E-01 6.102356E-02 1.040432E+03 0.000000E+00
71000 7.015256E+03 8.981759E-01 6.133752E-02 1.040430E+03 0.000000E+00
 8.981759E-01 6.133752E-0271500 7.015302E+03 8.981759E-01 6.176306E-02 1.040430E+03 0.000000E+00
72000 7.015349E+03 8.981759E-01 6.207429E-02 1.040430E+03 0.000000E+00
 8.981759E-01 6.207429E-0272500 7.015395E+03 8.977371E-01 6.168298E-02 1.040965E+03 0.000000E+00
73000 7.015443E+03 8.980911E-01 6.005181E-02 1.040529E+03 0.000000E+00
 8.980911E-01 6.005181E-0273500 7.015490E+03 8.981759E-01 5.964957E-02 1.040430E+03 0.000000E+00
74000 7.015536E+03 8.981759E-01 6.211138E-02 1.040430E+03 0.000000E+00
 8.981759E-01 6.211138E-0274500 7.015582E+03 8.982868E-01 6.148894E-02 1.040303E+03 0.000000E+00
75000 7.015629E+03 8.982390E-01 6.055076E-02 1.040358E+03 0.000000E+00
 8.982390E-01 6.055076E-0275500 7.015676E+03 8.982390E-01 6.147331E-02 1.040358E+03 0.000000E+00
76000 7.015723E+03 8.982390E-01 5.984119E-02 1.040358E+03 0.000000E+00
 8.982390E-01 5.984119E-0276500 7.015770E+03 8.982390E-01 6.172357E-02 1.040358E+03 0.000000E+00
77000 7.015817E+03 8.982390E-01 6.053909E-02 1.040358E+03 0.000000E+00
 8.982390E-01 6.053909E-0277500 7.015864E+03 8.980626E-01 6.172325E-02 1.040566E+03 0.000000E+00
78000 7.015911E+03 8.982390E-01 5.962881E-02 1.040358E+03 0.000000E+00
 8.982390E-01 5.962881E-0278500 7.015958E+03 8.982390E-01 6.097168E-02 1.040358E+03 0.000000E+00
79000 7.016005E+03 8.982390E-01 6.194357E-02 1.040358E+03 0.000000E+00
 8.982390E-01 6.194357E-0279500 7.016052E+03 8.973814E-01 6.097297E-02 1.041375E+03 0.000000E+00
80000 7.016100E+03 8.982390E-01 5.961956E-02 1.040358E+03 0.000000E+00
 8.982390E-01 5.961956E-0280500 7.016146E+03 8.982390E-01 6.019234E-02 1.040358E+03 0.000000E+00
81000 7.016193E+03 8.982390E-01 6.025730E-02 1.040358E+03 0.000000E+00
 8.982390E-01 6.025730E-0281500 7.016240E+03 8.978884E-01 6.033309E-02 1.040766E+03 0.000000E+00
82000 7.016288E+03 8.982390E-01 6.270898E-02 1.040358E+03 0.000000E+00
 8.982390E-01 6.270898E-0282500 7.016335E+03 8.982390E-01 5.993596E-02 1.040358E+03 0.000000E+00
83000 7.016381E+03 8.975107E-01 6.110330E-02 1.054888E+03 0.000000E+00
 8.975107E-01 6.110330E-0283500 7.016428E+03 8.968782E-01 6.260495E-02 1.042215E+03 0.000000E+00
84000 7.016474E+03 8.982392E-01 6.180264E-02 1.040357E+03 0.000000E+00
 8.982392E-01 6.180264E-0284500 7.016522E+03 8.982392E-01 5.976430E-02 1.040357E+03 0.000000E+00
85000 7.016569E+03 8.982392E-01 6.172725E-02 1.040357E+03 0.000000E+00
 8.982392E-01 6.172725E-0285500 7.016616E+03 8.982392E-01 6.213998E-02 1.040357E+03 0.000000E+00
86000 7.016662E+03 8.938240E-01 6.091268E-02 1.028683E+03 0.000000E+00
 8.938240E-01 6.091268E-0286500 7.016709E+03 8.954555E-01 6.070897E-02 1.030586E+03 0.000000E+00
87000 7.016755E+03 8.980669E-01 6.096768E-02 1.040558E+03 0.000000E+00
 8.980669E-01 6.096768E-0287500 7.016801E+03 8.982392E-01 6.111861E-02 1.040357E+03 0.000000E+00
88000 7.016848E+03 8.982392E-01 6.159573E-02 1.040357E+03 0.000000E+00
 8.982392E-01 6.159573E-0288500 7.016895E+03 8.943430E-01 5.935045E-02 9.549562E+02 0.000000E+00
89000 7.016943E+03 8.943430E-01 5.919452E-02 9.549562E+02 0.000000E+00
 8.943430E-01 5.919452E-0289500 7.016992E+03 8.943430E-01 5.884420E-02 9.549562E+02 0.000000E+00
90000 7.017040E+03 8.943430E-01 5.889850E-02 9.549562E+02 0.000000E+00
 8.943430E-01 5.889850E-0290500 7.017088E+03 8.943430E-01 5.901152E-02 9.549562E+02 0.000000E+00
91000 7.017137E+03 8.943430E-01 6.025239E-02 9.549562E+02 0.000000E+00
 8.943430E-01 6.025239E-0291500 7.017184E+03 8.768547E-01 6.142687E-02 7.661770E+02 0.000000E+00
92000 7.017231E+03 8.751872E-01 6.244343E-02 7.598479E+02 0.000000E+00
 8.751872E-01 6.244343E-0292500 7.017278E+03 8.768547E-01 6.179956E-02 7.661770E+02 0.000000E+00
93000 7.017324E+03 8.768547E-01 6.092800E-02 7.661770E+02 0.000000E+00
 8.768547E-01 6.092800E-0293500 7.017371E+03 8.768547E-01 6.083624E-02 7.661770E+02 0.000000E+00
94000 7.017417E+03 8.768562E-01 6.097001E-02 7.661756E+02 0.000000E+00
 8.768562E-01 6.097001E-0294500 7.017464E+03 8.733659E-01 6.037229E-02 7.694091E+02 0.000000E+00
95000 7.017510E+03 8.768547E-01 6.134226E-02 7.661770E+02 0.000000E+00
 8.768547E-01 6.134226E-0295500 7.017556E+03 8.768547E-01 6.151390E-02 7.661770E+02 0.000000E+00
96000 7.017602E+03 8.761436E-01 6.057848E-02 7.630912E+02 0.000000E+00
 8.761436E-01 6.057848E-0296500 7.017649E+03 8.755880E-01 6.190474E-02 7.631953E+02 0.000000E+00
97000 7.017695E+03 8.768547E-01 6.093223E-02 7.661770E+02 0.000000E+00
 8.768547E-01 6.093223E-0297500 7.017742E+03 8.768547E-01 6.300799E-02 7.661770E+02 0.000000E+00
98000 7.017788E+03 8.769608E-01 6.148596E-02 7.660844E+02 0.000000E+00
 8.769608E-01 6.148596E-0298500 7.017834E+03 8.768547E-01 6.162950E-02 7.661770E+02 0.000000E+00
99000 7.017880E+03 8.766856E-01 6.153107E-02 7.663276E+02 0.000000E+00
 8.766856E-01 6.153107E-0299500 7.017927E+03 8.739765E-01 6.083078E-02 7.498911E+02 0.000000E+00
100000 7.017973E+03 8.768547E-01 6.198639E-02 7.661770E+02 0.000000E+00
 8.768547E-01 6.198639E-02100500 7.018020E+03 8.768547E-01 6.222619E-02 7.661770E+02 0.000000E+00
101000 7.018067E+03 8.768547E-01 5.985720E-02 7.661770E+02 0.000000E+00
 8.768547E-01 5.985720E-02101500 7.018113E+03 8.768547E-01 6.088615E-02 7.661770E+02 0.000000E+00
102000 7.018160E+03 8.768547E-01 6.083965E-02 7.661770E+02 0.000000E+00
 8.768547E-01 6.083965E-02102500 7.018205E+03 8.937557E-01 6.595752E-02 1.045575E+03 0.000000E+00
103000 7.018248E+03 8.935803E-01 6.326127E-02 1.247347E+03 0.000000E+00
 8.935803E-01 6.326127E-02103500 7.018292E+03 8.937557E-01 6.690036E-02 1.045575E+03 0.000000E+00
104000 7.018335E+03 8.937557E-01 6.568620E-02 1.045575E+03 0.000000E+00
 8.937557E-01 6.568620E-02104500 7.018379E+03 8.937541E-01 6.621004E-02 1.045577E+03 0.000000E+00
105000 7.018422E+03 8.937557E-01 6.592067E-02 1.045575E+03 0.000000E+00
 8.937557E-01 6.592067E-02105500 7.018466E+03 8.937557E-01 6.597707E-02 1.045575E+03 0.000000E+00
106000 7.018509E+03 8.934838E-01 6.605845E-02 1.051697E+03 0.000000E+00
 8.934838E-01 6.605845E-02106500 7.018552E+03 8.939043E-01 6.579996E-02 1.045402E+03 0.000000E+00
107000 7.018595E+03 8.937557E-01 6.612806E-02 1.045575E+03 0.000000E+00
 8.937557E-01 6.612806E-02107500 7.018638E+03 8.935859E-01 6.628782E-02 1.042782E+03 0.000000E+00
108000 7.018681E+03 8.937557E-01 6.745222E-02 1.045575E+03 0.000000E+00
 8.937557E-01 6.745222E-02108500 7.018726E+03 8.937557E-01 6.421731E-02 1.045575E+03 0.000000E+00
109000 7.018770E+03 8.936542E-01 6.428252E-02 1.045695E+03 0.000000E+00
 8.936542E-01 6.428252E-02109500 7.018814E+03 8.937557E-01 6.721319E-02 1.045575E+03 0.000000E+00
110000 7.018858E+03 8.895161E-01 6.677575E-02 1.036520E+03 0.000000E+00
 8.895161E-01 6.677575E-02110500 7.018900E+03 8.935913E-01 6.622259E-02 1.041944E+03 0.000000E+00
111000 7.018943E+03 8.937557E-01 6.604087E-02 1.045575E+03 0.000000E+00
 8.937557E-01 6.604087E-02111500 7.018986E+03 8.937557E-01 6.535813E-02 1.045575E+03 0.000000E+00
112000 7.019029E+03 8.937557E-01 6.741428E-02 1.045575E+03 0.000000E+00
 8.937557E-01 6.741428E-02112500 7.019072E+03 8.937557E-01 6.747925E-02 1.045575E+03 0.000000E+00
113000 7.019115E+03 8.937557E-01 6.540118E-02 1.045575E+03 0.000000E+00
 8.937557E-01 6.540118E-02113500 7.019159E+03 8.936586E-01 6.626455E-02 1.041158E+03 0.000000E+00
114000 7.019202E+03 8.937557E-01 6.697085E-02 1.045575E+03 0.000000E+00
 8.937557E-01 6.697085E-02114500 7.019244E+03 8.924308E-01 6.552242E-02 1.047128E+03 0.000000E+00
115000 7.019288E+03 8.920997E-01 6.485466E-02 1.047516E+03 0.000000E+00
 8.920997E-01 6.485466E-02115500 7.019331E+03 8.920997E-01 6.407008E-02 1.047516E+03 0.000000E+00
116000 7.019375E+03 8.913671E-01 6.352264E-02 1.055763E+03 0.000000E+00
 8.913671E-01 6.352264E-02116500 7.019418E+03 8.921154E-01 6.701621E-02 1.047497E+03 0.000000E+00
117000 7.019461E+03 8.815160E-01 6.542522E-02 3.939057E+02 0.000000E+00
 8.815160E-01 6.542522E-02117500 7.019503E+03 8.843620E-01 6.585412E-02 5.571797E+02 0.000000E+00
118000 7.019546E+03 8.843620E-01 6.587534E-02 5.571797E+02 0.000000E+00
 8.843620E-01 6.587534E-02118500 7.019590E+03 8.843620E-01 6.595438E-02 5.571797E+02 0.000000E+00
119000 7.019631E+03 8.985443E-01 6.892398E-02 8.430106E+02 0.000000E+00
 8.985443E-01 6.892398E-02119500 7.019672E+03 8.983588E-01 7.037569E-02 8.417201E+02 0.000000E+00
120000 7.019714E+03 8.985443E-01 6.960044E-02 8.430106E+02 0.000000E+00
 8.985443E-01 6.960044E-02120500 7.019755E+03 8.985443E-01 6.918405E-02 8.430106E+02 0.000000E+00
121000 7.019796E+03 8.988879E-01 6.837803E-02 9.661796E+02 0.000000E+00
 8.988879E-01 6.837803E-02121500 7.019837E+03 8.985443E-01 7.039946E-02 8.430106E+02 0.000000E+00
122000 7.019879E+03 8.985443E-01 6.728908E-02 8.430106E+02 0.000000E+00
 8.985443E-01 6.728908E-02122500 7.019920E+03 8.983810E-01 6.642400E-02 8.466435E+02 0.000000E+00
123000 7.019962E+03 8.985443E-01 7.126264E-02 8.430106E+02 0.000000E+00
 8.985443E-01 7.126264E-02123500 7.020004E+03 8.985443E-01 6.824657E-02 8.430106E+02 0.000000E+00
124000 7.020046E+03 8.985443E-01 6.884311E-02 8.430106E+02 0.000000E+00
 8.985443E-01 6.884311E-02124500 7.020087E+03 8.985443E-01 6.887201E-02 8.430106E+02 0.000000E+00
125000 7.020129E+03 8.985443E-01 6.826995E-02 8.430106E+02 0.000000E+00
 8.985443E-01 6.826995E-02125500 7.020170E+03 8.985443E-01 7.150210E-02 8.430106E+02 0.000000E+00
126000 7.020212E+03 8.983157E-01 6.930652E-02 8.432306E+02 0.000000E+00
 8.983157E-01 6.930652E-02126500 7.020253E+03 8.985443E-01 6.924342E-02 8.430106E+02 0.000000E+00
127000 7.020295E+03 8.985443E-01 6.959370E-02 8.430106E+02 0.000000E+00
 8.985443E-01 6.959370E-02127500 7.020336E+03 8.985443E-01 6.947241E-02 8.430106E+02 0.000000E+00
128000 7.020378E+03 8.985443E-01 7.000122E-02 8.430106E+02 0.000000E+00
 8.985443E-01 7.000122E-02128500 7.020419E+03 8.985443E-01 6.760669E-02 8.430106E+02 0.000000E+00
129000 7.020461E+03 8.985443E-01 6.805947E-02 8.430106E+02 0.000000E+00
 8.985443E-01 6.805947E-02129500 7.020502E+03 8.985443E-01 6.848618E-02 8.430106E+02 0.000000E+00
130000 7.020544E+03 9.013061E-01 6.758894E-02 8.404274E+02 0.000000E+00
 9.013061E-01 6.758894E-02130500 7.020586E+03 8.979492E-01 6.666660E-02 8.423248E+02 0.000000E+00
131000 7.020628E+03 9.013061E-01 6.842337E-02 8.404274E+02 0.000000E+00
 9.013061E-01 6.842337E-02131500 7.020670E+03 9.013061E-01 6.764421E-02 8.404274E+02 0.000000E+00
132000 7.020712E+03 9.013061E-01 6.869150E-02 8.404274E+02 0.000000E+00
 9.013061E-01 6.869150E-02132500 7.020754E+03 8.976060E-01 6.806634E-02 8.322842E+02 0.000000E+00
133000 7.020795E+03 9.013061E-01 6.790403E-02 8.404274E+02 0.000000E+00
 9.013061E-01 6.790403E-02133500 7.020837E+03 9.056299E-01 6.857336E-02 1.247783E+03 0.000000E+00
134000 7.020878E+03 9.056650E-01 6.916771E-02 1.247735E+03 0.000000E+00
 9.056650E-01 6.916771E-02134500 7.020919E+03 9.056650E-01 6.786124E-02 1.247735E+03 0.000000E+00
135000 7.020961E+03 9.056650E-01 6.805787E-02 1.247735E+03 0.000000E+00
 9.056650E-01 6.805787E-02135500 7.021002E+03 9.057357E-01 6.691622E-02 1.247638E+03 0.000000E+00
136000 7.021045E+03 9.054302E-01 6.847197E-02 1.243747E+03 0.000000E+00
 9.054302E-01 6.847197E-02136500 7.021086E+03 9.056644E-01 6.813472E-02 1.247736E+03 0.000000E+00
137000 7.021128E+03 9.056650E-01 6.897996E-02 1.247735E+03 0.000000E+00
 9.056650E-01 6.897996E-02137500 7.021170E+03 9.050972E-01 6.736521E-02 1.247911E+03 0.000000E+00
138000 7.021212E+03 9.051244E-01 6.811126E-02 1.248487E+03 0.000000E+00
 9.051244E-01 6.811126E-02138500 7.021254E+03 9.056258E-01 6.780939E-02 1.247789E+03 0.000000E+00
139000 7.021296E+03 9.061700E-01 6.681069E-02 1.247047E+03 0.000000E+00
 9.061700E-01 6.681069E-02139500 7.021338E+03 9.056650E-01 6.677930E-02 1.247735E+03 0.000000E+00
140000 7.021380E+03 9.052888E-01 7.041708E-02 1.248254E+03 0.000000E+00
 9.052888E-01 7.041708E-02140500 7.021422E+03 9.033519E-01 6.927834E-02 1.238731E+03 0.000000E+00
141000 7.021463E+03 9.052918E-01 6.934547E-02 1.248250E+03 0.000000E+00
 9.052918E-01 6.934547E-02141500 7.021505E+03 9.052888E-01 6.877962E-02 1.248254E+03 0.000000E+00
142000 7.021546E+03 9.051861E-01 6.997927E-02 1.248396E+03 0.000000E+00
 9.051861E-01 6.997927E-02142500 7.021587E+03 9.035065E-01 6.772085E-02 1.236465E+03 0.000000E+00
143000 7.021629E+03 9.054439E-01 6.798510E-02 1.248041E+03 0.000000E+00
 9.054439E-01 6.798510E-02143500 7.021670E+03 9.052888E-01 6.994567E-02 1.248254E+03 0.000000E+00
144000 7.021712E+03 9.052888E-01 6.888855E-02 1.248254E+03 0.000000E+00
 9.052888E-01 6.888855E-02144500 7.021753E+03 9.053158E-01 6.760606E-02 1.248217E+03 0.000000E+00
145000 7.021794E+03 9.052885E-01 7.044376E-02 1.248254E+03 0.000000E+00
 9.052885E-01 7.044376E-02145500 7.021835E+03 9.047065E-01 6.939601E-02 1.243813E+03 0.000000E+00
146000 7.021877E+03 9.052888E-01 6.858017E-02 1.248254E+03 0.000000E+00
 9.052888E-01 6.858017E-02146500 7.021919E+03 9.052888E-01 6.869864E-02 1.248254E+03 0.000000E+00
147000 7.021959E+03 9.052888E-01 6.924944E-02 1.248254E+03 0.000000E+00
 9.052888E-01 6.924944E-02147500 7.022001E+03 9.053811E-01 6.931682E-02 1.254773E+03 0.000000E+00
148000 7.022043E+03 9.052990E-01 6.799799E-02 1.248239E+03 0.000000E+00
 9.052990E-01 6.799799E-02148500 7.022086E+03 9.052990E-01 6.858505E-02 1.248239E+03 0.000000E+00
149000 7.022129E+03 9.051306E-01 6.768825E-02 1.248476E+03 0.000000E+00
 9.051306E-01 6.768825E-02149500 7.022171E+03 8.992768E-01 6.659619E-02 1.256599E+03 0.000000E+00
150000 7.022213E+03 9.000825E-01 6.720123E-02 1.255475E+03 0.000000E+00
 9.000825E-01 6.720123E-02150500 7.022253E+03 8.768742E-01 7.200119E-02 2.041403E+03 0.000000E+00
151000 7.022294E+03 8.768742E-01 7.042339E-02 2.041403E+03 0.000000E+00
 8.768742E-01 7.042339E-02151500 7.022334E+03 8.775107E-01 6.989428E-02 2.039919E+03 0.000000E+00
152000 7.022374E+03 8.775107E-01 7.024723E-02 2.039919E+03 0.000000E+00
 8.775107E-01 7.024723E-02152500 7.022415E+03 8.771141E-01 6.908448E-02 2.053703E+03 0.000000E+00
153000 7.022456E+03 8.775107E-01 7.032771E-02 2.039919E+03 0.000000E+00
 8.775107E-01 7.032771E-02153500 7.022497E+03 8.771337E-01 6.909525E-02 2.063372E+03 0.000000E+00
154000 7.022538E+03 8.775107E-01 6.822073E-02 2.039919E+03 0.000000E+00
 8.775107E-01 6.822073E-02154500 7.022579E+03 8.775107E-01 6.869533E-02 2.039919E+03 0.000000E+00
155000 7.022620E+03 8.763863E-01 6.961043E-02 2.042539E+03 0.000000E+00
 8.763863E-01 6.961043E-02155500 7.022661E+03 8.763863E-01 6.918018E-02 2.042539E+03 0.000000E+00
156000 7.022702E+03 8.763863E-01 7.015956E-02 2.042539E+03 0.000000E+00
 8.763863E-01 7.015956E-02156500 7.022744E+03 8.763858E-01 6.927745E-02 2.042541E+03 0.000000E+00
157000 7.022785E+03 8.763858E-01 6.991759E-02 2.042541E+03 0.000000E+00
 8.763858E-01 6.991759E-02157500 7.022826E+03 8.757125E-01 6.890708E-02 2.044241E+03 0.000000E+00
158000 7.022867E+03 8.733783E-01 6.800475E-02 2.026584E+03 0.000000E+00
 8.733783E-01 6.800475E-02158500 7.022909E+03 8.763905E-01 6.962766E-02 2.042530E+03 0.000000E+00
159000 7.022950E+03 8.763858E-01 6.863641E-02 2.042541E+03 0.000000E+00
 8.763858E-01 6.863641E-02159500 7.022992E+03 8.758341E-01 6.858274E-02 2.043913E+03 0.000000E+00
160000 7.023034E+03 8.763858E-01 6.847609E-02 2.042541E+03 0.000000E+00
 8.763858E-01 6.847609E-02160500 7.023075E+03 8.763858E-01 6.867336E-02 2.042541E+03 0.000000E+00
161000 7.023117E+03 8.762490E-01 7.033613E-02 2.035802E+03 0.000000E+00
 8.762490E-01 7.033613E-02161500 7.023158E+03 8.762801E-01 6.926271E-02 2.042790E+03 0.000000E+00
162000 7.023200E+03 8.763858E-01 7.033987E-02 2.042541E+03 0.000000E+00
 8.763858E-01 7.033987E-02162500 7.023241E+03 8.751354E-01 6.917713E-02 1.958180E+03 0.000000E+00
163000 7.023283E+03 8.763927E-01 6.766361E-02 2.042525E+03 0.000000E+00
 8.763927E-01 6.766361E-02163500 7.023325E+03 8.763858E-01 6.722154E-02 2.042541E+03 0.000000E+00
164000 7.023367E+03 8.731309E-01 7.126841E-02 2.050167E+03 0.000000E+00
 8.731309E-01 7.126841E-02164500 7.023407E+03 8.733422E-01 6.968351E-02 2.049658E+03 0.000000E+00
165000 7.023448E+03 8.733422E-01 6.989478E-02 2.049658E+03 0.000000E+00
 8.733422E-01 6.989478E-02165500 7.023488E+03 8.733422E-01 6.871158E-02 2.049658E+03 0.000000E+00
166000 7.023530E+03 8.729005E-01 6.718321E-02 2.051631E+03 0.000000E+00
 8.729005E-01 6.718321E-02166500 7.023572E+03 8.732485E-01 6.958881E-02 2.049879E+03 0.000000E+00
167000 7.023613E+03 8.733422E-01 6.979539E-02 2.049658E+03 0.000000E+00
 8.733422E-01 6.979539E-02167500 7.023653E+03 8.685390E-01 6.867909E-02 2.014567E+03 0.000000E+00
168000 7.023694E+03 8.733422E-01 6.813710E-02 2.049658E+03 0.000000E+00
 8.733422E-01 6.813710E-02168500 7.023736E+03 8.733422E-01 6.950498E-02 2.049658E+03 0.000000E+00
169000 7.023776E+03 8.736938E-01 7.059152E-02 2.048849E+03 0.000000E+00
 8.736938E-01 7.059152E-02169500 7.023817E+03 8.711810E-01 6.925654E-02 1.975793E+03 0.000000E+00
170000 7.023858E+03 8.733422E-01 6.971702E-02 2.049658E+03 0.000000E+00
 8.733422E-01 6.971702E-02170500 7.023898E+03 8.733534E-01 6.981321E-02 2.049632E+03 0.000000E+00
171000 7.023938E+03 8.742322E-01 7.018778E-02 2.047568E+03 0.000000E+00
 8.742322E-01 7.018778E-02171500 7.023978E+03 8.742322E-01 7.191718E-02 2.047568E+03 0.000000E+00
172000 7.024014E+03 9.129341E-01 7.951665E-02 1.792006E+03 0.000000E+00
 9.129341E-01 7.951665E-02172500 7.024050E+03 9.129341E-01 7.965486E-02 1.792006E+03 0.000000E+00
173000 7.024085E+03 9.129341E-01 8.083275E-02 1.792006E+03 0.000000E+00
 9.129341E-01 8.083275E-02173500 7.024120E+03 9.129341E-01 7.924973E-02 1.792006E+03 0.000000E+00
174000 7.024156E+03 9.129341E-01 7.966334E-02 1.792006E+03 0.000000E+00
 9.129341E-01 7.966334E-02174500 7.024192E+03 9.129341E-01 7.916985E-02 1.792006E+03 0.000000E+00
175000 7.024228E+03 9.125555E-01 7.990956E-02 1.747202E+03 0.000000E+00
 9.125555E-01 7.990956E-02175500 7.024263E+03 9.129341E-01 8.045887E-02 1.792006E+03 0.000000E+00
176000 7.024299E+03 9.175848E-01 8.192696E-02 1.942927E+03 0.000000E+00
 9.175848E-01 8.192696E-02176500 7.024333E+03 9.308218E-01 8.204613E-02 2.372473E+03 0.000000E+00
177000 7.024368E+03 9.308218E-01 8.397950E-02 2.372473E+03 0.000000E+00
 9.308218E-01 8.397950E-02177500 7.024402E+03 9.307132E-01 8.207460E-02 2.372753E+03 0.000000E+00
178000 7.024436E+03 9.308218E-01 8.587816E-02 2.372473E+03 0.000000E+00
 9.308218E-01 8.587816E-02178500 7.024471E+03 9.308479E-01 8.035354E-02 2.372406E+03 0.000000E+00
179000 7.024505E+03 9.308218E-01 8.201589E-02 2.372473E+03 0.000000E+00
 9.308218E-01 8.201589E-02179500 7.024540E+03 9.308307E-01 8.240959E-02 2.372451E+03 0.000000E+00
180000 7.024574E+03 9.308218E-01 7.901558E-02 2.372473E+03 0.000000E+00
 9.308218E-01 7.901558E-02180500 7.024609E+03 9.290656E-01 8.188572E-02 2.345950E+03 0.000000E+00
181000 7.024645E+03 9.306431E-01 8.168327E-02 2.372938E+03 0.000000E+00
 9.306431E-01 8.168327E-02181500 7.024680E+03 9.307082E-01 8.182958E-02 2.372764E+03 0.000000E+00
182000 7.024715E+03 9.308218E-01 8.350675E-02 2.372473E+03 0.000000E+00
 9.308218E-01 8.350675E-02182500 7.024749E+03 9.308218E-01 8.439875E-02 2.372473E+03 0.000000E+00
183000 7.024783E+03 9.308218E-01 8.310521E-02 2.372473E+03 0.000000E+00
 9.308218E-01 8.310521E-02183500 7.024818E+03 9.307479E-01 8.393941E-02 2.372663E+03 0.000000E+00
184000 7.024852E+03 9.290655E-01 8.340710E-02 2.088088E+03 0.000000E+00
 9.290655E-01 8.340710E-02184500 7.024887E+03 9.298958E-01 8.480018E-02 2.316659E+03 0.000000E+00
185000 7.024921E+03 9.310431E-01 8.580175E-02 2.371908E+03 0.000000E+00
 9.310431E-01 8.580175E-02185500 7.024955E+03 9.268239E-01 8.610818E-02 2.382735E+03 0.000000E+00
186000 7.024988E+03 9.293851E-01 8.558243E-02 3.320811E+03 0.000000E+00
 9.293851E-01 8.558243E-02186500 7.025020E+03 9.356306E-01 8.690425E-02 5.575311E+03 0.000000E+00
187000 7.025053E+03 9.332173E-01 8.830591E-02 3.940718E+03 0.000000E+00
 9.332173E-01 8.830591E-02187500 7.025086E+03 9.329964E-01 8.697738E-02 3.941662E+03 0.000000E+00
188000 7.025119E+03 9.331692E-01 8.672020E-02 3.940922E+03 0.000000E+00
 9.331692E-01 8.672020E-02188500 7.025151E+03 9.332173E-01 8.687326E-02 3.940718E+03 0.000000E+00
189000 7.025184E+03 9.332173E-01 8.544356E-02 3.940718E+03 0.000000E+00
 9.332173E-01 8.544356E-02189500 7.025218E+03 9.332052E-01 8.826248E-02 3.940763E+03 0.000000E+00
190000 7.025250E+03 9.332667E-01 8.695807E-02 3.940505E+03 0.000000E+00
 9.332667E-01 8.695807E-02190500 7.025283E+03 9.332055E-01 8.946491E-02 3.940761E+03 0.000000E+00
191000 7.025315E+03 9.332264E-01 8.784112E-02 3.940673E+03 0.000000E+00
 9.332264E-01 8.784112E-02191500 7.025348E+03 9.332052E-01 8.884592E-02 3.940763E+03 0.000000E+00
192000 7.025379E+03 9.332052E-01 8.895631E-02 3.940763E+03 0.000000E+00
 9.332052E-01 8.895631E-02192500 7.025411E+03 9.332052E-01 8.819543E-02 3.940763E+03 0.000000E+00
193000 7.025444E+03 9.332052E-01 8.956777E-02 3.940763E+03 0.000000E+00
 9.332052E-01 8.956777E-02193500 7.025476E+03 9.332063E-01 8.783602E-02 3.940758E+03 0.000000E+00
194000 7.025508E+03 9.330423E-01 9.276658E-02 3.937606E+03 0.000000E+00
 9.330423E-01 9.276658E-02194500 7.025539E+03 9.329680E-01 8.912894E-02 3.941770E+03 0.000000E+00
195000 7.025571E+03 9.331834E-01 8.818799E-02 3.940863E+03 0.000000E+00
 9.331834E-01 8.818799E-02195500 7.025603E+03 9.329680E-01 8.909997E-02 3.941770E+03 0.000000E+00
196000 7.025634E+03 9.329680E-01 9.114292E-02 3.941770E+03 0.000000E+00
 9.329680E-01 9.114292E-02196500 7.025666E+03 9.329680E-01 8.939882E-02 3.941770E+03 0.000000E+00
197000 7.025697E+03 9.329680E-01 8.812757E-02 3.941770E+03 0.000000E+00
 9.329680E-01 8.812757E-02197500 7.025729E+03 9.329680E-01 9.440383E-02 3.941770E+03 0.000000E+00
198000 7.025761E+03 9.594288E-01 9.057103E-02 2.318862E+04 0.000000E+00
 9.594288E-01 9.057103E-02198500 7.025792E+03 9.594288E-01 9.089041E-02 2.318862E+04 0.000000E+00
199000 7.025824E+03 9.594288E-01 9.054222E-02 2.318862E+04 0.000000E+00
 9.594288E-01 9.054222E-02199500 7.025855E+03 9.594288E-01 8.969090E-02 2.318862E+04 0.000000E+00
200000 7.025887E+03 9.594288E-01 9.041177E-02 2.318862E+04 0.000000E+00
 9.594288E-01 9.041177E-02200500 7.025919E+03 9.594288E-01 8.931831E-02 2.318862E+04 0.000000E+00
201000 7.025951E+03 9.594288E-01 9.071302E-02 2.318862E+04 0.000000E+00
 9.594288E-01 9.071302E-02201500 7.025983E+03 9.576494E-01 8.874253E-02 5.545199E+04 0.000000E+00
202000 7.026015E+03 9.601618E-01 8.997915E-02 5.530686E+04 0.000000E+00
 9.601618E-01 8.997915E-02202500 7.026047E+03 9.601618E-01 9.083108E-02 5.530686E+04 0.000000E+00
203000 7.026079E+03 9.601618E-01 8.881913E-02 5.530686E+04 0.000000E+00
 9.601618E-01 8.881913E-02203500 7.026111E+03 9.601498E-01 9.104030E-02 5.530755E+04 0.000000E+00
204000 7.026143E+03 9.601618E-01 8.866917E-02 5.530686E+04 0.000000E+00
 9.601618E-01 8.866917E-02204500 7.026175E+03 9.601746E-01 8.866090E-02 5.530612E+04 0.000000E+00
205000 7.026207E+03 9.601618E-01 8.626859E-02 5.530686E+04 0.000000E+00
 9.601618E-01 8.626859E-02205500 7.026239E+03 9.600260E-01 8.888282E-02 5.531479E+04 0.000000E+00
206000 7.026271E+03 9.601618E-01 9.040093E-02 5.530686E+04 0.000000E+00
 9.601618E-01 9.040093E-02206500 7.026303E+03 9.601618E-01 8.698919E-02 5.530686E+04 0.000000E+00
207000 7.026335E+03 9.601618E-01 8.743928E-02 5.530686E+04 0.000000E+00
 9.601618E-01 8.743928E-02207500 7.026367E+03 9.601448E-01 8.916105E-02 5.530784E+04 0.000000E+00
208000 7.026399E+03 9.601618E-01 8.882349E-02 5.530686E+04 0.000000E+00
 9.601618E-01 8.882349E-02208500 7.026431E+03 9.598545E-01 8.784256E-02 5.532464E+04 0.000000E+00
209000 7.026463E+03 9.601618E-01 8.992722E-02 5.530686E+04 0.000000E+00
 9.601618E-01 8.992722E-02209500 7.026494E+03 9.405058E-01 9.291469E-02 1.084368E+04 0.000000E+00
210000 7.026525E+03 9.393297E-01 9.264347E-02 1.084468E+04 0.000000E+00
 9.393297E-01 9.264347E-02210500 7.026556E+03 9.405058E-01 9.404340E-02 1.084368E+04 0.000000E+00
211000 7.026587E+03 9.405060E-01 9.426260E-02 1.084368E+04 0.000000E+00
 9.405060E-01 9.426260E-02211500 7.026617E+03 9.395041E-01 9.341433E-02 1.048631E+04 0.000000E+00
212000 7.026647E+03 9.405705E-01 9.433653E-02 1.084294E+04 0.000000E+00
 9.405705E-01 9.433653E-02212500 7.026678E+03 9.405058E-01 9.362910E-02 1.084368E+04 0.000000E+00
213000 7.026708E+03 9.405058E-01 9.343214E-02 1.084368E+04 0.000000E+00
 9.405058E-01 9.343214E-02213500 7.026739E+03 9.405058E-01 9.381226E-02 1.084368E+04 0.000000E+00
214000 7.026769E+03 9.404992E-01 9.220354E-02 1.084376E+04 0.000000E+00
 9.404992E-01 9.220354E-02214500 7.026800E+03 9.402544E-01 9.081595E-02 1.084657E+04 0.000000E+00
215000 7.026832E+03 9.395719E-01 8.900240E-02 1.074778E+04 0.000000E+00
 9.395719E-01 8.900240E-02215500 7.026864E+03 9.402567E-01 8.974618E-02 1.084654E+04 0.000000E+00
216000 7.026896E+03 9.402567E-01 9.029812E-02 1.084654E+04 0.000000E+00
 9.402567E-01 9.029812E-02216500 7.026928E+03 9.402567E-01 8.867417E-02 1.084654E+04 0.000000E+00
217000 7.026960E+03 9.402567E-01 8.973407E-02 1.084654E+04 0.000000E+00
 9.402567E-01 8.973407E-02217500 7.026992E+03 9.397354E-01 8.873545E-02 1.074215E+04 0.000000E+00
218000 7.027024E+03 9.402567E-01 8.885221E-02 1.084654E+04 0.000000E+00
 9.402567E-01 8.885221E-02218500 7.027055E+03 9.402567E-01 8.892656E-02 1.084654E+04 0.000000E+00
219000 7.027088E+03 9.401981E-01 8.915652E-02 1.084722E+04 0.000000E+00
 9.401981E-01 8.915652E-02219500 7.027120E+03 9.390722E-01 9.117232E-02 1.056899E+04 0.000000E+00
220000 7.027151E+03 9.402567E-01 9.101805E-02 1.084654E+04 0.000000E+00
 9.402567E-01 9.101805E-02220500 7.027183E+03 9.362889E-01 9.092019E-02 1.089251E+04 0.000000E+00
221000 7.027213E+03 9.362889E-01 9.337967E-02 1.089251E+04 0.000000E+00
 9.362889E-01 9.337967E-02221500 7.027244E+03 9.362889E-01 9.263770E-02 1.089251E+04 0.000000E+00
222000 7.027275E+03 9.362889E-01 9.094426E-02 1.089251E+04 0.000000E+00
 9.362889E-01 9.094426E-02222500 7.027307E+03 9.362889E-01 9.067163E-02 1.089251E+04 0.000000E+00
223000 7.027338E+03 9.362889E-01 9.254206E-02 1.089251E+04 0.000000E+00
 9.362889E-01 9.254206E-02223500 7.027370E+03 9.328536E-01 8.929107E-02 9.696372E+03 0.000000E+00
224000 7.027402E+03 9.328536E-01 8.728641E-02 9.696372E+03 0.000000E+00
 9.328536E-01 8.728641E-02224500 7.027434E+03 9.328536E-01 8.813933E-02 9.696372E+03 0.000000E+00
225000 7.027466E+03 9.330732E-01 8.739825E-02 9.694096E+03 0.000000E+00
 9.330732E-01 8.739825E-02225500 7.027498E+03 9.328536E-01 8.934548E-02 9.696372E+03 0.000000E+00
226000 7.027530E+03 9.327668E-01 8.456860E-02 9.697273E+03 0.000000E+00
 9.327668E-01 8.456860E-02226500 7.027562E+03 9.326512E-01 8.924609E-02 9.777896E+03 0.000000E+00
227000 7.027594E+03 9.326265E-01 9.015638E-02 9.698737E+03 0.000000E+00
 9.326265E-01 9.015638E-02227500 7.027627E+03 9.280931E-01 8.983881E-02 9.607979E+03 0.000000E+00
228000 7.027658E+03 9.328536E-01 8.973530E-02 9.696372E+03 0.000000E+00
 9.328536E-01 8.973530E-02228500 7.027690E+03 9.328536E-01 8.668561E-02 9.696372E+03 0.000000E+00
229000 7.027724E+03 9.328536E-01 8.512998E-02 9.696372E+03 0.000000E+00
 9.328536E-01 8.512998E-02229500 7.027756E+03 9.304941E-01 9.051497E-02 9.720965E+03 0.000000E+00
230000 7.027788E+03 9.302145E-01 9.397419E-02 9.723873E+03 0.000000E+00
 9.302145E-01 9.397419E-02230500 7.027819E+03 9.302145E-01 9.524924E-02 9.723873E+03 0.000000E+00
231000 7.027849E+03 9.290146E-01 9.618384E-02 9.645088E+03 0.000000E+00
 9.290146E-01 9.618384E-02231500 7.027880E+03 9.302145E-01 9.368715E-02 9.723873E+03 0.000000E+00
232000 7.027910E+03 9.302145E-01 9.510404E-02 9.723873E+03 0.000000E+00
 9.302145E-01 9.510404E-02232500 7.027940E+03 9.282878E-01 9.280597E-02 1.057338E+04 0.000000E+00
233000 7.027970E+03 9.416526E-01 9.306723E-02 6.567358E+03 0.000000E+00
 9.416526E-01 9.306723E-02233500 7.028000E+03 9.510111E-01 9.636463E-02 3.984754E+03 0.000000E+00
234000 7.028030E+03 9.510520E-01 9.759281E-02 3.984583E+03 0.000000E+00
 9.510520E-01 9.759281E-02234500 7.028060E+03 9.504197E-01 9.406257E-02 4.037596E+03 0.000000E+00
235000 7.028090E+03 9.510111E-01 9.626544E-02 3.984754E+03 0.000000E+00
 9.510111E-01 9.626544E-02235500 7.028120E+03 9.510111E-01 9.795354E-02 3.984754E+03 0.000000E+00
236000 7.028150E+03 9.510111E-01 9.471539E-02 3.984754E+03 0.000000E+00
 9.510111E-01 9.471539E-02236500 7.028180E+03 9.510111E-01 9.774670E-02 3.984754E+03 0.000000E+00
237000 7.028211E+03 9.510111E-01 9.454425E-02 3.984754E+03 0.000000E+00
 9.510111E-01 9.454425E-02237500 7.028241E+03 9.498765E-01 9.401959E-02 3.968474E+03 0.000000E+00
238000 7.028271E+03 9.535491E-01 1.001130E-01 4.480836E+03 0.000000E+00
 9.535491E-01 1.001130E-01238500 7.028299E+03 9.535670E-01 9.940412E-02 4.480752E+03 0.000000E+00
239000 7.028328E+03 9.535670E-01 9.837710E-02 4.480752E+03 0.000000E+00
 9.535670E-01 9.837710E-02239500 7.028358E+03 9.535670E-01 9.792557E-02 4.480752E+03 0.000000E+00
240000 7.028387E+03 9.535670E-01 9.885900E-02 4.480752E+03 0.000000E+00
 9.535670E-01 9.885900E-02240500 7.028416E+03 9.538049E-01 9.885427E-02 5.322851E+03 0.000000E+00
241000 7.028445E+03 9.541137E-01 9.561413E-02 4.478186E+03 0.000000E+00
 9.541137E-01 9.561413E-02241500 7.028474E+03 9.535748E-01 1.001790E-01 4.480713E+03 0.000000E+00
242000 7.028503E+03 9.535771E-01 1.016386E-01 4.480701E+03 0.000000E+00
 9.535771E-01 1.016386E-01242500 7.028531E+03 9.535771E-01 9.946036E-02 4.480701E+03 0.000000E+00
243000 7.028560E+03 9.517420E-01 9.872889E-02 4.489344E+03 0.000000E+00
 9.517420E-01 9.872889E-02243500 7.028589E+03 9.517420E-01 9.887961E-02 4.489344E+03 0.000000E+00
244000 7.028617E+03 9.500272E-01 9.985074E-02 4.453503E+03 0.000000E+00
 9.500272E-01 9.985074E-02244500 7.028646E+03 9.517420E-01 9.883614E-02 4.489344E+03 0.000000E+00
245000 7.028675E+03 9.517420E-01 9.665708E-02 4.489344E+03 0.000000E+00
 9.517420E-01 9.665708E-02245500 7.028704E+03 9.517420E-01 9.781797E-02 4.489344E+03 0.000000E+00
246000 7.028733E+03 9.517420E-01 9.786566E-02 4.489344E+03 0.000000E+00
 9.517420E-01 9.786566E-02246500 7.028762E+03 9.517420E-01 9.882248E-02 4.489344E+03 0.000000E+00
247000 7.028791E+03 9.408187E-01 9.870999E-02 4.541465E+03 0.000000E+00
 9.408187E-01 9.870999E-02247500 7.028819E+03 9.435699E-01 9.814239E-02 4.528234E+03 0.000000E+00
248000 7.028848E+03 9.408187E-01 9.837099E-02 4.541465E+03 0.000000E+00
 9.408187E-01 9.837099E-02248500 7.028877E+03 9.408187E-01 9.927286E-02 4.541465E+03 0.000000E+00
249000 7.028906E+03 9.408187E-01 9.932102E-02 4.541465E+03 0.000000E+00
 9.408187E-01 9.932102E-02249500 7.028934E+03 9.406416E-01 9.873264E-02 4.542322E+03 0.000000E+00
250000 7.028963E+03 9.397463E-01 1.004104E-01 4.500919E+03 0.000000E+00
 9.397463E-01 1.004104E-01250500 7.028991E+03 9.453642E-01 1.020929E-01 4.519624E+03 0.000000E+00
251000 7.029019E+03 9.438841E-01 9.848571E-02 4.471784E+03 0.000000E+00
 9.438841E-01 9.848571E-02251500 7.029047E+03 9.451135E-01 1.013497E-01 4.520832E+03 0.000000E+00
252000 7.029075E+03 9.451135E-01 1.021823E-01 4.520832E+03 0.000000E+00
 9.451135E-01 1.021823E-01252500 7.029104E+03 9.439664E-01 1.011074E-01 4.497433E+03 0.000000E+00
253000 7.029132E+03 9.450814E-01 9.869180E-02 4.520986E+03 0.000000E+00
 9.450814E-01 9.869180E-02253500 7.029161E+03 9.451135E-01 9.959259E-02 4.520832E+03 0.000000E+00
254000 7.029190E+03 9.415308E-01 9.634291E-02 4.448168E+03 0.000000E+00
 9.415308E-01 9.634291E-02254500 7.029220E+03 9.415308E-01 9.829357E-02 4.448168E+03 0.000000E+00
255000 7.029249E+03 9.414940E-01 1.005614E-01 4.448342E+03 0.000000E+00
 9.414940E-01 1.005614E-01255500 7.029278E+03 9.414065E-01 9.705669E-02 4.426985E+03 0.000000E+00
256000 7.029307E+03 9.415308E-01 1.003748E-01 4.448168E+03 0.000000E+00
 9.415308E-01 1.003748E-01256500 7.029337E+03 9.415308E-01 9.598172E-02 4.448168E+03 0.000000E+00
257000 7.029366E+03 9.415308E-01 9.960542E-02 4.448168E+03 0.000000E+00
 9.415308E-01 9.960542E-02257500 7.029395E+03 9.415308E-01 9.815970E-02 4.448168E+03 0.000000E+00
258000 7.029424E+03 9.415308E-01 9.895848E-02 4.448168E+03 0.000000E+00
 9.415308E-01 9.895848E-02258500 7.029453E+03 9.415308E-01 9.948833E-02 4.448168E+03 0.000000E+00
259000 7.029482E+03 9.415308E-01 9.830654E-02 4.448168E+03 0.000000E+00
 9.415308E-01 9.830654E-02259500 7.029512E+03 9.415308E-01 9.670625E-02 4.448168E+03 0.000000E+00
260000 7.029541E+03 9.415308E-01 9.878401E-02 4.448168E+03 0.000000E+00
 9.415308E-01 9.878401E-02260500 7.029570E+03 9.415308E-01 9.872656E-02 4.448168E+03 0.000000E+00
261000 7.029599E+03 9.415308E-01 9.880298E-02 4.448168E+03 0.000000E+00
 9.415308E-01 9.880298E-02261500 7.029628E+03 9.399141E-01 9.867918E-02 4.403810E+03 0.000000E+00
262000 7.029657E+03 9.415314E-01 9.925816E-02 4.448167E+03 0.000000E+00
 9.415314E-01 9.925816E-02262500 7.029685E+03 9.415308E-01 9.935886E-02 4.448168E+03 0.000000E+00
263000 7.029714E+03 9.415308E-01 9.694325E-02 4.448168E+03 0.000000E+00
 9.415308E-01 9.694325E-02263500 7.029743E+03 9.369934E-01 9.716316E-02 4.371515E+03 0.000000E+00
264000 7.029772E+03 9.401226E-01 9.637455E-02 4.472892E+03 0.000000E+00
 9.401226E-01 9.637455E-02264500 7.029801E+03 9.414580E-01 9.578313E-02 4.448514E+03 0.000000E+00
265000 7.029830E+03 9.415308E-01 9.780902E-02 4.448168E+03 0.000000E+00
 9.415308E-01 9.780902E-02265500 7.029860E+03 9.415308E-01 9.421918E-02 4.448168E+03 0.000000E+00
266000 7.029889E+03 9.349159E-01 9.897271E-02 4.299945E+03 0.000000E+00
 9.349159E-01 9.897271E-02266500 7.029918E+03 9.415308E-01 9.692761E-02 4.448168E+03 0.000000E+00
267000 7.029947E+03 9.415308E-01 9.972119E-02 4.448168E+03 0.000000E+00
 9.415308E-01 9.972119E-02267500 7.029975E+03 9.415308E-01 1.000937E-01 4.448168E+03 0.000000E+00
268000 7.030004E+03 9.415308E-01 1.024212E-01 4.448168E+03 0.000000E+00
 9.415308E-01 1.024212E-01268500 7.030033E+03 9.415308E-01 9.825802E-02 4.448168E+03 0.000000E+00
269000 7.030062E+03 9.415308E-01 9.755958E-02 4.448168E+03 0.000000E+00
 9.415308E-01 9.755958E-02269500 7.030091E+03 9.413139E-01 9.845350E-02 4.421472E+03 0.000000E+00
270000 7.030121E+03 9.415308E-01 9.969769E-02 4.448168E+03 0.000000E+00
 9.415308E-01 9.969769E-02270500 7.030150E+03 9.415308E-01 9.925338E-02 4.448168E+03 0.000000E+00
271000 7.030178E+03 9.415308E-01 1.019133E-01 4.448168E+03 0.000000E+00
 9.415308E-01 1.019133E-01271500 7.030207E+03 9.415308E-01 9.853442E-02 4.448168E+03 0.000000E+00
272000 7.030236E+03 9.430898E-01 9.660932E-02 4.440823E+03 0.000000E+00
 9.430898E-01 9.660932E-02272500 7.030266E+03 9.430898E-01 9.766418E-02 4.440823E+03 0.000000E+00
273000 7.030296E+03 9.430898E-01 9.890880E-02 4.440823E+03 0.000000E+00
 9.430898E-01 9.890880E-02273500 7.030326E+03 9.430898E-01 9.764075E-02 4.440823E+03 0.000000E+00
274000 7.030355E+03 9.430898E-01 9.802306E-02 4.440823E+03 0.000000E+00
 9.430898E-01 9.802306E-02274500 7.030385E+03 9.430898E-01 9.761068E-02 4.440823E+03 0.000000E+00
275000 7.030414E+03 9.431084E-01 9.780482E-02 4.411286E+03 0.000000E+00
 9.431084E-01 9.780482E-02275500 7.030443E+03 9.430898E-01 9.801354E-02 4.440823E+03 0.000000E+00
276000 7.030473E+03 9.430898E-01 9.553879E-02 4.440823E+03 0.000000E+00
 9.430898E-01 9.553879E-02276500 7.030502E+03 9.430898E-01 9.720051E-02 4.440823E+03 0.000000E+00
277000 7.030531E+03 9.435729E-01 9.712264E-02 4.438543E+03 0.000000E+00
 9.435729E-01 9.712264E-02277500 7.030560E+03 9.435729E-01 9.990817E-02 4.438543E+03 0.000000E+00
278000 7.030588E+03 9.435729E-01 9.546746E-02 4.438543E+03 0.000000E+00
 9.435729E-01 9.546746E-02278500 7.030617E+03 9.435729E-01 9.873703E-02 4.438543E+03 0.000000E+00
279000 7.030646E+03 9.435729E-01 9.821978E-02 4.438543E+03 0.000000E+00
 9.435729E-01 9.821978E-02279500 7.030675E+03 9.435729E-01 1.004198E-01 4.438543E+03 0.000000E+00
280000 7.030704E+03 9.435729E-01 9.777555E-02 4.438543E+03 0.000000E+00
 9.435729E-01 9.777555E-02280500 7.030733E+03 9.435729E-01 9.801116E-02 4.438543E+03 0.000000E+00
281000 7.030761E+03 9.435729E-01 9.899773E-02 4.438543E+03 0.000000E+00
 9.435729E-01 9.899773E-02281500 7.030791E+03 9.379045E-01 9.592251E-02 7.082250E+03 0.000000E+00
282000 7.030820E+03 9.383238E-01 9.617414E-02 7.141375E+03 0.000000E+00
 9.383238E-01 9.617414E-02282500 7.030850E+03 9.382248E-01 9.384745E-02 7.054635E+03 0.000000E+00
283000 7.030880E+03 9.383238E-01 9.755042E-02 7.141375E+03 0.000000E+00
 9.383238E-01 9.755042E-02283500 7.030909E+03 9.384779E-01 9.577918E-02 7.140211E+03 0.000000E+00
284000 7.030939E+03 9.374378E-01 9.395465E-02 7.148338E+03 0.000000E+00
 9.374378E-01 9.395465E-02284500 7.030970E+03 9.383238E-01 9.294858E-02 7.141375E+03 0.000000E+00
285000 7.031000E+03 9.383238E-01 9.432238E-02 7.141375E+03 0.000000E+00
 9.383238E-01 9.432238E-02285500 7.031030E+03 9.373006E-01 9.419025E-02 7.149285E+03 0.000000E+00
286000 7.031060E+03 9.375956E-01 9.443692E-02 7.101466E+03 0.000000E+00
 9.375956E-01 9.443692E-02286500 7.031090E+03 9.382776E-01 9.605271E-02 7.108704E+03 0.000000E+00
287000 7.031120E+03 9.383983E-01 9.872426E-02 7.140807E+03 0.000000E+00
 9.383983E-01 9.872426E-02287500 7.031150E+03 9.383983E-01 9.709277E-02 7.140807E+03 0.000000E+00
288000 7.031180E+03 9.383983E-01 9.706753E-02 7.140807E+03 0.000000E+00
 9.383983E-01 9.706753E-02288500 7.031209E+03 9.383983E-01 9.801978E-02 7.140807E+03 0.000000E+00
289000 7.031239E+03 9.415948E-01 9.721779E-02 7.116620E+03 0.000000E+00
 9.415948E-01 9.721779E-02289500 7.031267E+03 9.439443E-01 1.004504E-01 7.098859E+03 0.000000E+00
290000 7.031296E+03 9.515463E-01 1.020629E-01 4.401348E+03 0.000000E+00
 9.515463E-01 1.020629E-01290500 7.031324E+03 9.515463E-01 1.009123E-01 4.401348E+03 0.000000E+00
291000 7.031352E+03 9.515463E-01 1.008006E-01 4.401348E+03 0.000000E+00
 9.515463E-01 1.008006E-01291500 7.031381E+03 9.515853E-01 1.001626E-01 4.401168E+03 0.000000E+00
292000 7.031409E+03 9.515463E-01 9.974957E-02 4.401348E+03 0.000000E+00
 9.515463E-01 9.974957E-02292500 7.031437E+03 9.518606E-01 1.020349E-01 4.399896E+03 0.000000E+00
293000 7.031465E+03 9.506961E-01 1.006582E-01 4.346549E+03 0.000000E+00
 9.506961E-01 1.006582E-01293500 7.031493E+03 9.482326E-01 1.052532E-01 3.175294E+03 0.000000E+00
294000 7.031521E+03 9.481081E-01 1.020544E-01 3.175712E+03 0.000000E+00
 9.481081E-01 1.020544E-01294500 7.031549E+03 9.482326E-01 1.018959E-01 3.175294E+03 0.000000E+00
295000 7.031577E+03 9.482326E-01 1.028284E-01 3.175294E+03 0.000000E+00
 9.482326E-01 1.028284E-01295500 7.031605E+03 9.482326E-01 1.009978E-01 3.175294E+03 0.000000E+00
296000 7.031633E+03 9.482326E-01 1.023045E-01 3.175294E+03 0.000000E+00
 9.482326E-01 1.023045E-01296500 7.031661E+03 9.463779E-01 1.044709E-01 3.154911E+03 0.000000E+00
297000 7.031688E+03 9.482326E-01 1.014244E-01 3.175294E+03 0.000000E+00
 9.482326E-01 1.014244E-01297500 7.031716E+03 9.438537E-01 1.015765E-01 3.145697E+03 0.000000E+00
298000 7.031743E+03 9.482326E-01 1.005220E-01 3.175294E+03 0.000000E+00
 9.482326E-01 1.005220E-01298500 7.031771E+03 9.482610E-01 1.009009E-01 3.175199E+03 0.000000E+00
299000 7.031799E+03 9.477082E-01 1.017122E-01 3.160659E+03 0.000000E+00
 9.477082E-01 1.017122E-01299500 7.031826E+03 9.482468E-01 1.008730E-01 3.175247E+03 0.000000E+00
300000 7.031854E+03 9.484645E-01 1.002803E-01 3.174516E+03 0.000000E+00
 9.484645E-01 1.002803E-01300500 7.031883E+03 9.484564E-01 1.028143E-01 3.174540E+03 0.000000E+00
301000 7.031910E+03 9.484564E-01 1.017149E-01 3.174540E+03 0.000000E+00
 9.484564E-01 1.017149E-01301500 7.031938E+03 9.484564E-01 1.032262E-01 3.174540E+03 0.000000E+00
302000 7.031966E+03 9.484564E-01 1.009801E-01 3.174540E+03 0.000000E+00
 9.484564E-01 1.009801E-01302500 7.031994E+03 9.485721E-01 1.009268E-01 3.174158E+03 0.000000E+00
303000 7.032022E+03 9.479624E-01 1.012087E-01 3.159828E+03 0.000000E+00
 9.479624E-01 1.012087E-01303500 7.032050E+03 9.484564E-01 1.030847E-01 3.174540E+03 0.000000E+00
304000 7.032078E+03 9.464073E-01 9.950157E-02 3.163458E+03 0.000000E+00
 9.464073E-01 9.950157E-02304500 7.032106E+03 9.484564E-01 1.024633E-01 3.174540E+03 0.000000E+00
305000 7.032133E+03 9.484564E-01 1.040811E-01 3.174540E+03 0.000000E+00
 9.484564E-01 1.040811E-01305500 7.032162E+03 9.478244E-01 1.038047E-01 3.199134E+03 0.000000E+00
306000 7.032189E+03 9.476597E-01 1.035406E-01 3.166204E+03 0.000000E+00
 9.476597E-01 1.035406E-01306500 7.032218E+03 9.484564E-01 1.008766E-01 3.174540E+03 0.000000E+00
307000 7.032246E+03 9.484564E-01 1.021188E-01 3.174540E+03 0.000000E+00
 9.484564E-01 1.021188E-01307500 7.032274E+03 9.484564E-01 1.022976E-01 3.174540E+03 0.000000E+00
308000 7.032303E+03 9.484564E-01 9.861315E-02 3.174540E+03 0.000000E+00
 9.484564E-01 9.861315E-02308500 7.032332E+03 9.484564E-01 1.024182E-01 3.174540E+03 0.000000E+00
309000 7.032360E+03 9.409665E-01 1.004898E-01 3.140238E+03 0.000000E+00
 9.409665E-01 1.004898E-01309500 7.032387E+03 9.502849E-01 1.034543E-01 3.232446E+03 0.000000E+00
310000 7.032416E+03 9.503236E-01 1.021545E-01 3.232314E+03 0.000000E+00
 9.503236E-01 1.021545E-01310500 7.032443E+03 9.503303E-01 1.004740E-01 3.232291E+03 0.000000E+00
311000 7.032471E+03 9.503302E-01 1.014740E-01 3.232291E+03 0.000000E+00
 9.503302E-01 1.014740E-01311500 7.032499E+03 9.503302E-01 1.009164E-01 3.232291E+03 0.000000E+00
312000 7.032527E+03 9.503302E-01 1.017817E-01 3.232291E+03 0.000000E+00
 9.503302E-01 1.017817E-01312500 7.032555E+03 9.503302E-01 1.014424E-01 3.232291E+03 0.000000E+00
313000 7.032583E+03 9.503302E-01 1.006612E-01 3.232291E+03 0.000000E+00
 9.503302E-01 1.006612E-01313500 7.032611E+03 9.503302E-01 1.031741E-01 3.232291E+03 0.000000E+00
314000 7.032638E+03 9.468071E-01 1.030178E-01 3.201002E+03 0.000000E+00
 9.468071E-01 1.030178E-01314500 7.032667E+03 9.467734E-01 9.904300E-02 3.133637E+03 0.000000E+00
315000 7.032695E+03 9.491038E-01 1.005553E-01 3.236467E+03 0.000000E+00
 9.491038E-01 1.005553E-01315500 7.032724E+03 9.491038E-01 1.014577E-01 3.236467E+03 0.000000E+00
316000 7.032752E+03 9.487972E-01 9.998413E-02 3.237512E+03 0.000000E+00
 9.487972E-01 9.998413E-02316500 7.032780E+03 9.487972E-01 1.019766E-01 3.237512E+03 0.000000E+00
317000 7.032808E+03 9.487972E-01 1.014478E-01 3.237512E+03 0.000000E+00
 9.487972E-01 1.014478E-01317500 7.032837E+03 9.487972E-01 1.013870E-01 3.237512E+03 0.000000E+00
318000 7.032865E+03 9.487972E-01 9.912860E-02 3.237512E+03 0.000000E+00
 9.487972E-01 9.912860E-02318500 7.032893E+03 9.487972E-01 1.009481E-01 3.237512E+03 0.000000E+00
319000 7.032922E+03 9.496616E-01 1.010920E-01 3.234567E+03 0.000000E+00
 9.496616E-01 1.010920E-01319500 7.032950E+03 9.496970E-01 9.990957E-02 3.234446E+03 0.000000E+00
320000 7.032979E+03 9.478166E-01 9.921892E-02 3.204812E+03 0.000000E+00
 9.478166E-01 9.921892E-02320500 7.033007E+03 9.500455E-01 1.000928E-01 3.233261E+03 0.000000E+00
321000 7.033036E+03 9.496970E-01 1.023087E-01 3.234446E+03 0.000000E+00
 9.496970E-01 1.023087E-01321500 7.033064E+03 9.496970E-01 1.005191E-01 3.234446E+03 0.000000E+00
322000 7.033093E+03 9.496970E-01 1.003944E-01 3.234446E+03 0.000000E+00
 9.496970E-01 1.003944E-01322500 7.033121E+03 9.471747E-01 1.003473E-01 2.838580E+03 0.000000E+00
323000 7.033149E+03 9.496970E-01 9.993529E-02 3.234446E+03 0.000000E+00
 9.496970E-01 9.993529E-02323500 7.033178E+03 9.496970E-01 9.915709E-02 3.234446E+03 0.000000E+00
324000 7.033207E+03 9.478517E-01 9.735118E-02 3.176869E+03 0.000000E+00
 9.478517E-01 9.735118E-02324500 7.033236E+03 9.496151E-01 1.021250E-01 3.258075E+03 0.000000E+00
325000 7.033265E+03 9.497588E-01 1.005402E-01 3.234238E+03 0.000000E+00
 9.497588E-01 1.005402E-01325500 7.033293E+03 9.490362E-01 1.019456E-01 3.236694E+03 0.000000E+00
326000 7.033321E+03 9.490362E-01 1.026231E-01 3.236694E+03 0.000000E+00
 9.490362E-01 1.026231E-01326500 7.033349E+03 9.490362E-01 1.004636E-01 3.236694E+03 0.000000E+00
327000 7.033377E+03 9.490362E-01 1.009028E-01 3.236694E+03 0.000000E+00
 9.490362E-01 1.009028E-01327500 7.033406E+03 9.490362E-01 1.040432E-01 3.236694E+03 0.000000E+00
328000 7.033434E+03 9.483994E-01 1.033013E-01 3.181204E+03 0.000000E+00
 9.483994E-01 1.033013E-01328500 7.033462E+03 9.491369E-01 1.021117E-01 3.236352E+03 0.000000E+00
329000 7.033490E+03 9.485708E-01 9.903739E-02 3.238282E+03 0.000000E+00
 9.485708E-01 9.903739E-02329500 7.033519E+03 9.480004E-01 9.831479E-02 3.231861E+03 0.000000E+00
330000 7.033548E+03 9.483060E-01 9.917448E-02 3.239187E+03 0.000000E+00
 9.483060E-01 9.917448E-02330500 7.033577E+03 9.483711E-01 9.851010E-02 3.238965E+03 0.000000E+00
331000 7.033606E+03 9.482732E-01 9.782016E-02 3.239298E+03 0.000000E+00
 9.482732E-01 9.782016E-02331500 7.033635E+03 9.482732E-01 9.815305E-02 3.239298E+03 0.000000E+00
332000 7.033665E+03 9.482732E-01 9.628633E-02 3.239298E+03 0.000000E+00
 9.482732E-01 9.628633E-02332500 7.033694E+03 9.482580E-01 9.865813E-02 3.239350E+03 0.000000E+00
333000 7.033722E+03 9.459763E-01 9.651967E-02 3.219635E+03 0.000000E+00
 9.459763E-01 9.651967E-02333500 7.033751E+03 9.481789E-01 9.899404E-02 3.251515E+03 0.000000E+00
334000 7.033781E+03 9.474955E-01 9.800972E-02 3.283829E+03 0.000000E+00
 9.474955E-01 9.800972E-02334500 7.033809E+03 9.472435E-01 9.556065E-02 3.242827E+03 0.000000E+00
335000 7.033838E+03 9.479831E-01 9.877763E-02 3.354663E+03 0.000000E+00
 9.479831E-01 9.877763E-02335500 7.033867E+03 9.482732E-01 9.942599E-02 3.239298E+03 0.000000E+00
336000 7.033896E+03 9.460616E-01 9.881356E-02 3.179124E+03 0.000000E+00
 9.460616E-01 9.881356E-02336500 7.033926E+03 9.483478E-01 9.740312E-02 3.239044E+03 0.000000E+00
337000 7.033955E+03 9.482732E-01 9.716864E-02 3.239298E+03 0.000000E+00
 9.482732E-01 9.716864E-02337500 7.033984E+03 9.482732E-01 9.660386E-02 3.239298E+03 0.000000E+00
338000 7.034013E+03 9.482732E-01 9.973653E-02 3.239298E+03 0.000000E+00
 9.482732E-01 9.973653E-02338500 7.034043E+03 9.482732E-01 9.963744E-02 3.239298E+03 0.000000E+00
339000 7.034072E+03 9.482732E-01 9.860916E-02 3.239298E+03 0.000000E+00
 9.482732E-01 9.860916E-02339500 7.034101E+03 9.482732E-01 9.639230E-02 3.239298E+03 0.000000E+00
340000 7.034130E+03 9.482732E-01 9.768528E-02 3.239298E+03 0.000000E+00
 9.482732E-01 9.768528E-02340500 7.034159E+03 9.482732E-01 9.704027E-02 3.239298E+03 0.000000E+00
341000 7.034188E+03 9.482732E-01 9.731095E-02 3.239298E+03 0.000000E+00
 9.482732E-01 9.731095E-02341500 7.034217E+03 9.479397E-01 9.597297E-02 3.223857E+03 0.000000E+00
342000 7.034246E+03 9.472797E-01 9.827497E-02 3.146865E+03 0.000000E+00
 9.472797E-01 9.827497E-02342500 7.034275E+03 9.472044E-01 9.445962E-02 3.147117E+03 0.000000E+00
343000 7.034304E+03 9.472725E-01 1.008504E-01 3.146889E+03 0.000000E+00
 9.472725E-01 1.008504E-01343500 7.034333E+03 9.472725E-01 9.725229E-02 3.146889E+03 0.000000E+00
344000 7.034361E+03 9.466586E-01 1.007612E-01 3.131938E+03 0.000000E+00
 9.466586E-01 1.007612E-01344500 7.034389E+03 9.480509E-01 1.054461E-01 3.144305E+03 0.000000E+00
345000 7.034417E+03 9.477623E-01 1.036867E-01 3.145267E+03 0.000000E+00
 9.477623E-01 1.036867E-01345500 7.034445E+03 9.480509E-01 1.023697E-01 3.144305E+03 0.000000E+00
346000 7.034474E+03 9.480509E-01 1.029838E-01 3.144305E+03 0.000000E+00
 9.480509E-01 1.029838E-01346500 7.034501E+03 9.479861E-01 1.041456E-01 3.144521E+03 0.000000E+00
347000 7.034529E+03 9.466343E-01 1.000815E-01 3.149038E+03 0.000000E+00
 9.466343E-01 1.000815E-01347500 7.034557E+03 9.480664E-01 1.011400E-01 3.144253E+03 0.000000E+00
348000 7.034585E+03 9.465811E-01 1.027828E-01 3.125843E+03 0.000000E+00
 9.465811E-01 1.027828E-01348500 7.034613E+03 9.480509E-01 1.025711E-01 3.144305E+03 0.000000E+00
349000 7.034641E+03 9.437382E-01 1.001043E-01 2.812984E+03 0.000000E+00
 9.437382E-01 1.001043E-01349500 7.034668E+03 9.471518E-01 1.014864E-01 3.147283E+03 0.000000E+00
350000 7.034697E+03 9.471518E-01 9.886359E-02 3.147283E+03 0.000000E+00
 9.471518E-01 9.886359E-02350500 7.034725E+03 9.438301E-01 9.647293E-02 3.081290E+03 0.000000E+00
351000 7.034753E+03 9.471518E-01 1.045101E-01 3.147283E+03 0.000000E+00
 9.471518E-01 1.045101E-01351500 7.034781E+03 9.469913E-01 1.028750E-01 3.145940E+03 0.000000E+00
352000 7.034808E+03 9.471412E-01 1.044814E-01 3.147319E+03 0.000000E+00
 9.471412E-01 1.044814E-01352500 7.034836E+03 9.469448E-01 1.001436E-01 3.147987E+03 0.000000E+00
353000 7.034864E+03 9.523205E-01 1.035993E-01 2.962813E+03 0.000000E+00
 9.523205E-01 1.035993E-01353500 7.034892E+03 9.183697E-01 1.019733E-01 3.245921E+03 0.000000E+00
354000 7.034920E+03 9.182998E-01 1.017201E-01 3.246168E+03 0.000000E+00
 9.182998E-01 1.017201E-01354500 7.034948E+03 9.148507E-01 9.968415E-02 3.217410E+03 0.000000E+00
355000 7.034975E+03 9.179001E-01 1.013863E-01 3.247583E+03 0.000000E+00
 9.179001E-01 1.013863E-01355500 7.035004E+03 9.184486E-01 1.005641E-01 3.454198E+03 0.000000E+00
356000 7.035032E+03 9.155483E-01 1.019386E-01 3.235437E+03 0.000000E+00
 9.155483E-01 1.019386E-01356500 7.035060E+03 9.179001E-01 1.011195E-01 3.247583E+03 0.000000E+00
357000 7.035089E+03 9.174086E-01 9.705846E-02 3.353713E+03 0.000000E+00
 9.174086E-01 9.705846E-02357500 7.035118E+03 9.171366E-01 9.827676E-02 3.250290E+03 0.000000E+00
358000 7.035146E+03 9.171366E-01 9.976079E-02 3.250290E+03 0.000000E+00
 9.171366E-01 9.976079E-02358500 7.035175E+03 9.171366E-01 1.004235E-01 3.250290E+03 0.000000E+00
359000 7.035204E+03 9.171366E-01 9.945106E-02 3.250290E+03 0.000000E+00
 9.171366E-01 9.945106E-02359500 7.035232E+03 9.171366E-01 9.974074E-02 3.250290E+03 0.000000E+00
360000 7.035261E+03 9.171366E-01 1.008455E-01 3.250290E+03 0.000000E+00
 9.171366E-01 1.008455E-01360500 7.035290E+03 9.171366E-01 1.029186E-01 3.250290E+03 0.000000E+00
361000 7.035319E+03 9.171366E-01 9.990215E-02 3.250290E+03 0.000000E+00
 9.171366E-01 9.990215E-02361500 7.035348E+03 9.163188E-01 1.015117E-01 3.253189E+03 0.000000E+00
362000 7.035376E+03 9.104001E-01 9.693882E-02 3.178773E+03 0.000000E+00
 9.104001E-01 9.693882E-02362500 7.035405E+03 9.163188E-01 9.785614E-02 3.253189E+03 0.000000E+00
363000 7.035434E+03 9.168251E-01 9.905795E-02 3.251394E+03 0.000000E+00
 9.168251E-01 9.905795E-02363500 7.035463E+03 8.963026E-01 9.327353E-02 3.270624E+03 0.000000E+00
364000 7.035492E+03 9.160666E-01 9.992981E-02 3.254088E+03 0.000000E+00
 9.160666E-01 9.992981E-02364500 7.035520E+03 9.163188E-01 9.888972E-02 3.253189E+03 0.000000E+00
365000 7.035548E+03 9.157603E-01 1.005370E-01 3.393376E+03 0.000000E+00
 9.157603E-01 1.005370E-01365500 7.035577E+03 9.151974E-01 9.911776E-02 3.109582E+03 0.000000E+00
366000 7.035605E+03 9.163188E-01 9.877209E-02 3.253189E+03 0.000000E+00
 9.163188E-01 9.877209E-02366500 7.035634E+03 9.163188E-01 1.006914E-01 3.253189E+03 0.000000E+00
367000 7.035662E+03 9.140981E-01 9.869093E-02 2.892331E+03 0.000000E+00
 9.140981E-01 9.869093E-02367500 7.035691E+03 9.141122E-01 9.548040E-02 2.892287E+03 0.000000E+00
368000 7.035721E+03 9.140981E-01 9.689587E-02 2.892331E+03 0.000000E+00
 9.140981E-01 9.689587E-02368500 7.035750E+03 9.212945E-01 9.062210E-02 2.869972E+03 0.000000E+00
369000 7.035780E+03 9.302700E-01 9.623776E-02 2.842046E+03 0.000000E+00
 9.302700E-01 9.623776E-02369500 7.035809E+03 9.302700E-01 9.590273E-02 2.842046E+03 0.000000E+00
370000 7.035839E+03 9.302700E-01 9.660807E-02 2.842046E+03 0.000000E+00
 9.302700E-01 9.660807E-02370500 7.035869E+03 9.302700E-01 9.654836E-02 2.842046E+03 0.000000E+00
371000 7.035899E+03 9.286088E-01 9.634849E-02 2.811224E+03 0.000000E+00
 9.286088E-01 9.634849E-02371500 7.035929E+03 9.063570E-01 9.687170E-02 2.917031E+03 0.000000E+00
372000 7.035958E+03 9.053293E-01 9.434523E-02 2.900458E+03 0.000000E+00
 9.053293E-01 9.434523E-02372500 7.035988E+03 9.063570E-01 9.569942E-02 2.917031E+03 0.000000E+00
373000 7.036018E+03 9.063570E-01 9.575237E-02 2.917031E+03 0.000000E+00
 9.063570E-01 9.575237E-02373500 7.036047E+03 9.063570E-01 9.731743E-02 2.917031E+03 0.000000E+00
374000 7.036077E+03 9.045171E-01 9.401686E-02 2.923021E+03 0.000000E+00
 9.045171E-01 9.401686E-02374500 7.036106E+03 9.063570E-01 9.723099E-02 2.917031E+03 0.000000E+00
375000 7.036135E+03 9.046668E-01 9.734426E-02 2.794133E+03 0.000000E+00
 9.046668E-01 9.734426E-02375500 7.036164E+03 9.063570E-01 9.582894E-02 2.917031E+03 0.000000E+00
376000 7.036193E+03 9.063591E-01 9.758058E-02 2.917024E+03 0.000000E+00
 9.063591E-01 9.758058E-02376500 7.036223E+03 9.063570E-01 9.809551E-02 2.917031E+03 0.000000E+00
377000 7.036252E+03 9.063570E-01 9.640052E-02 2.917031E+03 0.000000E+00
 9.063570E-01 9.640052E-02377500 7.036281E+03 9.063570E-01 9.800813E-02 2.917031E+03 0.000000E+00
378000 7.036310E+03 9.062424E-01 9.567305E-02 2.899517E+03 0.000000E+00
 9.062424E-01 9.567305E-02378500 7.036340E+03 9.063652E-01 9.830897E-02 2.917004E+03 0.000000E+00
379000 7.036369E+03 9.063570E-01 9.762686E-02 2.917031E+03 0.000000E+00
 9.063570E-01 9.762686E-02379500 7.036399E+03 9.063570E-01 9.653082E-02 2.917031E+03 0.000000E+00
380000 7.036428E+03 9.180385E-01 9.721909E-02 2.881035E+03 0.000000E+00
 9.180385E-01 9.721909E-02380500 7.036457E+03 9.063570E-01 9.702101E-02 2.917031E+03 0.000000E+00
381000 7.036487E+03 9.063570E-01 9.666093E-02 2.917031E+03 0.000000E+00
 9.063570E-01 9.666093E-02