0 0.000000E+00 0.000000E+00 0.000000E+00 0.000000E+00 0.000000E+00 0.000000E+00 0.000000E+00
0 2.423881E+02 0.000000E+00 0.000000E+00 0.000000E+00 0.000000E+00 0.000000E+00 0.000000E+00
1000 7.006266E+03 1.000000E+01 7.000000E+00 1.000000E+00 4.000000E+00 1.100000E+01 1.100000E+01
1250 7.006752E+03 1.000000E+01 8.040000E+00 2.040000E+00 4.000000E+00 1.204000E+01 1.204000E+01
1500 7.006934E+03 1.100000E+01 9.000000E+00 2.000000E+00 4.000000E+00 1.300000E+01 1.300000E+01
1750 7.007064E+03 1.200000E+01 1.000000E+01 2.000000E+00 4.000000E+00 1.400000E+01 1.400000E+01
2000 7.007164E+03 1.200000E+01 1.000000E+01 2.000000E+00 4.000000E+00 1.400000E+01 1.400000E+01
2250 7.007265E+03 1.200000E+01 1.000000E+01 2.000000E+00 4.000000E+00 1.400000E+01 1.400000E+01
2500 7.007360E+03 1.300000E+01 1.101000E+01 2.010000E+00 4.000000E+00 1.501000E+01 1.501000E+01
2750 7.007431E+03 1.300000E+01 1.100000E+01 2.000000E+00 4.000000E+00 1.500000E+01 1.500000E+01
3000 7.007501E+03 1.300000E+01 1.100000E+01 2.000000E+00 4.000000E+00 1.500000E+01 1.500000E+01
3250 7.007570E+03 1.301000E+01 1.101000E+01 2.000000E+00 4.000000E+00 1.501000E+01 1.501000E+01
3500 7.007632E+03 1.400000E+01 1.200000E+01 2.000000E+00 4.000000E+00 1.600000E+01 1.600000E+01
3750 7.007690E+03 1.501000E+01 1.301000E+01 2.000000E+00 4.000000E+00 1.701000E+01 1.701000E+01
4000 7.007743E+03 1.601000E+01 1.301000E+01 2.000000E+00 5.000000E+00 1.801000E+01 1.801000E+01
4250 7.007793E+03 1.620000E+01 1.300000E+01 2.000000E+00 5.200000E+00 1.820000E+01 1.820000E+01
4500 7.007837E+03 1.700000E+01 1.316000E+01 2.160000E+00 6.000000E+00 1.916000E+01 1.916000E+01
4750 7.007881E+03 1.712000E+01 1.412000E+01 3.000000E+00 6.000000E+00 2.012000E+01 2.012000E+01
5000 7.007923E+03 1.805000E+01 1.505000E+01 3.000000E+00 6.000000E+00 2.105000E+01 2.105000E+01
5250 7.007966E+03 1.800000E+01 1.500000E+01 3.000000E+00 6.000000E+00 2.100000E+01 2.100000E+01
5500 7.008008E+03 1.800000E+01 1.500000E+01 3.000000E+00 6.000000E+00 2.100000E+01 2.100000E+01
5750 7.008050E+03 1.800000E+01 1.500000E+01 3.000000E+00 6.000000E+00 2.100000E+01 2.100000E+01
6000 7.008094E+03 1.800000E+01 1.585000E+01 3.850000E+00 6.000000E+00 2.185000E+01 2.185000E+01
6250 7.008137E+03 1.800000E+01 1.500000E+01 3.000000E+00 6.000000E+00 2.100000E+01 2.100000E+01
6500 7.008175E+03 1.900000E+01 1.600000E+01 3.000000E+00 6.000000E+00 2.200000E+01 2.200000E+01
6750 7.008210E+03 1.904000E+01 1.603000E+01 3.000000E+00 6.010000E+00 2.204000E+01 2.204000E+01
7000 7.008246E+03 1.900000E+01 1.600000E+01 3.000000E+00 6.000000E+00 2.200000E+01 2.200000E+01
7250 7.008281E+03 1.900000E+01 1.600000E+01 3.000000E+00 6.000000E+00 2.200000E+01 2.200000E+01
7500 7.008317E+03 1.902000E+01 1.602000E+01 3.000000E+00 6.000000E+00 2.202000E+01 2.202000E+01
7750 7.008351E+03 2.002000E+01 1.602000E+01 3.000000E+00 7.000000E+00 2.302000E+01 2.302000E+01
8000 7.008381E+03 2.000000E+01 1.600000E+01 3.000000E+00 7.000000E+00 2.300000E+01 2.300000E+01
8250 7.008412E+03 2.001000E+01 1.600000E+01 3.000000E+00 7.010000E+00 2.301000E+01 2.301000E+01
8500 7.008443E+03 2.000000E+01 1.600000E+01 3.000000E+00 7.000000E+00 2.300000E+01 2.300000E+01
8750 7.008474E+03 2.000000E+01 1.600000E+01 3.000000E+00 7.000000E+00 2.300000E+01 2.300000E+01
9000 7.008505E+03 2.005000E+01 1.605000E+01 3.000000E+00 7.000000E+00 2.305000E+01 2.305000E+01
9250 7.008536E+03 2.000000E+01 1.600000E+01 3.000000E+00 7.000000E+00 2.300000E+01 2.300000E+01
9500 7.008567E+03 2.081000E+01 1.681000E+01 3.000000E+00 7.000000E+00 2.381000E+01 2.381000E+01
9750 7.008597E+03 2.100000E+01 1.700000E+01 3.000000E+00 7.000000E+00 2.400000E+01 2.400000E+01
10000 7.008627E+03 2.100000E+01 1.700000E+01 3.000000E+00 7.000000E+00 2.400000E+01 2.400000E+01
10500 7.008688E+03 2.110000E+01 1.710000E+01 3.000000E+00 7.000000E+00 2.410000E+01 2.410000E+01
11000 7.008750E+03 2.100000E+01 1.700000E+01 3.000000E+00 7.000000E+00 2.400000E+01 2.400000E+01
11500 7.008811E+03 2.101000E+01 1.701000E+01 3.000000E+00 7.000000E+00 2.401000E+01 2.401000E+01
12000 7.008872E+03 2.100000E+01 1.700000E+01 3.000000E+00 7.000000E+00 2.400000E+01 2.400000E+01
12500 7.008932E+03 2.100000E+01 1.700000E+01 3.000000E+00 7.000000E+00 2.400000E+01 2.400000E+01
13000 7.008992E+03 2.100000E+01 1.700000E+01 3.000000E+00 7.000000E+00 2.400000E+01 2.400000E+01
13500 7.009052E+03 2.100000E+01 1.700000E+01 3.000000E+00 7.000000E+00 2.400000E+01 2.400000E+01
14000 7.009113E+03 2.100000E+01 1.700000E+01 3.000000E+00 7.000000E+00 2.400000E+01 2.400000E+01
14500 7.009174E+03 2.100000E+01 1.700000E+01 3.000000E+00 7.000000E+00 2.400000E+01 2.400000E+01
15000 7.009234E+03 2.101000E+01 1.800000E+01 4.000000E+00 7.010000E+00 2.501000E+01 2.501000E+01
15500 7.009294E+03 2.100000E+01 1.800000E+01 4.000000E+00 7.000000E+00 2.500000E+01 2.500000E+01
16000 7.009354E+03 2.100000E+01 1.801000E+01 4.020000E+00 7.010000E+00 2.502000E+01 2.502000E+01
16500 7.009413E+03 2.100000E+01 1.900000E+01 5.000000E+00 7.000000E+00 2.600000E+01 2.600000E+01
17000 7.009471E+03 2.200000E+01 2.000000E+01 5.000000E+00 7.000000E+00 2.700000E+01 2.700000E+01
17500 7.009528E+03 2.200000E+01 2.000000E+01 5.000000E+00 7.000000E+00 2.700000E+01 2.700000E+01
18000 7.009587E+03 2.200000E+01 2.000000E+01 5.000000E+00 7.000000E+00 2.700000E+01 2.700000E+01
18500 7.009645E+03 2.200000E+01 2.000000E+01 5.000000E+00 7.000000E+00 2.700000E+01 2.700000E+01
19000 7.009704E+03 2.200000E+01 2.000000E+01 5.000000E+00 7.000000E+00 2.700000E+01 2.700000E+01
19500 7.009762E+03 2.200000E+01 2.000000E+01 5.000000E+00 7.000000E+00 2.700000E+01 2.700000E+01
20000 7.009821E+03 2.200000E+01 2.001000E+01 5.010000E+00 7.000000E+00 2.701000E+01 2.701000E+01
20500 7.009879E+03 2.200000E+01 2.000000E+01 5.000000E+00 7.000000E+00 2.700000E+01 2.700000E+01
21000 7.009938E+03 2.201000E+01 2.101000E+01 7.000000E+00 8.000000E+00 2.901000E+01 2.901000E+01
21500 7.009996E+03 2.200000E+01 2.100000E+01 7.000000E+00 8.000000E+00 2.900000E+01 2.900000E+01
22000 7.010054E+03 2.200000E+01 2.100000E+01 7.000000E+00 8.000000E+00 2.900000E+01 2.900000E+01
22500 7.010112E+03 2.201000E+01 2.101000E+01 7.000000E+00 8.000000E+00 2.901000E+01 2.901000E+01
23000 7.010170E+03 2.200000E+01 2.100000E+01 7.000000E+00 8.000000E+00 2.900000E+01 2.900000E+01
23500 7.010228E+03 2.200000E+01 2.102000E+01 7.020000E+00 8.000000E+00 2.902000E+01 2.902000E+01
24000 7.010287E+03 2.200000E+01 2.100000E+01 7.000000E+00 8.000000E+00 2.900000E+01 2.900000E+01
24500 7.010345E+03 2.200000E+01 2.100000E+01 7.000000E+00 8.000000E+00 2.900000E+01 2.900000E+01
25000 7.010403E+03 2.200000E+01 2.100000E+01 7.000000E+00 8.000000E+00 2.900000E+01 2.900000E+01
25500 7.010461E+03 2.200000E+01 2.100000E+01 7.000000E+00 8.000000E+00 2.900000E+01 2.900000E+01
26000 7.010519E+03 2.200000E+01 2.100000E+01 7.000000E+00 8.000000E+00 2.900000E+01 2.900000E+01
26500 7.010577E+03 2.200000E+01 2.100000E+01 7.000000E+00 8.000000E+00 2.900000E+01 2.900000E+01
27000 7.010635E+03 2.200000E+01 2.100000E+01 7.000000E+00 8.000000E+00 2.900000E+01 2.900000E+01
27500 7.010693E+03 2.200000E+01 2.100000E+01 7.000000E+00 8.000000E+00 2.900000E+01 2.900000E+01
28000 7.010751E+03 2.200000E+01 2.100000E+01 7.000000E+00 8.000000E+00 2.900000E+01 2.900000E+01
28500 7.010808E+03 2.200000E+01 2.100000E+01 7.670000E+00 8.670000E+00 2.967000E+01 2.967000E+01
29000 7.010867E+03 2.200000E+01 2.200000E+01 8.000000E+00 8.000000E+00 3.000000E+01 3.000000E+01
29500 7.010926E+03 2.200000E+01 2.200000E+01 8.000000E+00 8.000000E+00 3.000000E+01 3.000000E+01
30000 7.010985E+03 2.201000E+01 2.200000E+01 8.000000E+00 8.010000E+00 3.001000E+01 3.001000E+01
30500 7.011044E+03 2.200000E+01 2.200000E+01 8.030000E+00 8.030000E+00 3.003000E+01 3.003000E+01
31000 7.011103E+03 2.200000E+01 2.200000E+01 8.000000E+00 8.000000E+00 3.000000E+01 3.000000E+01
31500 7.011161E+03 2.201000E+01 2.201000E+01 8.000000E+00 8.000000E+00 3.001000E+01 3.001000E+01
32000 7.011221E+03 2.200000E+01 2.200000E+01 8.000000E+00 8.000000E+00 3.000000E+01 3.000000E+01
32500 7.011278E+03 2.200000E+01 2.200000E+01 8.000000E+00 8.000000E+00 3.000000E+01 3.000000E+01
33000 7.011337E+03 2.200000E+01 2.200000E+01 8.000000E+00 8.000000E+00 3.000000E+01 3.000000E+01
33500 7.011396E+03 2.200000E+01 2.200000E+01 8.000000E+00 8.000000E+00 3.000000E+01 3.000000E+01
34000 7.011454E+03 2.200000E+01 2.200000E+01 8.000000E+00 8.000000E+00 3.000000E+01 3.000000E+01
34500 7.011513E+03 2.200000E+01 2.200000E+01 8.000000E+00 8.000000E+00 3.000000E+01 3.000000E+01
35000 7.011572E+03 2.201000E+01 2.200000E+01 8.000000E+00 8.010000E+00 3.001000E+01 3.001000E+01
35500 7.011631E+03 2.200000E+01 2.200000E+01 8.000000E+00 8.000000E+00 3.000000E+01 3.000000E+01
36000 7.011689E+03 2.200000E+01 2.200000E+01 8.000000E+00 8.000000E+00 3.000000E+01 3.000000E+01
36500 7.011747E+03 2.200000E+01 2.300000E+01 9.000000E+00 8.000000E+00 3.100000E+01 3.100000E+01
37000 7.011802E+03 2.200000E+01 2.300000E+01 9.000000E+00 8.000000E+00 3.100000E+01 3.100000E+01
37500 7.011858E+03 2.200000E+01 2.300000E+01 9.000000E+00 8.000000E+00 3.100000E+01 3.100000E+01
38000 7.011914E+03 2.200000E+01 2.300000E+01 9.000000E+00 8.000000E+00 3.100000E+01 3.100000E+01
38500 7.011970E+03 2.201000E+01 2.301000E+01 9.000000E+00 8.000000E+00 3.101000E+01 3.101000E+01
39000 7.012026E+03 2.200000E+01 2.300000E+01 1.000000E+01 9.000000E+00 3.200000E+01 3.200000E+01
39500 7.012083E+03 2.209000E+01 2.300000E+01 1.004000E+01 9.130000E+00 3.213000E+01 3.213000E+01
40000 7.012138E+03 2.200000E+01 2.300000E+01 1.000000E+01 9.000000E+00 3.200000E+01 3.200000E+01
40500 7.012194E+03 2.203000E+01 2.303000E+01 1.000000E+01 9.000000E+00 3.203000E+01 3.203000E+01
41000 7.012250E+03 2.200000E+01 2.300000E+01 1.000000E+01 9.000000E+00 3.200000E+01 3.200000E+01
41500 7.012305E+03 2.200000E+01 2.352000E+01 1.052000E+01 9.000000E+00 3.252000E+01 3.252000E+01
42000 7.012361E+03 2.200000E+01 2.300000E+01 1.000000E+01 9.000000E+00 3.200000E+01 3.200000E+01
42500 7.012416E+03 2.218000E+01 2.318000E+01 1.000000E+01 9.000000E+00 3.218000E+01 3.218000E+01
43000 7.012471E+03 2.200000E+01 2.300000E+01 1.000000E+01 9.000000E+00 3.200000E+01 3.200000E+01
43500 7.012527E+03 2.201000E+01 2.301000E+01 1.000000E+01 9.000000E+00 3.201000E+01 3.201000E+01
44000 7.012582E+03 2.200000E+01 2.300000E+01 1.000000E+01 9.000000E+00 3.200000E+01 3.200000E+01
44500 7.012638E+03 2.201000E+01 2.301000E+01 1.000000E+01 9.000000E+00 3.201000E+01 3.201000E+01
45000 7.012692E+03 2.300000E+01 2.400000E+01 1.000000E+01 9.000000E+00 3.300000E+01 3.300000E+01
45500 7.012744E+03 2.300000E+01 2.401000E+01 1.001000E+01 9.000000E+00 3.301000E+01 3.301000E+01
46000 7.012796E+03 2.301000E+01 2.401000E+01 1.000000E+01 9.000000E+00 3.301000E+01 3.301000E+01
46500 7.012848E+03 2.300000E+01 2.400000E+01 1.000000E+01 9.000000E+00 3.300000E+01 3.300000E+01
47000 7.012901E+03 2.400000E+01 2.400000E+01 1.009000E+01 1.009000E+01 3.409000E+01 3.409000E+01
47500 7.012953E+03 2.400000E+01 2.400000E+01 1.000000E+01 1.000000E+01 3.400000E+01 3.400000E+01
48000 7.013006E+03 2.400000E+01 2.400000E+01 1.000000E+01 1.000000E+01 3.400000E+01 3.400000E+01
48500 7.013060E+03 2.400000E+01 2.400000E+01 1.100000E+01 1.100000E+01 3.500000E+01 3.500000E+01
49000 7.013113E+03 2.400000E+01 2.400000E+01 1.100000E+01 1.100000E+01 3.500000E+01 3.500000E+01
49500 7.013166E+03 2.400000E+01 2.400000E+01 1.100000E+01 1.100000E+01 3.500000E+01 3.500000E+01
50000 7.013218E+03 2.400000E+01 2.401000E+01 1.101000E+01 1.100000E+01 3.501000E+01 3.501000E+01
50500 7.013272E+03 2.400000E+01 2.401000E+01 1.201000E+01 1.200000E+01 3.601000E+01 3.601000E+01
51000 7.013325E+03 2.400000E+01 2.400000E+01 1.200000E+01 1.200000E+01 3.600000E+01 3.600000E+01
51500 7.013378E+03 2.405000E+01 2.401000E+01 1.200000E+01 1.204000E+01 3.605000E+01 3.605000E+01
52000 7.013431E+03 2.400000E+01 2.400000E+01 1.200000E+01 1.200000E+01 3.600000E+01 3.600000E+01
52500 7.013484E+03 2.400000E+01 2.400000E+01 1.200000E+01 1.200000E+01 3.600000E+01 3.600000E+01
53000 7.013537E+03 2.402000E+01 2.402000E+01 1.200000E+01 1.200000E+01 3.602000E+01 3.602000E+01
53500 7.013590E+03 2.400000E+01 2.400000E+01 1.200000E+01 1.200000E+01 3.600000E+01 3.600000E+01
54000 7.013643E+03 2.401000E+01 2.401000E+01 1.200000E+01 1.200000E+01 3.601000E+01 3.601000E+01
54500 7.013696E+03 2.400000E+01 2.400000E+01 1.200000E+01 1.200000E+01 3.600000E+01 3.600000E+01
55000 7.013749E+03 2.400000E+01 2.400000E+01 1.200000E+01 1.200000E+01 3.600000E+01 3.600000E+01
55500 7.013803E+03 2.400000E+01 2.400000E+01 1.200000E+01 1.200000E+01 3.600000E+01 3.600000E+01
56000 7.013856E+03 2.500000E+01 2.508000E+01 1.209000E+01 1.201000E+01 3.709000E+01 3.709000E+01
56500 7.013907E+03 2.504000E+01 2.500000E+01 1.200000E+01 1.204000E+01 3.704000E+01 3.704000E+01
57000 7.013959E+03 2.500000E+01 2.500000E+01 1.205000E+01 1.205000E+01 3.705000E+01 3.705000E+01
57500 7.014010E+03 2.600000E+01 2.700000E+01 1.400000E+01 1.300000E+01 4.000000E+01 4.000000E+01
58000 7.014058E+03 2.600000E+01 2.700000E+01 1.400000E+01 1.300000E+01 4.000000E+01 4.000000E+01
58500 7.014105E+03 2.631000E+01 2.700000E+01 1.434000E+01 1.365000E+01 4.065000E+01 4.065000E+01
59000 7.014152E+03 2.700000E+01 2.700000E+01 1.400000E+01 1.400000E+01 4.100000E+01 4.100000E+01
59500 7.014200E+03 2.701000E+01 2.700000E+01 1.407000E+01 1.408000E+01 4.108000E+01 4.108000E+01
60000 7.014247E+03 2.700000E+01 2.800000E+01 1.600000E+01 1.500000E+01 4.300000E+01 4.300000E+01
60500 7.014293E+03 2.707000E+01 2.807000E+01 1.600000E+01 1.500000E+01 4.307000E+01 4.307000E+01
61000 7.014340E+03 2.700000E+01 2.800000E+01 1.600000E+01 1.500000E+01 4.300000E+01 4.300000E+01
61500 7.014385E+03 2.702000E+01 2.802000E+01 1.600000E+01 1.500000E+01 4.302000E+01 4.302000E+01
62000 7.014431E+03 2.700000E+01 2.800000E+01 1.600000E+01 1.500000E+01 4.300000E+01 4.300000E+01
62500 7.014477E+03 2.701000E+01 2.801000E+01 1.600000E+01 1.500000E+01 4.301000E+01 4.301000E+01
63000 7.014523E+03 2.700000E+01 2.800000E+01 1.600000E+01 1.500000E+01 4.300000E+01 4.300000E+01
63500 7.014569E+03 2.728000E+01 2.828000E+01 1.600000E+01 1.500000E+01 4.328000E+01 4.328000E+01
64000 7.014614E+03 2.700000E+01 2.800000E+01 1.600000E+01 1.500000E+01 4.300000E+01 4.300000E+01
64500 7.014660E+03 2.876000E+01 2.976000E+01 1.600000E+01 1.500000E+01 4.476000E+01 4.476000E+01
65000 7.014705E+03 2.900000E+01 3.000000E+01 1.600000E+01 1.500000E+01 4.500000E+01 4.500000E+01
65500 7.014750E+03 2.900000E+01 3.000000E+01 1.600000E+01 1.500000E+01 4.500000E+01 4.500000E+01
66000 7.014796E+03 2.901000E+01 3.001000E+01 1.700000E+01 1.600000E+01 4.601000E+01 4.601000E+01
66500 7.014841E+03 2.901000E+01 3.000000E+01 1.700000E+01 1.601000E+01 4.601000E+01 4.601000E+01
67000 7.014886E+03 2.900000E+01 3.000000E+01 1.700000E+01 1.600000E+01 4.600000E+01 4.600000E+01
67500 7.014932E+03 3.100000E+01 3.200000E+01 1.700000E+01 1.600000E+01 4.800000E+01 4.800000E+01
68000 7.014978E+03 3.102000E+01 3.202000E+01 1.700000E+01 1.600000E+01 4.802000E+01 4.802000E+01
68500 7.015024E+03 3.101000E+01 3.201000E+01 1.700000E+01 1.600000E+01 4.801000E+01 4.801000E+01
69000 7.015071E+03 3.200000E+01 3.300000E+01 1.700000E+01 1.600000E+01 4.900000E+01 4.900000E+01
69500 7.015117E+03 3.200000E+01 3.300000E+01 1.700000E+01 1.600000E+01 4.900000E+01 4.900000E+01
70000 7.015163E+03 3.200000E+01 3.300000E+01 1.700000E+01 1.600000E+01 4.900000E+01 4.900000E+01
70500 7.015209E+03 3.200000E+01 3.301000E+01 1.701000E+01 1.600000E+01 4.901000E+01 4.901000E+01
71000 7.015256E+03 3.200000E+01 3.300000E+01 1.801000E+01 1.701000E+01 5.001000E+01 5.001000E+01
71500 7.015302E+03 3.200000E+01 3.300000E+01 1.800000E+01 1.700000E+01 5.000000E+01 5.000000E+01
72000 7.015349E+03 3.200000E+01 3.300000E+01 1.800000E+01 1.700000E+01 5.000000E+01 5.000000E+01
72500 7.015395E+03 3.201000E+01 3.301000E+01 1.800000E+01 1.700000E+01 5.001000E+01 5.001000E+01
73000 7.015443E+03 3.203000E+01 3.300000E+01 1.800000E+01 1.703000E+01 5.003000E+01 5.003000E+01
73500 7.015490E+03 3.200000E+01 3.300000E+01 1.800000E+01 1.700000E+01 5.000000E+01 5.000000E+01
74000 7.015536E+03 3.200000E+01 3.300000E+01 1.800000E+01 1.700000E+01 5.000000E+01 5.000000E+01
74500 7.015582E+03 3.202000E+01 3.301000E+01 1.800000E+01 1.701000E+01 5.002000E+01 5.002000E+01
75000 7.015629E+03 3.300000E+01 3.400000E+01 1.800000E+01 1.700000E+01 5.100000E+01 5.100000E+01
75500 7.015676E+03 3.300000E+01 3.400000E+01 1.800000E+01 1.700000E+01 5.100000E+01 5.100000E+01
76000 7.015723E+03 3.300000E+01 3.400000E+01 1.800000E+01 1.700000E+01 5.100000E+01 5.100000E+01
76500 7.015770E+03 3.327000E+01 3.400000E+01 1.800000E+01 1.727000E+01 5.127000E+01 5.127000E+01
77000 7.015817E+03 3.400000E+01 3.400000E+01 1.800000E+01 1.800000E+01 5.200000E+01 5.200000E+01
77500 7.015864E+03 3.401000E+01 3.401000E+01 1.800000E+01 1.800000E+01 5.201000E+01 5.201000E+01
78000 7.015911E+03 3.400000E+01 3.400000E+01 1.800000E+01 1.800000E+01 5.200000E+01 5.200000E+01
78500 7.015958E+03 3.400000E+01 3.400000E+01 1.800000E+01 1.800000E+01 5.200000E+01 5.200000E+01
79000 7.016005E+03 3.400000E+01 3.400000E+01 1.800000E+01 1.800000E+01 5.200000E+01 5.200000E+01
79500 7.016052E+03 3.404000E+01 3.404000E+01 1.800000E+01 1.800000E+01 5.204000E+01 5.204000E+01
80000 7.016100E+03 3.400000E+01 3.400000E+01 1.800000E+01 1.800000E+01 5.200000E+01 5.200000E+01
80500 7.016146E+03 3.400000E+01 3.400000E+01 1.800000E+01 1.800000E+01 5.200000E+01 5.200000E+01
81000 7.016193E+03 3.400000E+01 3.400000E+01 1.800000E+01 1.800000E+01 5.200000E+01 5.200000E+01
81500 7.016240E+03 3.406000E+01 3.400000E+01 1.800000E+01 1.806000E+01 5.206000E+01 5.206000E+01
82000 7.016288E+03 3.400000E+01 3.400000E+01 1.800000E+01 1.800000E+01 5.200000E+01 5.200000E+01
82500 7.016335E+03 3.400000E+01 3.400000E+01 1.800000E+01 1.800000E+01 5.200000E+01 5.200000E+01
83000 7.016381E+03 3.405000E+01 3.505000E+01 1.900000E+01 1.800000E+01 5.305000E+01 5.305000E+01
83500 7.016428E+03 3.401000E+01 3.501000E+01 1.900000E+01 1.800000E+01 5.301000E+01 5.301000E+01
84000 7.016474E+03 3.400000E+01 3.500000E+01 1.900000E+01 1.800000E+01 5.300000E+01 5.300000E+01
84500 7.016522E+03 3.400000E+01 3.500000E+01 1.900000E+01 1.800000E+01 5.300000E+01 5.300000E+01
85000 7.016569E+03 3.400000E+01 3.500000E+01 1.900000E+01 1.800000E+01 5.300000E+01 5.300000E+01
85500 7.016616E+03 3.400000E+01 3.500000E+01 1.900000E+01 1.800000E+01 5.300000E+01 5.300000E+01
86000 7.016662E+03 3.412000E+01 3.512000E+01 1.900000E+01 1.800000E+01 5.312000E+01 5.312000E+01
86500 7.016709E+03 3.400000E+01 3.501000E+01 1.901000E+01 1.800000E+01 5.301000E+01 5.301000E+01
87000 7.016755E+03 3.402000E+01 3.502000E+01 1.900000E+01 1.800000E+01 5.302000E+01 5.302000E+01
87500 7.016801E+03 3.400000E+01 3.500000E+01 1.900000E+01 1.800000E+01 5.300000E+01 5.300000E+01
88000 7.016848E+03 3.400000E+01 3.500000E+01 2.000000E+01 1.900000E+01 5.400000E+01 5.400000E+01
88500 7.016895E+03 3.500000E+01 3.500000E+01 2.084000E+01 2.084000E+01 5.584000E+01 5.584000E+01
89000 7.016943E+03 3.500000E+01 3.500000E+01 2.100000E+01 2.100000E+01 5.600000E+01 5.600000E+01
89500 7.016992E+03 3.500000E+01 3.500000E+01 2.100000E+01 2.100000E+01 5.600000E+01 5.600000E+01
90000 7.017040E+03 3.500000E+01 3.500000E+01 2.180000E+01 2.180000E+01 5.680000E+01 5.680000E+01
90500 7.017088E+03 3.500000E+01 3.500000E+01 2.200000E+01 2.200000E+01 5.700000E+01 5.700000E+01
91000 7.017137E+03 3.500000E+01 3.500000E+01 2.200000E+01 2.200000E+01 5.700000E+01 5.700000E+01
91500 7.017184E+03 3.600000E+01 3.600000E+01 2.200000E+01 2.200000E+01 5.800000E+01 5.800000E+01
92000 7.017231E+03 3.601000E+01 3.601000E+01 2.200000E+01 2.200000E+01 5.801000E+01 5.801000E+01
92500 7.017278E+03 3.600000E+01 3.600000E+01 2.201000E+01 2.201000E+01 5.801000E+01 5.801000E+01
93000 7.017324E+03 3.600000E+01 3.600000E+01 2.200000E+01 2.200000E+01 5.800000E+01 5.800000E+01
93500 7.017371E+03 3.600000E+01 3.600000E+01 2.200000E+01 2.200000E+01 5.800000E+01 5.800000E+01
94000 7.017417E+03 3.600000E+01 3.604000E+01 2.204000E+01 2.200000E+01 5.804000E+01 5.804000E+01
94500 7.017464E+03 3.607000E+01 3.607000E+01 2.201000E+01 2.201000E+01 5.808000E+01 5.808000E+01
95000 7.017510E+03 3.600000E+01 3.600000E+01 2.200000E+01 2.200000E+01 5.800000E+01 5.800000E+01
95500 7.017556E+03 3.600000E+01 3.600000E+01 2.200000E+01 2.200000E+01 5.800000E+01 5.800000E+01
96000 7.017602E+03 3.601000E+01 3.601000E+01 2.200000E+01 2.200000E+01 5.801000E+01 5.801000E+01
96500 7.017649E+03 3.601000E+01 3.603000E+01 2.203000E+01 2.201000E+01 5.804000E+01 5.804000E+01
97000 7.017695E+03 3.600000E+01 3.600000E+01 2.200000E+01 2.200000E+01 5.800000E+01 5.800000E+01
97500 7.017742E+03 3.600000E+01 3.600000E+01 2.200000E+01 2.200000E+01 5.800000E+01 5.800000E+01
98000 7.017788E+03 3.600000E+01 3.606000E+01 2.206000E+01 2.200000E+01 5.806000E+01 5.806000E+01
98500 7.017834E+03 3.600000E+01 3.600000E+01 2.200000E+01 2.200000E+01 5.800000E+01 5.800000E+01
99000 7.017880E+03 3.601000E+01 3.600000E+01 2.200000E+01 2.201000E+01 5.801000E+01 5.801000E+01
99500 7.017927E+03 3.603000E+01 3.602000E+01 2.200000E+01 2.201000E+01 5.803000E+01 5.803000E+01
100000 7.017973E+03 3.600000E+01 3.600000E+01 2.200000E+01 2.200000E+01 5.800000E+01 5.800000E+01
100500 7.018020E+03 3.600000E+01 3.600000E+01 2.200000E+01 2.200000E+01 5.800000E+01 5.800000E+01
101000 7.018067E+03 3.682000E+01 3.600000E+01 2.200000E+01 2.282000E+01 5.882000E+01 5.882000E+01
101500 7.018113E+03 3.600000E+01 3.600000E+01 2.200000E+01 2.200000E+01 5.800000E+01 5.800000E+01
102000 7.018160E+03 3.600000E+01 3.600000E+01 2.200000E+01 2.200000E+01 5.800000E+01 5.800000E+01
102500 7.018205E+03 3.700000E+01 3.700000E+01 2.200000E+01 2.200000E+01 5.900000E+01 5.900000E+01
103000 7.018248E+03 3.700000E+01 3.716000E+01 2.216000E+01 2.200000E+01 5.916000E+01 5.916000E+01
103500 7.018292E+03 3.700000E+01 3.700000E+01 2.200000E+01 2.200000E+01 5.900000E+01 5.900000E+01
104000 7.018335E+03 3.700000E+01 3.700000E+01 2.200000E+01 2.200000E+01 5.900000E+01 5.900000E+01
104500 7.018379E+03 3.701000E+01 3.701000E+01 2.200000E+01 2.200000E+01 5.901000E+01 5.901000E+01
105000 7.018422E+03 3.700000E+01 3.700000E+01 2.200000E+01 2.200000E+01 5.900000E+01 5.900000E+01
105500 7.018466E+03 3.700000E+01 3.700000E+01 2.200000E+01 2.200000E+01 5.900000E+01 5.900000E+01
106000 7.018509E+03 3.701000E+01 3.701000E+01 2.200000E+01 2.200000E+01 5.901000E+01 5.901000E+01
106500 7.018552E+03 3.700000E+01 3.706000E+01 2.236000E+01 2.230000E+01 5.936000E+01 5.936000E+01
107000 7.018595E+03 3.700000E+01 3.700000E+01 2.300000E+01 2.300000E+01 6.000000E+01 6.000000E+01
107500 7.018638E+03 3.701000E+01 3.701000E+01 2.300000E+01 2.300000E+01 6.001000E+01 6.001000E+01
108000 7.018681E+03 3.700000E+01 3.700000E+01 2.300000E+01 2.300000E+01 6.000000E+01 6.000000E+01
108500 7.018726E+03 3.700000E+01 3.700000E+01 2.300000E+01 2.300000E+01 6.000000E+01 6.000000E+01
109000 7.018770E+03 3.701000E+01 3.701000E+01 2.300000E+01 2.300000E+01 6.001000E+01 6.001000E+01
109500 7.018814E+03 3.700000E+01 3.700000E+01 2.300000E+01 2.300000E+01 6.000000E+01 6.000000E+01
110000 7.018858E+03 3.706000E+01 3.706000E+01 2.300000E+01 2.300000E+01 6.006000E+01 6.006000E+01
110500 7.018900E+03 3.702000E+01 3.702000E+01 2.300000E+01 2.300000E+01 6.002000E+01 6.002000E+01
111000 7.018943E+03 3.700000E+01 3.700000E+01 2.300000E+01 2.300000E+01 6.000000E+01 6.000000E+01
111500 7.018986E+03 3.700000E+01 3.700000E+01 2.300000E+01 2.300000E+01 6.000000E+01 6.000000E+01
112000 7.019029E+03 3.700000E+01 3.700000E+01 2.400000E+01 2.400000E+01 6.100000E+01 6.100000E+01
112500 7.019072E+03 3.700000E+01 3.700000E+01 2.400000E+01 2.400000E+01 6.100000E+01 6.100000E+01
113000 7.019115E+03 3.700000E+01 3.700000E+01 2.400000E+01 2.400000E+01 6.100000E+01 6.100000E+01
113500 7.019159E+03 3.701000E+01 3.701000E+01 2.469000E+01 2.469000E+01 6.170000E+01 6.170000E+01
114000 7.019202E+03 3.700000E+01 3.700000E+01 2.500000E+01 2.500000E+01 6.200000E+01 6.200000E+01
114500 7.019244E+03 3.780000E+01 3.780000E+01 2.500000E+01 2.500000E+01 6.280000E+01 6.280000E+01
115000 7.019288E+03 3.800000E+01 3.800000E+01 2.500000E+01 2.500000E+01 6.300000E+01 6.300000E+01
115500 7.019331E+03 3.800000E+01 3.800000E+01 2.500000E+01 2.500000E+01 6.300000E+01 6.300000E+01
116000 7.019375E+03 3.802000E+01 3.802000E+01 2.500000E+01 2.500000E+01 6.302000E+01 6.302000E+01
116500 7.019418E+03 3.800000E+01 3.900000E+01 2.600000E+01 2.500000E+01 6.400000E+01 6.400000E+01
117000 7.019461E+03 3.800000E+01 4.000000E+01 2.700000E+01 2.500000E+01 6.500000E+01 6.500000E+01
117500 7.019503E+03 3.800000E+01 4.100000E+01 2.800000E+01 2.500000E+01 6.600000E+01 6.600000E+01
118000 7.019546E+03 3.800000E+01 4.100000E+01 2.800000E+01 2.500000E+01 6.600000E+01 6.600000E+01
118500 7.019590E+03 3.800000E+01 4.100000E+01 2.800000E+01 2.500000E+01 6.600000E+01 6.600000E+01
119000 7.019631E+03 3.900000E+01 4.200000E+01 2.800000E+01 2.500000E+01 6.700000E+01 6.700000E+01
119500 7.019672E+03 3.902000E+01 4.202000E+01 2.800000E+01 2.500000E+01 6.702000E+01 6.702000E+01
120000 7.019714E+03 3.900000E+01 4.200000E+01 2.800000E+01 2.500000E+01 6.700000E+01 6.700000E+01
120500 7.019755E+03 3.900000E+01 4.200000E+01 2.800000E+01 2.500000E+01 6.700000E+01 6.700000E+01
121000 7.019796E+03 3.904000E+01 4.204000E+01 2.800000E+01 2.500000E+01 6.704000E+01 6.704000E+01
121500 7.019837E+03 3.900000E+01 4.200000E+01 2.800000E+01 2.500000E+01 6.700000E+01 6.700000E+01
122000 7.019879E+03 3.900000E+01 4.200000E+01 2.800000E+01 2.500000E+01 6.700000E+01 6.700000E+01
122500 7.019920E+03 3.901000E+01 4.200000E+01 2.800000E+01 2.501000E+01 6.701000E+01 6.701000E+01
123000 7.019962E+03 3.900000E+01 4.200000E+01 2.800000E+01 2.500000E+01 6.700000E+01 6.700000E+01
123500 7.020004E+03 3.900000E+01 4.200000E+01 2.800000E+01 2.500000E+01 6.700000E+01 6.700000E+01
124000 7.020046E+03 3.900000E+01 4.200000E+01 2.800000E+01 2.500000E+01 6.700000E+01 6.700000E+01
124500 7.020087E+03 3.900000E+01 4.200000E+01 2.800000E+01 2.500000E+01 6.700000E+01 6.700000E+01
125000 7.020129E+03 3.900000E+01 4.200000E+01 2.800000E+01 2.500000E+01 6.700000E+01 6.700000E+01
125500 7.020170E+03 3.900000E+01 4.200000E+01 2.823000E+01 2.523000E+01 6.723000E+01 6.723000E+01
126000 7.020212E+03 3.901000E+01 4.201000E+01 2.800000E+01 2.500000E+01 6.701000E+01 6.701000E+01
126500 7.020253E+03 3.900000E+01 4.200000E+01 2.800000E+01 2.500000E+01 6.700000E+01 6.700000E+01
127000 7.020295E+03 3.900000E+01 4.200000E+01 2.800000E+01 2.500000E+01 6.700000E+01 6.700000E+01
127500 7.020336E+03 3.900000E+01 4.200000E+01 2.800000E+01 2.500000E+01 6.700000E+01 6.700000E+01
128000 7.020378E+03 3.900000E+01 4.200000E+01 2.800000E+01 2.500000E+01 6.700000E+01 6.700000E+01
128500 7.020419E+03 3.900000E+01 4.200000E+01 2.800000E+01 2.500000E+01 6.700000E+01 6.700000E+01
129000 7.020461E+03 3.900000E+01 4.200000E+01 2.801000E+01 2.501000E+01 6.701000E+01 6.701000E+01
129500 7.020502E+03 3.900000E+01 4.200000E+01 2.800000E+01 2.500000E+01 6.700000E+01 6.700000E+01
130000 7.020544E+03 4.000000E+01 4.300000E+01 2.801000E+01 2.501000E+01 6.801000E+01 6.801000E+01
130500 7.020586E+03 4.000000E+01 4.303000E+01 2.803000E+01 2.500000E+01 6.803000E+01 6.803000E+01
131000 7.020628E+03 4.000000E+01 4.300000E+01 2.800000E+01 2.500000E+01 6.800000E+01 6.800000E+01
131500 7.020670E+03 4.000000E+01 4.300000E+01 2.800000E+01 2.500000E+01 6.800000E+01 6.800000E+01
132000 7.020712E+03 4.000000E+01 4.300000E+01 2.800000E+01 2.500000E+01 6.800000E+01 6.800000E+01
132500 7.020754E+03 4.001000E+01 4.301000E+01 2.800000E+01 2.500000E+01 6.801000E+01 6.801000E+01
133000 7.020795E+03 4.000000E+01 4.300000E+01 2.800000E+01 2.500000E+01 6.800000E+01 6.800000E+01
133500 7.020837E+03 4.102000E+01 4.402000E+01 2.800000E+01 2.500000E+01 6.902000E+01 6.902000E+01
134000 7.020878E+03 4.100000E+01 4.400000E+01 2.800000E+01 2.500000E+01 6.900000E+01 6.900000E+01
134500 7.020919E+03 4.100000E+01 4.400000E+01 2.800000E+01 2.500000E+01 6.900000E+01 6.900000E+01
135000 7.020961E+03 4.100000E+01 4.400000E+01 2.800000E+01 2.500000E+01 6.900000E+01 6.900000E+01
135500 7.021002E+03 4.101000E+01 4.401000E+01 2.800000E+01 2.500000E+01 6.901000E+01 6.901000E+01
136000 7.021045E+03 4.105000E+01 4.405000E+01 2.800000E+01 2.500000E+01 6.905000E+01 6.905000E+01
136500 7.021086E+03 4.100000E+01 4.403000E+01 2.803000E+01 2.500000E+01 6.903000E+01 6.903000E+01
137000 7.021128E+03 4.100000E+01 4.400000E+01 2.800000E+01 2.500000E+01 6.900000E+01 6.900000E+01
137500 7.021170E+03 4.101000E+01 4.402000E+01 2.801000E+01 2.500000E+01 6.902000E+01 6.902000E+01
138000 7.021212E+03 4.106000E+01 4.400000E+01 2.800000E+01 2.506000E+01 6.906000E+01 6.906000E+01
138500 7.021254E+03 4.100000E+01 4.403000E+01 2.803000E+01 2.500000E+01 6.903000E+01 6.903000E+01
139000 7.021296E+03 4.105000E+01 4.400000E+01 2.800000E+01 2.505000E+01 6.905000E+01 6.905000E+01
139500 7.021338E+03 4.100000E+01 4.400000E+01 2.800000E+01 2.500000E+01 6.900000E+01 6.900000E+01
140000 7.021380E+03 4.100000E+01 4.500000E+01 3.000000E+01 2.600000E+01 7.100000E+01 7.100000E+01
140500 7.021422E+03 4.101000E+01 4.501000E+01 3.000000E+01 2.600000E+01 7.101000E+01 7.101000E+01
141000 7.021463E+03 4.101000E+01 4.500000E+01 3.100000E+01 2.701000E+01 7.201000E+01 7.201000E+01
141500 7.021505E+03 4.100000E+01 4.500000E+01 3.100000E+01 2.700000E+01 7.200000E+01 7.200000E+01
142000 7.021546E+03 4.106000E+01 4.506000E+01 3.100000E+01 2.700000E+01 7.206000E+01 7.206000E+01
142500 7.021587E+03 4.101000E+01 4.501000E+01 3.100000E+01 2.700000E+01 7.201000E+01 7.201000E+01
143000 7.021629E+03 4.103000E+01 4.503000E+01 3.101000E+01 2.701000E+01 7.204000E+01 7.204000E+01
143500 7.021670E+03 4.100000E+01 4.500000E+01 3.100000E+01 2.700000E+01 7.200000E+01 7.200000E+01
144000 7.021712E+03 4.100000E+01 4.500000E+01 3.100000E+01 2.700000E+01 7.200000E+01 7.200000E+01
144500 7.021753E+03 4.101000E+01 4.500000E+01 3.100000E+01 2.701000E+01 7.201000E+01 7.201000E+01
145000 7.021794E+03 4.100000E+01 4.501000E+01 3.101000E+01 2.700000E+01 7.201000E+01 7.201000E+01
145500 7.021835E+03 4.113000E+01 4.501000E+01 3.100000E+01 2.712000E+01 7.213000E+01 7.213000E+01
146000 7.021877E+03 4.100000E+01 4.500000E+01 3.100000E+01 2.700000E+01 7.200000E+01 7.200000E+01
146500 7.021919E+03 4.100000E+01 4.500000E+01 3.100000E+01 2.700000E+01 7.200000E+01 7.200000E+01
147000 7.021959E+03 4.100000E+01 4.500000E+01 3.100000E+01 2.700000E+01 7.200000E+01 7.200000E+01
147500 7.022001E+03 4.101000E+01 4.600000E+01 3.200000E+01 2.701000E+01 7.301000E+01 7.301000E+01
148000 7.022043E+03 4.100000E+01 4.600000E+01 3.200000E+01 2.700000E+01 7.300000E+01 7.300000E+01
148500 7.022086E+03 4.100000E+01 4.600000E+01 3.200000E+01 2.700000E+01 7.300000E+01 7.300000E+01
149000 7.022129E+03 4.101000E+01 4.601000E+01 3.200000E+01 2.700000E+01 7.301000E+01 7.301000E+01
149500 7.022171E+03 4.200000E+01 4.700000E+01 3.200000E+01 2.700000E+01 7.400000E+01 7.400000E+01
150000 7.022213E+03 4.200000E+01 4.753000E+01 3.253000E+01 2.700000E+01 7.453000E+01 7.453000E+01
150500 7.022253E+03 4.400000E+01 5.000000E+01 3.300000E+01 2.700000E+01 7.700000E+01 7.700000E+01
151000 7.022294E+03 4.400000E+01 5.000000E+01 3.300000E+01 2.700000E+01 7.700000E+01 7.700000E+01
151500 7.022334E+03 4.500000E+01 5.100000E+01 3.300000E+01 2.700000E+01 7.800000E+01 7.800000E+01
152000 7.022374E+03 4.500000E+01 5.100000E+01 3.300000E+01 2.700000E+01 7.800000E+01 7.800000E+01
152500 7.022415E+03 4.500000E+01 5.101000E+01 3.301000E+01 2.700000E+01 7.801000E+01 7.801000E+01
153000 7.022456E+03 4.500000E+01 5.100000E+01 3.300000E+01 2.700000E+01 7.800000E+01 7.800000E+01
153500 7.022497E+03 4.503000E+01 5.103000E+01 3.300000E+01 2.700000E+01 7.803000E+01 7.803000E+01
154000 7.022538E+03 4.500000E+01 5.100000E+01 3.300000E+01 2.700000E+01 7.800000E+01 7.800000E+01
154500 7.022579E+03 4.500000E+01 5.100000E+01 3.300000E+01 2.700000E+01 7.800000E+01 7.800000E+01
155000 7.022620E+03 4.600000E+01 5.100000E+01 3.300000E+01 2.800000E+01 7.900000E+01 7.900000E+01
155500 7.022661E+03 4.600000E+01 5.100000E+01 3.300000E+01 2.800000E+01 7.900000E+01 7.900000E+01
156000 7.022702E+03 4.600000E+01 5.100000E+01 3.300000E+01 2.800000E+01 7.900000E+01 7.900000E+01
156500 7.022744E+03 4.600000E+01 5.200000E+01 3.400000E+01 2.800000E+01 8.000000E+01 8.000000E+01
157000 7.022785E+03 4.600000E+01 5.200000E+01 3.402000E+01 2.802000E+01 8.002000E+01 8.002000E+01
157500 7.022826E+03 4.601000E+01 5.201000E+01 3.418000E+01 2.818000E+01 8.019000E+01 8.019000E+01
158000 7.022867E+03 4.601000E+01 5.201000E+01 3.400000E+01 2.800000E+01 8.001000E+01 8.001000E+01
158500 7.022909E+03 4.601000E+01 5.201000E+01 3.400000E+01 2.800000E+01 8.001000E+01 8.001000E+01
159000 7.022950E+03 4.600000E+01 5.200000E+01 3.400000E+01 2.800000E+01 8.000000E+01 8.000000E+01
159500 7.022992E+03 4.601000E+01 5.201000E+01 3.400000E+01 2.800000E+01 8.001000E+01 8.001000E+01
160000 7.023034E+03 4.600000E+01 5.200000E+01 3.400000E+01 2.800000E+01 8.000000E+01 8.000000E+01
160500 7.023075E+03 4.600000E+01 5.200000E+01 3.400000E+01 2.800000E+01 8.000000E+01 8.000000E+01
161000 7.023117E+03 4.604000E+01 5.204000E+01 3.400000E+01 2.800000E+01 8.004000E+01 8.004000E+01
161500 7.023158E+03 4.601000E+01 5.200000E+01 3.400000E+01 2.801000E+01 8.001000E+01 8.001000E+01
162000 7.023200E+03 4.600000E+01 5.200000E+01 3.400000E+01 2.800000E+01 8.000000E+01 8.000000E+01
162500 7.023241E+03 4.606000E+01 5.206000E+01 3.400000E+01 2.800000E+01 8.006000E+01 8.006000E+01
163000 7.023283E+03 4.601000E+01 5.201000E+01 3.400000E+01 2.800000E+01 8.001000E+01 8.001000E+01
163500 7.023325E+03 4.600000E+01 5.200000E+01 3.400000E+01 2.800000E+01 8.000000E+01 8.000000E+01
164000 7.023367E+03 4.701000E+01 5.201000E+01 3.400000E+01 2.900000E+01 8.101000E+01 8.101000E+01
164500 7.023407E+03 4.700000E+01 5.200000E+01 3.402000E+01 2.902000E+01 8.102000E+01 8.102000E+01
165000 7.023448E+03 4.700000E+01 5.200000E+01 3.400000E+01 2.900000E+01 8.100000E+01 8.100000E+01
165500 7.023488E+03 4.700000E+01 5.200000E+01 3.400000E+01 2.900000E+01 8.100000E+01 8.100000E+01
166000 7.023530E+03 4.701000E+01 5.201000E+01 3.412000E+01 2.912000E+01 8.113000E+01 8.113000E+01
166500 7.023572E+03 4.702000E+01 5.202000E+01 3.400000E+01 2.900000E+01 8.102000E+01 8.102000E+01
167000 7.023613E+03 4.700000E+01 5.200000E+01 3.400000E+01 2.900000E+01 8.100000E+01 8.100000E+01
167500 7.023653E+03 4.703000E+01 5.203000E+01 3.400000E+01 2.900000E+01 8.103000E+01 8.103000E+01
168000 7.023694E+03 4.700000E+01 5.200000E+01 3.400000E+01 2.900000E+01 8.100000E+01 8.100000E+01
168500 7.023736E+03 4.700000E+01 5.200000E+01 3.400000E+01 2.900000E+01 8.100000E+01 8.100000E+01
169000 7.023776E+03 4.702000E+01 5.200000E+01 3.400000E+01 2.902000E+01 8.102000E+01 8.102000E+01
169500 7.023817E+03 4.706000E+01 5.206000E+01 3.401000E+01 2.901000E+01 8.107000E+01 8.107000E+01
170000 7.023858E+03 4.700000E+01 5.200000E+01 3.400000E+01 2.900000E+01 8.100000E+01 8.100000E+01
170500 7.023898E+03 4.700000E+01 5.212000E+01 3.412000E+01 2.900000E+01 8.112000E+01 8.112000E+01
171000 7.023938E+03 4.700000E+01 5.300000E+01 3.500000E+01 2.900000E+01 8.200000E+01 8.200000E+01
171500 7.023978E+03 4.700000E+01 5.300000E+01 3.500000E+01 2.900000E+01 8.200000E+01 8.200000E+01
172000 7.024014E+03 4.800000E+01 5.400000E+01 3.500000E+01 2.900000E+01 8.300000E+01 8.300000E+01
172500 7.024050E+03 4.800000E+01 5.400000E+01 3.500000E+01 2.900000E+01 8.300000E+01 8.300000E+01
173000 7.024085E+03 4.800000E+01 5.400000E+01 3.500000E+01 2.900000E+01 8.300000E+01 8.300000E+01
173500 7.024120E+03 4.800000E+01 5.400000E+01 3.500000E+01 2.900000E+01 8.300000E+01 8.300000E+01
174000 7.024156E+03 4.800000E+01 5.400000E+01 3.500000E+01 2.900000E+01 8.300000E+01 8.300000E+01
174500 7.024192E+03 4.800000E+01 5.400000E+01 3.500000E+01 2.900000E+01 8.300000E+01 8.300000E+01
175000 7.024228E+03 4.800000E+01 5.410000E+01 3.510000E+01 2.900000E+01 8.310000E+01 8.310000E+01
175500 7.024263E+03 4.800000E+01 5.400000E+01 3.500000E+01 2.900000E+01 8.300000E+01 8.300000E+01
176000 7.024299E+03 4.800000E+01 5.426000E+01 3.526000E+01 2.900000E+01 8.326000E+01 8.326000E+01
176500 7.024333E+03 4.800000E+01 5.500000E+01 3.600000E+01 2.900000E+01 8.400000E+01 8.400000E+01
177000 7.024368E+03 4.800000E+01 5.500000E+01 3.600000E+01 2.900000E+01 8.400000E+01 8.400000E+01
177500 7.024402E+03 4.801000E+01 5.501000E+01 3.600000E+01 2.900000E+01 8.401000E+01 8.401000E+01
178000 7.024436E+03 4.800000E+01 5.500000E+01 3.600000E+01 2.900000E+01 8.400000E+01 8.400000E+01
178500 7.024471E+03 4.803000E+01 5.500000E+01 3.600000E+01 2.903000E+01 8.403000E+01 8.403000E+01
179000 7.024505E+03 4.800000E+01 5.500000E+01 3.600000E+01 2.900000E+01 8.400000E+01 8.400000E+01
179500 7.024540E+03 4.800000E+01 5.504000E+01 3.604000E+01 2.900000E+01 8.404000E+01 8.404000E+01
180000 7.024574E+03 4.800000E+01 5.500000E+01 3.600000E+01 2.900000E+01 8.400000E+01 8.400000E+01
180500 7.024609E+03 4.802000E+01 5.501000E+01 3.600000E+01 2.901000E+01 8.402000E+01 8.402000E+01
181000 7.024645E+03 4.801000E+01 5.501000E+01 3.600000E+01 2.900000E+01 8.401000E+01 8.401000E+01
181500 7.024680E+03 4.802000E+01 5.500000E+01 3.600000E+01 2.902000E+01 8.402000E+01 8.402000E+01
182000 7.024715E+03 4.800000E+01 5.500000E+01 3.600000E+01 2.900000E+01 8.400000E+01 8.400000E+01
182500 7.024749E+03 4.800000E+01 5.500000E+01 3.600000E+01 2.900000E+01 8.400000E+01 8.400000E+01
183000 7.024783E+03 4.800000E+01 5.500000E+01 3.600000E+01 2.900000E+01 8.400000E+01 8.400000E+01
183500 7.024818E+03 4.801000E+01 5.501000E+01 3.600000E+01 2.900000E+01 8.401000E+01 8.401000E+01
184000 7.024852E+03 4.804000E+01 5.541000E+01 3.637000E+01 2.900000E+01 8.441000E+01 8.441000E+01
184500 7.024887E+03 4.803000E+01 5.603000E+01 3.700000E+01 2.900000E+01 8.503000E+01 8.503000E+01
185000 7.024921E+03 4.800000E+01 5.600000E+01 3.700000E+01 2.900000E+01 8.500000E+01 8.500000E+01
185500 7.024955E+03 4.861000E+01 5.600000E+01 3.700000E+01 2.961000E+01 8.561000E+01 8.561000E+01
186000 7.024988E+03 4.961000E+01 5.661000E+01 3.700000E+01 3.000000E+01 8.661000E+01 8.661000E+01
186500 7.025020E+03 5.005000E+01 5.705000E+01 3.700000E+01 3.000000E+01 8.705000E+01 8.705000E+01
187000 7.025053E+03 5.000000E+01 5.700000E+01 3.700000E+01 3.000000E+01 8.700000E+01 8.700000E+01
187500 7.025086E+03 5.002000E+01 5.702000E+01 3.700000E+01 3.000000E+01 8.702000E+01 8.702000E+01
188000 7.025119E+03 5.001000E+01 5.701000E+01 3.700000E+01 3.000000E+01 8.701000E+01 8.701000E+01
188500 7.025151E+03 5.000000E+01 5.700000E+01 3.700000E+01 3.000000E+01 8.700000E+01 8.700000E+01
189000 7.025184E+03 5.000000E+01 5.700000E+01 3.700000E+01 3.000000E+01 8.700000E+01 8.700000E+01
189500 7.025218E+03 5.000000E+01 5.800000E+01 3.800000E+01 3.000000E+01 8.800000E+01 8.800000E+01
190000 7.025250E+03 5.001000E+01 5.801000E+01 3.800000E+01 3.000000E+01 8.801000E+01 8.801000E+01
190500 7.025283E+03 5.000000E+01 5.801000E+01 3.801000E+01 3.000000E+01 8.801000E+01 8.801000E+01
191000 7.025315E+03 5.001000E+01 5.801000E+01 3.800000E+01 3.000000E+01 8.801000E+01 8.801000E+01
191500 7.025348E+03 5.000000E+01 5.800000E+01 3.800000E+01 3.000000E+01 8.800000E+01 8.800000E+01
192000 7.025379E+03 5.000000E+01 5.800000E+01 3.800000E+01 3.000000E+01 8.800000E+01 8.800000E+01
192500 7.025411E+03 5.000000E+01 5.800000E+01 3.800000E+01 3.000000E+01 8.800000E+01 8.800000E+01
193000 7.025444E+03 5.000000E+01 5.800000E+01 3.800000E+01 3.000000E+01 8.800000E+01 8.800000E+01
193500 7.025476E+03 5.000000E+01 5.801000E+01 3.801000E+01 3.000000E+01 8.801000E+01 8.801000E+01
194000 7.025508E+03 5.064000E+01 5.902000E+01 3.900000E+01 3.062000E+01 8.964000E+01 8.964000E+01
194500 7.025539E+03 5.100000E+01 5.900000E+01 3.900000E+01 3.100000E+01 9.000000E+01 9.000000E+01
195000 7.025571E+03 5.108000E+01 5.908000E+01 3.900000E+01 3.100000E+01 9.008000E+01 9.008000E+01
195500 7.025603E+03 5.100000E+01 5.900000E+01 3.902000E+01 3.102000E+01 9.002000E+01 9.002000E+01
196000 7.025634E+03 5.100000E+01 5.900000E+01 4.000000E+01 3.200000E+01 9.100000E+01 9.100000E+01
196500 7.025666E+03 5.100000E+01 5.900000E+01 4.000000E+01 3.200000E+01 9.100000E+01 9.100000E+01
197000 7.025697E+03 5.100000E+01 5.900000E+01 4.000000E+01 3.200000E+01 9.100000E+01 9.100000E+01
197500 7.025729E+03 5.100000E+01 5.900000E+01 4.000000E+01 3.200000E+01 9.100000E+01 9.100000E+01
198000 7.025761E+03 5.200000E+01 6.000000E+01 4.000000E+01 3.200000E+01 9.200000E+01 9.200000E+01
198500 7.025792E+03 5.200000E+01 6.000000E+01 4.000000E+01 3.200000E+01 9.200000E+01 9.200000E+01
199000 7.025824E+03 5.200000E+01 6.000000E+01 4.000000E+01 3.200000E+01 9.200000E+01 9.200000E+01
199500 7.025855E+03 5.200000E+01 6.000000E+01 4.000000E+01 3.200000E+01 9.200000E+01 9.200000E+01
200000 7.025887E+03 5.200000E+01 6.000000E+01 4.000000E+01 3.200000E+01 9.200000E+01 9.200000E+01
200500 7.025919E+03 5.200000E+01 6.000000E+01 4.000000E+01 3.200000E+01 9.200000E+01 9.200000E+01
201000 7.025951E+03 5.200000E+01 6.000000E+01 4.000000E+01 3.200000E+01 9.200000E+01 9.200000E+01
201500 7.025983E+03 5.200000E+01 6.100000E+01 4.100000E+01 3.200000E+01 9.300000E+01 9.300000E+01
202000 7.026015E+03 5.300000E+01 6.200000E+01 4.200000E+01 3.300000E+01 9.500000E+01 9.500000E+01
202500 7.026047E+03 5.300000E+01 6.200000E+01 4.200000E+01 3.300000E+01 9.500000E+01 9.500000E+01
203000 7.026079E+03 5.300000E+01 6.200000E+01 4.300000E+01 3.400000E+01 9.600000E+01 9.600000E+01
203500 7.026111E+03 5.301000E+01 6.200000E+01 4.300000E+01 3.401000E+01 9.601000E+01 9.601000E+01
204000 7.026143E+03 5.300000E+01 6.200000E+01 4.300000E+01 3.400000E+01 9.600000E+01 9.600000E+01
204500 7.026175E+03 5.301000E+01 6.201000E+01 4.300000E+01 3.400000E+01 9.601000E+01 9.601000E+01
205000 7.026207E+03 5.300000E+01 6.200000E+01 4.300000E+01 3.400000E+01 9.600000E+01 9.600000E+01
205500 7.026239E+03 5.302000E+01 6.200000E+01 4.300000E+01 3.402000E+01 9.602000E+01 9.602000E+01
206000 7.026271E+03 5.300000E+01 6.200000E+01 4.349000E+01 3.449000E+01 9.649000E+01 9.649000E+01
206500 7.026303E+03 5.300000E+01 6.200000E+01 4.300000E+01 3.400000E+01 9.600000E+01 9.600000E+01
207000 7.026335E+03 5.300000E+01 6.200000E+01 4.300000E+01 3.400000E+01 9.600000E+01 9.600000E+01
207500 7.026367E+03 5.323000E+01 6.201000E+01 4.300000E+01 3.422000E+01 9.623000E+01 9.623000E+01
208000 7.026399E+03 5.300000E+01 6.200000E+01 4.300000E+01 3.400000E+01 9.600000E+01 9.600000E+01
208500 7.026431E+03 5.308000E+01 6.200000E+01 4.300000E+01 3.408000E+01 9.608000E+01 9.608000E+01
209000 7.026463E+03 5.300000E+01 6.200000E+01 4.300000E+01 3.400000E+01 9.600000E+01 9.600000E+01
209500 7.026494E+03 5.400000E+01 6.300000E+01 4.300000E+01 3.400000E+01 9.700000E+01 9.700000E+01
210000 7.026525E+03 5.400000E+01 6.302000E+01 4.302000E+01 3.400000E+01 9.702000E+01 9.702000E+01
210500 7.026556E+03 5.400000E+01 6.300000E+01 4.300000E+01 3.400000E+01 9.700000E+01 9.700000E+01
211000 7.026587E+03 5.400000E+01 6.303000E+01 4.303000E+01 3.400000E+01 9.703000E+01 9.703000E+01
211500 7.026617E+03 5.412000E+01 6.300000E+01 4.300000E+01 3.412000E+01 9.712000E+01 9.712000E+01
212000 7.026647E+03 5.401000E+01 6.300000E+01 4.300000E+01 3.401000E+01 9.701000E+01 9.701000E+01
212500 7.026678E+03 5.400000E+01 6.300000E+01 4.300000E+01 3.400000E+01 9.700000E+01 9.700000E+01
213000 7.026708E+03 5.400000E+01 6.300000E+01 4.300000E+01 3.400000E+01 9.700000E+01 9.700000E+01
213500 7.026739E+03 5.400000E+01 6.300000E+01 4.300000E+01 3.400000E+01 9.700000E+01 9.700000E+01
214000 7.026769E+03 5.401000E+01 6.301000E+01 4.300000E+01 3.400000E+01 9.701000E+01 9.701000E+01
214500 7.026800E+03 5.400000E+01 6.402000E+01 4.402000E+01 3.400000E+01 9.802000E+01 9.802000E+01
215000 7.026832E+03 5.402000E+01 6.403000E+01 4.401000E+01 3.400000E+01 9.803000E+01 9.803000E+01
215500 7.026864E+03 5.400000E+01 6.400000E+01 4.400000E+01 3.400000E+01 9.800000E+01 9.800000E+01
216000 7.026896E+03 5.400000E+01 6.400000E+01 4.400000E+01 3.400000E+01 9.800000E+01 9.800000E+01
216500 7.026928E+03 5.400000E+01 6.400000E+01 4.400000E+01 3.400000E+01 9.800000E+01 9.800000E+01
217000 7.026960E+03 5.400000E+01 6.400000E+01 4.400000E+01 3.400000E+01 9.800000E+01 9.800000E+01
217500 7.026992E+03 5.401000E+01 6.401000E+01 4.400000E+01 3.400000E+01 9.801000E+01 9.801000E+01
218000 7.027024E+03 5.400000E+01 6.400000E+01 4.400000E+01 3.400000E+01 9.800000E+01 9.800000E+01
218500 7.027055E+03 5.400000E+01 6.400000E+01 4.400000E+01 3.400000E+01 9.800000E+01 9.800000E+01
219000 7.027088E+03 5.409000E+01 6.400000E+01 4.400000E+01 3.409000E+01 9.809000E+01 9.809000E+01
219500 7.027120E+03 5.400000E+01 6.403000E+01 4.447000E+01 3.444000E+01 9.847000E+01 9.847000E+01
220000 7.027151E+03 5.400000E+01 6.401000E+01 4.501000E+01 3.500000E+01 9.901000E+01 9.901000E+01
220500 7.027183E+03 5.400000E+01 6.500000E+01 4.600000E+01 3.500000E+01 1.000000E+02 1.000000E+02
221000 7.027213E+03 5.400000E+01 6.500000E+01 4.600000E+01 3.500000E+01 1.000000E+02 1.000000E+02
221500 7.027244E+03 5.400000E+01 6.500000E+01 4.600000E+01 3.500000E+01 1.000000E+02 1.000000E+02
222000 7.027275E+03 5.400000E+01 6.500000E+01 4.600000E+01 3.500000E+01 1.000000E+02 1.000000E+02
222500 7.027307E+03 5.400000E+01 6.500000E+01 4.600000E+01 3.500000E+01 1.000000E+02 1.000000E+02
223000 7.027338E+03 5.400000E+01 6.500000E+01 4.600000E+01 3.500000E+01 1.000000E+02 1.000000E+02
223500 7.027370E+03 5.500000E+01 6.500000E+01 4.600000E+01 3.600000E+01 1.010000E+02 1.010000E+02
224000 7.027402E+03 5.500000E+01 6.500000E+01 4.600000E+01 3.600000E+01 1.010000E+02 1.010000E+02
224500 7.027434E+03 5.500000E+01 6.500000E+01 4.600000E+01 3.600000E+01 1.010000E+02 1.010000E+02
225000 7.027466E+03 5.510000E+01 6.500000E+01 4.600000E+01 3.610000E+01 1.011000E+02 1.011000E+02
225500 7.027498E+03 5.500000E+01 6.500000E+01 4.600000E+01 3.600000E+01 1.010000E+02 1.010000E+02
226000 7.027530E+03 5.543000E+01 6.540000E+01 4.600000E+01 3.603000E+01 1.014300E+02 1.014300E+02
226500 7.027562E+03 5.505000E+01 6.503000E+01 4.600000E+01 3.602000E+01 1.010500E+02 1.010500E+02
227000 7.027594E+03 5.500000E+01 6.525000E+01 4.686000E+01 3.661000E+01 1.018600E+02 1.018600E+02
227500 7.027627E+03 5.501000E+01 6.501000E+01 4.700000E+01 3.700000E+01 1.020100E+02 1.020100E+02
228000 7.027658E+03 5.500000E+01 6.500000E+01 4.700000E+01 3.700000E+01 1.020000E+02 1.020000E+02
228500 7.027690E+03 5.600000E+01 6.500000E+01 4.700000E+01 3.800000E+01 1.030000E+02 1.030000E+02
229000 7.027724E+03 5.600000E+01 6.500000E+01 4.778000E+01 3.878000E+01 1.037800E+02 1.037800E+02
229500 7.027756E+03 5.700000E+01 6.600000E+01 4.800000E+01 3.900000E+01 1.050000E+02 1.050000E+02
230000 7.027788E+03 5.700000E+01 6.700000E+01 4.900000E+01 3.900000E+01 1.060000E+02 1.060000E+02
230500 7.027819E+03 5.700000E+01 6.700000E+01 4.900000E+01 3.900000E+01 1.060000E+02 1.060000E+02
231000 7.027849E+03 5.701000E+01 6.701000E+01 4.900000E+01 3.900000E+01 1.060100E+02 1.060100E+02
231500 7.027880E+03 5.700000E+01 6.700000E+01 4.900000E+01 3.900000E+01 1.060000E+02 1.060000E+02
232000 7.027910E+03 5.700000E+01 6.700000E+01 4.900000E+01 3.900000E+01 1.060000E+02 1.060000E+02
232500 7.027940E+03 5.714000E+01 6.714000E+01 4.900000E+01 3.900000E+01 1.061400E+02 1.061400E+02
233000 7.027970E+03 5.755000E+01 6.755000E+01 4.900000E+01 3.900000E+01 1.065500E+02 1.065500E+02
233500 7.028000E+03 5.800000E+01 6.800000E+01 4.900000E+01 3.900000E+01 1.070000E+02 1.070000E+02
234000 7.028030E+03 5.801000E+01 6.802000E+01 4.901000E+01 3.900000E+01 1.070200E+02 1.070200E+02
234500 7.028060E+03 5.800000E+01 6.801000E+01 4.901000E+01 3.900000E+01 1.070100E+02 1.070100E+02
235000 7.028090E+03 5.800000E+01 6.800000E+01 4.900000E+01 3.900000E+01 1.070000E+02 1.070000E+02
235500 7.028120E+03 5.800000E+01 6.800000E+01 4.900000E+01 3.900000E+01 1.070000E+02 1.070000E+02
236000 7.028150E+03 5.800000E+01 6.800000E+01 4.900000E+01 3.900000E+01 1.070000E+02 1.070000E+02
236500 7.028180E+03 5.800000E+01 6.800000E+01 4.900000E+01 3.900000E+01 1.070000E+02 1.070000E+02
237000 7.028211E+03 5.800000E+01 6.800000E+01 4.900000E+01 3.900000E+01 1.070000E+02 1.070000E+02
237500 7.028241E+03 5.800000E+01 6.802000E+01 4.902000E+01 3.900000E+01 1.070200E+02 1.070200E+02
238000 7.028271E+03 5.900000E+01 6.901000E+01 4.901000E+01 3.900000E+01 1.080100E+02 1.080100E+02
238500 7.028299E+03 5.900000E+01 6.900000E+01 4.900000E+01 3.900000E+01 1.080000E+02 1.080000E+02
239000 7.028328E+03 5.900000E+01 6.900000E+01 4.900000E+01 3.900000E+01 1.080000E+02 1.080000E+02
239500 7.028358E+03 5.900000E+01 6.900000E+01 4.900000E+01 3.900000E+01 1.080000E+02 1.080000E+02
240000 7.028387E+03 5.900000E+01 6.900000E+01 4.900000E+01 3.900000E+01 1.080000E+02 1.080000E+02
240500 7.028416E+03 5.901000E+01 6.901000E+01 4.900000E+01 3.900000E+01 1.080100E+02 1.080100E+02
241000 7.028445E+03 5.931000E+01 6.900000E+01 4.900000E+01 3.931000E+01 1.083100E+02 1.083100E+02
241500 7.028474E+03 5.900000E+01 6.977000E+01 4.977000E+01 3.900000E+01 1.087700E+02 1.087700E+02
242000 7.028503E+03 5.900000E+01 7.000000E+01 5.000000E+01 3.900000E+01 1.090000E+02 1.090000E+02
242500 7.028531E+03 5.900000E+01 7.000000E+01 5.000000E+01 3.900000E+01 1.090000E+02 1.090000E+02
243000 7.028560E+03 6.000000E+01 7.100000E+01 5.000000E+01 3.900000E+01 1.100000E+02 1.100000E+02
243500 7.028589E+03 6.000000E+01 7.100000E+01 5.000000E+01 3.900000E+01 1.100000E+02 1.100000E+02
244000 7.028617E+03 6.001000E+01 7.101000E+01 5.000000E+01 3.900000E+01 1.100100E+02 1.100100E+02
244500 7.028646E+03 6.000000E+01 7.100000E+01 5.000000E+01 3.900000E+01 1.100000E+02 1.100000E+02
245000 7.028675E+03 6.000000E+01 7.100000E+01 5.000000E+01 3.900000E+01 1.100000E+02 1.100000E+02
245500 7.028704E+03 6.000000E+01 7.100000E+01 5.000000E+01 3.900000E+01 1.100000E+02 1.100000E+02
246000 7.028733E+03 6.000000E+01 7.100000E+01 5.008000E+01 3.908000E+01 1.100800E+02 1.100800E+02
246500 7.028762E+03 6.000000E+01 7.100000E+01 5.000000E+01 3.900000E+01 1.100000E+02 1.100000E+02
247000 7.028791E+03 6.100000E+01 7.300000E+01 5.100000E+01 3.900000E+01 1.120000E+02 1.120000E+02
247500 7.028819E+03 6.180000E+01 7.380000E+01 5.100000E+01 3.900000E+01 1.128000E+02 1.128000E+02
248000 7.028848E+03 6.100000E+01 7.300000E+01 5.100000E+01 3.900000E+01 1.120000E+02 1.120000E+02
248500 7.028877E+03 6.100000E+01 7.300000E+01 5.100000E+01 3.900000E+01 1.120000E+02 1.120000E+02
249000 7.028906E+03 6.100000E+01 7.300000E+01 5.100000E+01 3.900000E+01 1.120000E+02 1.120000E+02
249500 7.028934E+03 6.100000E+01 7.342000E+01 5.142000E+01 3.900000E+01 1.124200E+02 1.124200E+02
250000 7.028963E+03 6.102000E+01 7.302000E+01 5.103000E+01 3.903000E+01 1.120500E+02 1.120500E+02
250500 7.028991E+03 6.201000E+01 7.301000E+01 5.100000E+01 4.000000E+01 1.130100E+02 1.130100E+02
251000 7.029019E+03 6.303000E+01 7.303000E+01 5.100000E+01 4.100000E+01 1.140300E+02 1.140300E+02
251500 7.029047E+03 6.303000E+01 7.400000E+01 5.200000E+01 4.103000E+01 1.150300E+02 1.150300E+02
252000 7.029075E+03 6.300000E+01 7.400000E+01 5.200000E+01 4.100000E+01 1.150000E+02 1.150000E+02
252500 7.029104E+03 6.302000E+01 7.402000E+01 5.200000E+01 4.100000E+01 1.150200E+02 1.150200E+02
253000 7.029132E+03 6.300000E+01 7.401000E+01 5.201000E+01 4.100000E+01 1.150100E+02 1.150100E+02
253500 7.029161E+03 6.300000E+01 7.400000E+01 5.200000E+01 4.100000E+01 1.150000E+02 1.150000E+02
254000 7.029190E+03 6.400000E+01 7.500000E+01 5.200000E+01 4.100000E+01 1.160000E+02 1.160000E+02
254500 7.029220E+03 6.400000E+01 7.500000E+01 5.200000E+01 4.100000E+01 1.160000E+02 1.160000E+02
255000 7.029249E+03 6.401000E+01 7.501000E+01 5.200000E+01 4.100000E+01 1.160100E+02 1.160100E+02
255500 7.029278E+03 6.401000E+01 7.500000E+01 5.200000E+01 4.101000E+01 1.160100E+02 1.160100E+02
256000 7.029307E+03 6.400000E+01 7.500000E+01 5.300000E+01 4.200000E+01 1.170000E+02 1.170000E+02
256500 7.029337E+03 6.400000E+01 7.500000E+01 5.300000E+01 4.200000E+01 1.170000E+02 1.170000E+02
257000 7.029366E+03 6.400000E+01 7.500000E+01 5.300000E+01 4.200000E+01 1.170000E+02 1.170000E+02
257500 7.029395E+03 6.400000E+01 7.500000E+01 5.300000E+01 4.200000E+01 1.170000E+02 1.170000E+02
258000 7.029424E+03 6.400000E+01 7.500000E+01 5.300000E+01 4.200000E+01 1.170000E+02 1.170000E+02
258500 7.029453E+03 6.400000E+01 7.500000E+01 5.300000E+01 4.200000E+01 1.170000E+02 1.170000E+02
259000 7.029482E+03 6.400000E+01 7.500000E+01 5.300000E+01 4.200000E+01 1.170000E+02 1.170000E+02
259500 7.029512E+03 6.400000E+01 7.500000E+01 5.300000E+01 4.200000E+01 1.170000E+02 1.170000E+02
260000 7.029541E+03 6.400000E+01 7.500000E+01 5.300000E+01 4.200000E+01 1.170000E+02 1.170000E+02
260500 7.029570E+03 6.400000E+01 7.500000E+01 5.300000E+01 4.200000E+01 1.170000E+02 1.170000E+02
261000 7.029599E+03 6.400000E+01 7.500000E+01 5.300000E+01 4.200000E+01 1.170000E+02 1.170000E+02
261500 7.029628E+03 6.402000E+01 7.502000E+01 5.300000E+01 4.200000E+01 1.170200E+02 1.170200E+02
262000 7.029657E+03 6.400000E+01 7.512000E+01 5.312000E+01 4.200000E+01 1.171200E+02 1.171200E+02
262500 7.029685E+03 6.400000E+01 7.500000E+01 5.300000E+01 4.200000E+01 1.170000E+02 1.170000E+02
263000 7.029714E+03 6.400000E+01 7.500000E+01 5.300000E+01 4.200000E+01 1.170000E+02 1.170000E+02
263500 7.029743E+03 6.402000E+01 7.502000E+01 5.300000E+01 4.200000E+01 1.170200E+02 1.170200E+02
264000 7.029772E+03 6.401000E+01 7.500000E+01 5.300000E+01 4.201000E+01 1.170100E+02 1.170100E+02
264500 7.029801E+03 6.402000E+01 7.502000E+01 5.300000E+01 4.200000E+01 1.170200E+02 1.170200E+02
265000 7.029830E+03 6.400000E+01 7.500000E+01 5.300000E+01 4.200000E+01 1.170000E+02 1.170000E+02
265500 7.029860E+03 6.400000E+01 7.500000E+01 5.300000E+01 4.200000E+01 1.170000E+02 1.170000E+02
266000 7.029889E+03 6.509000E+01 7.509000E+01 5.300000E+01 4.300000E+01 1.180900E+02 1.180900E+02
266500 7.029918E+03 6.500000E+01 7.500000E+01 5.300000E+01 4.300000E+01 1.180000E+02 1.180000E+02
267000 7.029947E+03 6.500000E+01 7.500000E+01 5.300000E+01 4.300000E+01 1.180000E+02 1.180000E+02
267500 7.029975E+03 6.500000E+01 7.500000E+01 5.300000E+01 4.300000E+01 1.180000E+02 1.180000E+02
268000 7.030004E+03 6.500000E+01 7.500000E+01 5.300000E+01 4.300000E+01 1.180000E+02 1.180000E+02
268500 7.030033E+03 6.500000E+01 7.500000E+01 5.300000E+01 4.300000E+01 1.180000E+02 1.180000E+02
269000 7.030062E+03 6.500000E+01 7.500000E+01 5.300000E+01 4.300000E+01 1.180000E+02 1.180000E+02
269500 7.030091E+03 6.501000E+01 7.501000E+01 5.300000E+01 4.300000E+01 1.180100E+02 1.180100E+02
270000 7.030121E+03 6.500000E+01 7.500000E+01 5.300000E+01 4.300000E+01 1.180000E+02 1.180000E+02
270500 7.030150E+03 6.500000E+01 7.500000E+01 5.300000E+01 4.300000E+01 1.180000E+02 1.180000E+02
271000 7.030178E+03 6.500000E+01 7.500000E+01 5.300000E+01 4.300000E+01 1.180000E+02 1.180000E+02
271500 7.030207E+03 6.500000E+01 7.500000E+01 5.300000E+01 4.300000E+01 1.180000E+02 1.180000E+02
272000 7.030236E+03 6.600000E+01 7.600000E+01 5.300000E+01 4.300000E+01 1.190000E+02 1.190000E+02
272500 7.030266E+03 6.600000E+01 7.600000E+01 5.300000E+01 4.300000E+01 1.190000E+02 1.190000E+02
273000 7.030296E+03 6.600000E+01 7.600000E+01 5.300000E+01 4.300000E+01 1.190000E+02 1.190000E+02
273500 7.030326E+03 6.600000E+01 7.600000E+01 5.300000E+01 4.300000E+01 1.190000E+02 1.190000E+02
274000 7.030355E+03 6.600000E+01 7.600000E+01 5.303000E+01 4.303000E+01 1.190300E+02 1.190300E+02
274500 7.030385E+03 6.600000E+01 7.600000E+01 5.300000E+01 4.300000E+01 1.190000E+02 1.190000E+02
275000 7.030414E+03 6.603000E+01 7.603000E+01 5.300000E+01 4.300000E+01 1.190300E+02 1.190300E+02
275500 7.030443E+03 6.600000E+01 7.600000E+01 5.300000E+01 4.300000E+01 1.190000E+02 1.190000E+02
276000 7.030473E+03 6.600000E+01 7.600000E+01 5.300000E+01 4.300000E+01 1.190000E+02 1.190000E+02
276500 7.030502E+03 6.600000E+01 7.600000E+01 5.300000E+01 4.300000E+01 1.190000E+02 1.190000E+02
277000 7.030531E+03 6.700000E+01 7.600000E+01 5.300000E+01 4.400000E+01 1.200000E+02 1.200000E+02
277500 7.030560E+03 6.700000E+01 7.600000E+01 5.300000E+01 4.400000E+01 1.200000E+02 1.200000E+02
278000 7.030588E+03 6.700000E+01 7.600000E+01 5.300000E+01 4.400000E+01 1.200000E+02 1.200000E+02
278500 7.030617E+03 6.700000E+01 7.600000E+01 5.300000E+01 4.400000E+01 1.200000E+02 1.200000E+02
279000 7.030646E+03 6.700000E+01 7.600000E+01 5.400000E+01 4.500000E+01 1.210000E+02 1.210000E+02
279500 7.030675E+03 6.700000E+01 7.600000E+01 5.400000E+01 4.500000E+01 1.210000E+02 1.210000E+02
280000 7.030704E+03 6.700000E+01 7.600000E+01 5.400000E+01 4.500000E+01 1.210000E+02 1.210000E+02
280500 7.030733E+03 6.700000E+01 7.600000E+01 5.400000E+01 4.500000E+01 1.210000E+02 1.210000E+02
281000 7.030761E+03 6.700000E+01 7.600000E+01 5.400000E+01 4.500000E+01 1.210000E+02 1.210000E+02
281500 7.030791E+03 6.706000E+01 7.700000E+01 5.500000E+01 4.506000E+01 1.220600E+02 1.220600E+02
282000 7.030820E+03 6.700000E+01 7.700000E+01 5.500000E+01 4.500000E+01 1.220000E+02 1.220000E+02
282500 7.030850E+03 6.702000E+01 7.702000E+01 5.500000E+01 4.500000E+01 1.220200E+02 1.220200E+02
283000 7.030880E+03 6.700000E+01 7.700000E+01 5.500000E+01 4.500000E+01 1.220000E+02 1.220000E+02
283500 7.030909E+03 6.702000E+01 7.702000E+01 5.500000E+01 4.500000E+01 1.220200E+02 1.220200E+02
284000 7.030939E+03 6.703000E+01 7.703000E+01 5.500000E+01 4.500000E+01 1.220300E+02 1.220300E+02
284500 7.030970E+03 6.700000E+01 7.700000E+01 5.500000E+01 4.500000E+01 1.220000E+02 1.220000E+02
285000 7.031000E+03 6.700000E+01 7.700000E+01 5.500000E+01 4.500000E+01 1.220000E+02 1.220000E+02
285500 7.031030E+03 6.707000E+01 7.707000E+01 5.500000E+01 4.500000E+01 1.220700E+02 1.220700E+02
286000 7.031060E+03 6.701000E+01 7.801000E+01 5.600000E+01 4.500000E+01 1.230100E+02 1.230100E+02
286500 7.031090E+03 6.701000E+01 7.801000E+01 5.600000E+01 4.500000E+01 1.230100E+02 1.230100E+02
287000 7.031120E+03 6.700000E+01 7.800000E+01 5.600000E+01 4.500000E+01 1.230000E+02 1.230000E+02
287500 7.031150E+03 6.700000E+01 7.800000E+01 5.600000E+01 4.500000E+01 1.230000E+02 1.230000E+02
288000 7.031180E+03 6.700000E+01 7.800000E+01 5.600000E+01 4.500000E+01 1.230000E+02 1.230000E+02
288500 7.031209E+03 6.700000E+01 7.800000E+01 5.600000E+01 4.500000E+01 1.230000E+02 1.230000E+02
289000 7.031239E+03 6.719000E+01 7.872000E+01 5.653000E+01 4.500000E+01 1.237200E+02 1.237200E+02
289500 7.031267E+03 6.700000E+01 7.900000E+01 5.700000E+01 4.500000E+01 1.240000E+02 1.240000E+02
290000 7.031296E+03 6.700000E+01 8.000000E+01 5.800000E+01 4.500000E+01 1.250000E+02 1.250000E+02
290500 7.031324E+03 6.700000E+01 8.000000E+01 5.800000E+01 4.500000E+01 1.250000E+02 1.250000E+02
291000 7.031352E+03 6.700000E+01 8.000000E+01 5.800000E+01 4.500000E+01 1.250000E+02 1.250000E+02
291500 7.031381E+03 6.701000E+01 8.000000E+01 5.800000E+01 4.501000E+01 1.250100E+02 1.250100E+02
292000 7.031409E+03 6.700000E+01 8.000000E+01 5.800000E+01 4.500000E+01 1.250000E+02 1.250000E+02
292500 7.031437E+03 6.800000E+01 8.100000E+01 5.800000E+01 4.500000E+01 1.260000E+02 1.260000E+02
293000 7.031465E+03 6.801000E+01 8.104000E+01 5.903000E+01 4.600000E+01 1.270400E+02 1.270400E+02
293500 7.031493E+03 6.901000E+01 8.300000E+01 6.000000E+01 4.601000E+01 1.290100E+02 1.290100E+02
294000 7.031521E+03 6.900000E+01 8.305000E+01 6.005000E+01 4.600000E+01 1.290500E+02 1.290500E+02
294500 7.031549E+03 6.900000E+01 8.300000E+01 6.000000E+01 4.600000E+01 1.290000E+02 1.290000E+02
295000 7.031577E+03 6.900000E+01 8.300000E+01 6.000000E+01 4.600000E+01 1.290000E+02 1.290000E+02
295500 7.031605E+03 6.900000E+01 8.300000E+01 6.000000E+01 4.600000E+01 1.290000E+02 1.290000E+02
296000 7.031633E+03 6.900000E+01 8.300000E+01 6.000000E+01 4.600000E+01 1.290000E+02 1.290000E+02
296500 7.031661E+03 6.902000E+01 8.302000E+01 6.000000E+01 4.600000E+01 1.290200E+02 1.290200E+02
297000 7.031688E+03 6.900000E+01 8.300000E+01 6.000000E+01 4.600000E+01 1.290000E+02 1.290000E+02
297500 7.031716E+03 6.902000E+01 8.302000E+01 6.000000E+01 4.600000E+01 1.290200E+02 1.290200E+02
298000 7.031743E+03 6.900000E+01 8.300000E+01 6.000000E+01 4.600000E+01 1.290000E+02 1.290000E+02
298500 7.031771E+03 6.900000E+01 8.303000E+01 6.003000E+01 4.600000E+01 1.290300E+02 1.290300E+02
299000 7.031799E+03 6.902000E+01 8.302000E+01 6.000000E+01 4.600000E+01 1.290200E+02 1.290200E+02
299500 7.031826E+03 6.901000E+01 8.301000E+01 6.000000E+01 4.600000E+01 1.290100E+02 1.290100E+02
300000 7.031854E+03 7.000000E+01 8.336000E+01 6.036000E+01 4.700000E+01 1.303600E+02 1.303600E+02
300500 7.031883E+03 7.000000E+01 8.300000E+01 6.000000E+01 4.700000E+01 1.300000E+02 1.300000E+02
301000 7.031910E+03 7.000000E+01 8.300000E+01 6.000000E+01 4.700000E+01 1.300000E+02 1.300000E+02
301500 7.031938E+03 7.000000E+01 8.300000E+01 6.000000E+01 4.700000E+01 1.300000E+02 1.300000E+02
302000 7.031966E+03 7.000000E+01 8.300000E+01 6.000000E+01 4.700000E+01 1.300000E+02 1.300000E+02
302500 7.031994E+03 7.001000E+01 8.301000E+01 6.000000E+01 4.700000E+01 1.300100E+02 1.300100E+02
303000 7.032022E+03 7.002000E+01 8.302000E+01 6.000000E+01 4.700000E+01 1.300200E+02 1.300200E+02
303500 7.032050E+03 7.000000E+01 8.300000E+01 6.000000E+01 4.700000E+01 1.300000E+02 1.300000E+02
304000 7.032078E+03 7.014000E+01 8.314000E+01 6.000000E+01 4.700000E+01 1.301400E+02 1.301400E+02
304500 7.032106E+03 7.000000E+01 8.300000E+01 6.000000E+01 4.700000E+01 1.300000E+02 1.300000E+02
305000 7.032133E+03 7.000000E+01 8.300000E+01 6.000000E+01 4.700000E+01 1.300000E+02 1.300000E+02
305500 7.032162E+03 7.008000E+01 8.308000E+01 6.000000E+01 4.700000E+01 1.300800E+02 1.300800E+02
306000 7.032189E+03 7.003000E+01 8.303000E+01 6.000000E+01 4.700000E+01 1.300300E+02 1.300300E+02
306500 7.032218E+03 7.000000E+01 8.300000E+01 6.000000E+01 4.700000E+01 1.300000E+02 1.300000E+02
307000 7.032246E+03 7.000000E+01 8.300000E+01 6.000000E+01 4.700000E+01 1.300000E+02 1.300000E+02
307500 7.032274E+03 7.000000E+01 8.300000E+01 6.000000E+01 4.700000E+01 1.300000E+02 1.300000E+02
308000 7.032303E+03 7.000000E+01 8.300000E+01 6.000000E+01 4.700000E+01 1.300000E+02 1.300000E+02
308500 7.032332E+03 7.000000E+01 8.300000E+01 6.000000E+01 4.700000E+01 1.300000E+02 1.300000E+02
309000 7.032360E+03 7.103000E+01 8.403000E+01 6.100000E+01 4.800000E+01 1.320300E+02 1.320300E+02
309500 7.032387E+03 7.101000E+01 8.400000E+01 6.100000E+01 4.801000E+01 1.320100E+02 1.320100E+02
310000 7.032416E+03 7.101000E+01 8.400000E+01 6.100000E+01 4.801000E+01 1.320100E+02 1.320100E+02
310500 7.032443E+03 7.100000E+01 8.401000E+01 6.101000E+01 4.800000E+01 1.320100E+02 1.320100E+02
311000 7.032471E+03 7.100000E+01 8.400000E+01 6.100000E+01 4.800000E+01 1.320000E+02 1.320000E+02
311500 7.032499E+03 7.100000E+01 8.400000E+01 6.100000E+01 4.800000E+01 1.320000E+02 1.320000E+02
312000 7.032527E+03 7.100000E+01 8.400000E+01 6.100000E+01 4.800000E+01 1.320000E+02 1.320000E+02
312500 7.032555E+03 7.100000E+01 8.400000E+01 6.100000E+01 4.800000E+01 1.320000E+02 1.320000E+02
313000 7.032583E+03 7.100000E+01 8.400000E+01 6.100000E+01 4.800000E+01 1.320000E+02 1.320000E+02
313500 7.032611E+03 7.100000E+01 8.400000E+01 6.100000E+01 4.800000E+01 1.320000E+02 1.320000E+02
314000 7.032638E+03 7.110000E+01 8.410000E+01 6.100000E+01 4.800000E+01 1.321000E+02 1.321000E+02
314500 7.032667E+03 7.210000E+01 8.504000E+01 6.100000E+01 4.806000E+01 1.331000E+02 1.331000E+02
315000 7.032695E+03 7.200000E+01 8.500000E+01 6.100000E+01 4.800000E+01 1.330000E+02 1.330000E+02
315500 7.032724E+03 7.200000E+01 8.500000E+01 6.100000E+01 4.800000E+01 1.330000E+02 1.330000E+02
316000 7.032752E+03 7.200000E+01 8.600000E+01 6.200000E+01 4.800000E+01 1.340000E+02 1.340000E+02
316500 7.032780E+03 7.200000E+01 8.600000E+01 6.200000E+01 4.800000E+01 1.340000E+02 1.340000E+02
317000 7.032808E+03 7.200000E+01 8.600000E+01 6.200000E+01 4.800000E+01 1.340000E+02 1.340000E+02
317500 7.032837E+03 7.200000E+01 8.600000E+01 6.200000E+01 4.800000E+01 1.340000E+02 1.340000E+02
318000 7.032865E+03 7.200000E+01 8.600000E+01 6.200000E+01 4.800000E+01 1.340000E+02 1.340000E+02
318500 7.032893E+03 7.200000E+01 8.600000E+01 6.200000E+01 4.800000E+01 1.340000E+02 1.340000E+02
319000 7.032922E+03 7.300000E+01 8.702000E+01 6.202000E+01 4.800000E+01 1.350200E+02 1.350200E+02
319500 7.032950E+03 7.300000E+01 8.700000E+01 6.200000E+01 4.800000E+01 1.350000E+02 1.350000E+02
320000 7.032979E+03 7.301000E+01 8.701000E+01 6.200000E+01 4.800000E+01 1.350100E+02 1.350100E+02
320500 7.033007E+03 7.324000E+01 8.700000E+01 6.200000E+01 4.824000E+01 1.352400E+02 1.352400E+02
321000 7.033036E+03 7.300000E+01 8.700000E+01 6.200000E+01 4.800000E+01 1.350000E+02 1.350000E+02
321500 7.033064E+03 7.300000E+01 8.700000E+01 6.200000E+01 4.800000E+01 1.350000E+02 1.350000E+02
322000 7.033093E+03 7.300000E+01 8.700000E+01 6.200000E+01 4.800000E+01 1.350000E+02 1.350000E+02
322500 7.033121E+03 7.320000E+01 8.720000E+01 6.200000E+01 4.800000E+01 1.352000E+02 1.352000E+02
323000 7.033149E+03 7.300000E+01 8.700000E+01 6.200000E+01 4.800000E+01 1.350000E+02 1.350000E+02
323500 7.033178E+03 7.300000E+01 8.700000E+01 6.200000E+01 4.800000E+01 1.350000E+02 1.350000E+02
324000 7.033207E+03 7.302000E+01 8.702000E+01 6.200000E+01 4.800000E+01 1.350200E+02 1.350200E+02
324500 7.033236E+03 7.402000E+01 8.700000E+01 6.200000E+01 4.902000E+01 1.360200E+02 1.360200E+02
325000 7.033265E+03 7.423000E+01 8.800000E+01 6.300000E+01 4.923000E+01 1.372300E+02 1.372300E+02
325500 7.033293E+03 7.400000E+01 8.800000E+01 6.300000E+01 4.900000E+01 1.370000E+02 1.370000E+02
326000 7.033321E+03 7.400000E+01 8.800000E+01 6.300000E+01 4.900000E+01 1.370000E+02 1.370000E+02
326500 7.033349E+03 7.400000E+01 8.800000E+01 6.300000E+01 4.900000E+01 1.370000E+02 1.370000E+02
327000 7.033377E+03 7.400000E+01 8.800000E+01 6.300000E+01 4.900000E+01 1.370000E+02 1.370000E+02
327500 7.033406E+03 7.400000E+01 8.800000E+01 6.300000E+01 4.900000E+01 1.370000E+02 1.370000E+02
328000 7.033434E+03 7.400000E+01 8.803000E+01 6.303000E+01 4.900000E+01 1.370300E+02 1.370300E+02
328500 7.033462E+03 7.401000E+01 8.803000E+01 6.307000E+01 4.905000E+01 1.370800E+02 1.370800E+02
329000 7.033490E+03 7.461000E+01 8.800000E+01 6.300000E+01 4.961000E+01 1.376100E+02 1.376100E+02
329500 7.033519E+03 7.501000E+01 8.801000E+01 6.300000E+01 5.000000E+01 1.380100E+02 1.380100E+02
330000 7.033548E+03 7.512000E+01 8.800000E+01 6.300000E+01 5.012000E+01 1.381200E+02 1.381200E+02
330500 7.033577E+03 7.500000E+01 8.803000E+01 6.303000E+01 5.000000E+01 1.380300E+02 1.380300E+02
331000 7.033606E+03 7.500000E+01 8.800000E+01 6.300000E+01 5.000000E+01 1.380000E+02 1.380000E+02
331500 7.033635E+03 7.500000E+01 8.800000E+01 6.300000E+01 5.000000E+01 1.380000E+02 1.380000E+02
332000 7.033665E+03 7.500000E+01 8.800000E+01 6.300000E+01 5.000000E+01 1.380000E+02 1.380000E+02
332500 7.033694E+03 7.500000E+01 8.801000E+01 6.301000E+01 5.000000E+01 1.380100E+02 1.380100E+02
333000 7.033722E+03 7.503000E+01 8.803000E+01 6.300000E+01 5.000000E+01 1.380300E+02 1.380300E+02
333500 7.033751E+03 7.501000E+01 8.801000E+01 6.400000E+01 5.100000E+01 1.390100E+02 1.390100E+02
334000 7.033781E+03 7.504000E+01 8.804000E+01 6.400000E+01 5.100000E+01 1.390400E+02 1.390400E+02
334500 7.033809E+03 7.533000E+01 8.833000E+01 6.400000E+01 5.100000E+01 1.393300E+02 1.393300E+02
335000 7.033838E+03 7.509000E+01 8.809000E+01 6.400000E+01 5.100000E+01 1.390900E+02 1.390900E+02
335500 7.033867E+03 7.500000E+01 8.800000E+01 6.403000E+01 5.103000E+01 1.390300E+02 1.390300E+02
336000 7.033896E+03 7.509000E+01 8.800000E+01 6.400000E+01 5.109000E+01 1.390900E+02 1.390900E+02
336500 7.033926E+03 7.503000E+01 8.800000E+01 6.400000E+01 5.103000E+01 1.390300E+02 1.390300E+02
337000 7.033955E+03 7.500000E+01 8.800000E+01 6.400000E+01 5.100000E+01 1.390000E+02 1.390000E+02
337500 7.033984E+03 7.500000E+01 8.800000E+01 6.500000E+01 5.200000E+01 1.400000E+02 1.400000E+02
338000 7.034013E+03 7.500000E+01 8.800000E+01 6.500000E+01 5.200000E+01 1.400000E+02 1.400000E+02
338500 7.034043E+03 7.500000E+01 8.800000E+01 6.500000E+01 5.200000E+01 1.400000E+02 1.400000E+02
339000 7.034072E+03 7.500000E+01 8.800000E+01 6.500000E+01 5.200000E+01 1.400000E+02 1.400000E+02
339500 7.034101E+03 7.500000E+01 8.800000E+01 6.500000E+01 5.200000E+01 1.400000E+02 1.400000E+02
340000 7.034130E+03 7.500000E+01 8.800000E+01 6.500000E+01 5.200000E+01 1.400000E+02 1.400000E+02
340500 7.034159E+03 7.500000E+01 8.800000E+01 6.500000E+01 5.200000E+01 1.400000E+02 1.400000E+02
341000 7.034188E+03 7.500000E+01 8.800000E+01 6.500000E+01 5.200000E+01 1.400000E+02 1.400000E+02
341500 7.034217E+03 7.502000E+01 8.802000E+01 6.500000E+01 5.200000E+01 1.400200E+02 1.400200E+02
342000 7.034246E+03 7.502000E+01 8.900000E+01 6.600000E+01 5.202000E+01 1.410200E+02 1.410200E+02
342500 7.034275E+03 7.501000E+01 8.901000E+01 6.600000E+01 5.200000E+01 1.410100E+02 1.410100E+02
343000 7.034304E+03 7.500000E+01 8.900000E+01 6.600000E+01 5.200000E+01 1.410000E+02 1.410000E+02
343500 7.034333E+03 7.500000E+01 8.900000E+01 6.600000E+01 5.200000E+01 1.410000E+02 1.410000E+02
344000 7.034361E+03 7.603000E+01 8.901000E+01 6.600000E+01 5.302000E+01 1.420300E+02 1.420300E+02
344500 7.034389E+03 7.600000E+01 8.900000E+01 6.600000E+01 5.300000E+01 1.420000E+02 1.420000E+02
345000 7.034417E+03 7.605000E+01 8.905000E+01 6.600000E+01 5.300000E+01 1.420500E+02 1.420500E+02
345500 7.034445E+03 7.600000E+01 8.900000E+01 6.600000E+01 5.300000E+01 1.420000E+02 1.420000E+02
346000 7.034474E+03 7.600000E+01 8.900000E+01 6.600000E+01 5.300000E+01 1.420000E+02 1.420000E+02
346500 7.034501E+03 7.601000E+01 8.901000E+01 6.600000E+01 5.300000E+01 1.420100E+02 1.420100E+02
347000 7.034529E+03 7.620000E+01 8.900000E+01 6.600000E+01 5.320000E+01 1.422000E+02 1.422000E+02
347500 7.034557E+03 7.601000E+01 8.900000E+01 6.600000E+01 5.301000E+01 1.420100E+02 1.420100E+02
348000 7.034585E+03 7.607000E+01 8.907000E+01 6.600000E+01 5.300000E+01 1.420700E+02 1.420700E+02
348500 7.034613E+03 7.600000E+01 8.900000E+01 6.600000E+01 5.300000E+01 1.420000E+02 1.420000E+02
349000 7.034641E+03 7.614000E+01 8.914000E+01 6.600000E+01 5.300000E+01 1.421400E+02 1.421400E+02
349500 7.034668E+03 7.700000E+01 8.900000E+01 6.700000E+01 5.500000E+01 1.440000E+02 1.440000E+02
350000 7.034697E+03 7.700000E+01 8.900000E+01 6.700000E+01 5.500000E+01 1.440000E+02 1.440000E+02
350500 7.034725E+03 7.753000E+01 8.953000E+01 6.700000E+01 5.500000E+01 1.445300E+02 1.445300E+02
351000 7.034753E+03 7.700000E+01 8.900000E+01 6.700000E+01 5.500000E+01 1.440000E+02 1.440000E+02
351500 7.034781E+03 7.703000E+01 8.900000E+01 6.700000E+01 5.503000E+01 1.440300E+02 1.440300E+02
352000 7.034808E+03 7.711000E+01 8.900000E+01 6.700000E+01 5.511000E+01 1.441100E+02 1.441100E+02
352500 7.034836E+03 7.701000E+01 8.900000E+01 6.700000E+01 5.501000E+01 1.440100E+02 1.440100E+02
353000 7.034864E+03 7.833000E+01 9.033000E+01 6.700000E+01 5.500000E+01 1.453300E+02 1.453300E+02
353500 7.034892E+03 7.901000E+01 9.100000E+01 6.700000E+01 5.501000E+01 1.460100E+02 1.460100E+02
354000 7.034920E+03 7.906000E+01 9.100000E+01 6.700000E+01 5.506000E+01 1.460600E+02 1.460600E+02
354500 7.034948E+03 7.906000E+01 9.206000E+01 6.800000E+01 5.500000E+01 1.470600E+02 1.470600E+02
355000 7.034975E+03 7.900000E+01 9.200000E+01 6.800000E+01 5.500000E+01 1.470000E+02 1.470000E+02
355500 7.035004E+03 7.902000E+01 9.202000E+01 6.800000E+01 5.500000E+01 1.470200E+02 1.470200E+02
356000 7.035032E+03 7.906000E+01 9.206000E+01 6.800000E+01 5.500000E+01 1.470600E+02 1.470600E+02
356500 7.035060E+03 7.900000E+01 9.200000E+01 6.800000E+01 5.500000E+01 1.470000E+02 1.470000E+02
357000 7.035089E+03 7.901000E+01 9.301000E+01 6.900000E+01 5.500000E+01 1.480100E+02 1.480100E+02
357500 7.035118E+03 7.900000E+01 9.300000E+01 6.900000E+01 5.500000E+01 1.480000E+02 1.480000E+02
358000 7.035146E+03 7.900000E+01 9.300000E+01 6.900000E+01 5.500000E+01 1.480000E+02 1.480000E+02
358500 7.035175E+03 7.900000E+01 9.300000E+01 6.900000E+01 5.500000E+01 1.480000E+02 1.480000E+02
359000 7.035204E+03 7.900000E+01 9.300000E+01 6.900000E+01 5.500000E+01 1.480000E+02 1.480000E+02
359500 7.035232E+03 7.900000E+01 9.300000E+01 6.900000E+01 5.500000E+01 1.480000E+02 1.480000E+02
360000 7.035261E+03 7.900000E+01 9.300000E+01 6.900000E+01 5.500000E+01 1.480000E+02 1.480000E+02
360500 7.035290E+03 7.900000E+01 9.300000E+01 6.900000E+01 5.500000E+01 1.480000E+02 1.480000E+02
361000 7.035319E+03 7.900000E+01 9.300000E+01 6.900000E+01 5.500000E+01 1.480000E+02 1.480000E+02
361500 7.035348E+03 7.900000E+01 9.400000E+01 7.000000E+01 5.500000E+01 1.490000E+02 1.490000E+02
362000 7.035376E+03 7.903000E+01 9.403000E+01 7.000000E+01 5.500000E+01 1.490300E+02 1.490300E+02
362500 7.035405E+03 7.900000E+01 9.400000E+01 7.000000E+01 5.500000E+01 1.490000E+02 1.490000E+02
363000 7.035434E+03 7.900000E+01 9.439000E+01 7.039000E+01 5.500000E+01 1.493900E+02 1.493900E+02
363500 7.035463E+03 7.929000E+01 9.429000E+01 7.023000E+01 5.523000E+01 1.495200E+02 1.495200E+02
364000 7.035492E+03 7.906000E+01 9.406000E+01 7.100000E+01 5.600000E+01 1.500600E+02 1.500600E+02
364500 7.035520E+03 7.900000E+01 9.400000E+01 7.100000E+01 5.600000E+01 1.500000E+02 1.500000E+02
365000 7.035548E+03 7.903000E+01 9.403000E+01 7.100000E+01 5.600000E+01 1.500300E+02 1.500300E+02
365500 7.035577E+03 7.940000E+01 9.400000E+01 7.100000E+01 5.640000E+01 1.504000E+02 1.504000E+02
366000 7.035605E+03 7.900000E+01 9.400000E+01 7.100000E+01 5.600000E+01 1.500000E+02 1.500000E+02
366500 7.035634E+03 7.900000E+01 9.400000E+01 7.100000E+01 5.600000E+01 1.500000E+02 1.500000E+02
367000 7.035662E+03 8.000000E+01 9.500000E+01 7.100000E+01 5.600000E+01 1.510000E+02 1.510000E+02
367500 7.035691E+03 8.000000E+01 9.501000E+01 7.101000E+01 5.600000E+01 1.510100E+02 1.510100E+02
368000 7.035721E+03 8.000000E+01 9.500000E+01 7.100000E+01 5.600000E+01 1.510000E+02 1.510000E+02
368500 7.035750E+03 8.000000E+01 9.551000E+01 7.151000E+01 5.600000E+01 1.515100E+02 1.515100E+02
369000 7.035780E+03 8.000000E+01 9.600000E+01 7.300000E+01 5.700000E+01 1.530000E+02 1.530000E+02
369500 7.035809E+03 8.000000E+01 9.600000E+01 7.300000E+01 5.700000E+01 1.530000E+02 1.530000E+02
370000 7.035839E+03 8.000000E+01 9.600000E+01 7.300000E+01 5.700000E+01 1.530000E+02 1.530000E+02
370500 7.035869E+03 8.000000E+01 9.600000E+01 7.300000E+01 5.700000E+01 1.530000E+02 1.530000E+02
371000 7.035899E+03 8.003000E+01 9.600000E+01 7.300000E+01 5.703000E+01 1.530300E+02 1.530300E+02
371500 7.035929E+03 8.000000E+01 9.700000E+01 7.400000E+01 5.700000E+01 1.540000E+02 1.540000E+02
372000 7.035958E+03 8.001000E+01 9.701000E+01 7.400000E+01 5.700000E+01 1.540100E+02 1.540100E+02
372500 7.035988E+03 8.000000E+01 9.700000E+01 7.400000E+01 5.700000E+01 1.540000E+02 1.540000E+02
373000 7.036018E+03 8.000000E+01 9.700000E+01 7.400000E+01 5.700000E+01 1.540000E+02 1.540000E+02
373500 7.036047E+03 8.000000E+01 9.700000E+01 7.400000E+01 5.700000E+01 1.540000E+02 1.540000E+02
374000 7.036077E+03 8.018000E+01 9.704000E+01 7.400000E+01 5.714000E+01 1.541800E+02 1.541800E+02
374500 7.036106E+03 8.000000E+01 9.700000E+01 7.400000E+01 5.700000E+01 1.540000E+02 1.540000E+02
375000 7.036135E+03 8.011000E+01 9.700000E+01 7.400000E+01 5.711000E+01 1.541100E+02 1.541100E+02
375500 7.036164E+03 8.000000E+01 9.700000E+01 7.400000E+01 5.700000E+01 1.540000E+02 1.540000E+02
376000 7.036193E+03 8.000000E+01 9.701000E+01 7.401000E+01 5.700000E+01 1.540100E+02 1.540100E+02
376500 7.036223E+03 8.000000E+01 9.700000E+01 7.400000E+01 5.700000E+01 1.540000E+02 1.540000E+02
377000 7.036252E+03 8.000000E+01 9.700000E+01 7.400000E+01 5.700000E+01 1.540000E+02 1.540000E+02
377500 7.036281E+03 8.000000E+01 9.700000E+01 7.400000E+01 5.700000E+01 1.540000E+02 1.540000E+02
378000 7.036310E+03 8.001000E+01 9.701000E+01 7.400000E+01 5.700000E+01 1.540100E+02 1.540100E+02
378500 7.036340E+03 8.003000E+01 9.703000E+01 7.400000E+01 5.700000E+01 1.540300E+02 1.540300E+02
379000 7.036369E+03 8.000000E+01 9.700000E+01 7.400000E+01 5.700000E+01 1.540000E+02 1.540000E+02
379500 7.036399E+03 8.000000E+01 9.700000E+01 7.400000E+01 5.700000E+01 1.540000E+02 1.540000E+02
380000 7.036428E+03 8.029000E+01 9.729000E+01 7.400000E+01 5.700000E+01 1.542900E+02 1.542900E+02
380500 7.036457E+03 8.000000E+01 9.700000E+01 7.400000E+01 5.700000E+01 1.540000E+02 1.540000E+02
381000 7.036487E+03 8.000000E+01 9.700000E+01 7.400000E+01 5.700000E+01 1.540000E+02 1.540000E+02
