0 0.000000E+00 1.916890E+00 3.333335E-01 4.444441E-01 0.000000E+00 2.000000E+00 -2.000000E+00 4.444441E-01
0 2.423881E+02 1.936059E+00 3.333335E-01 4.444441E-01 0.000000E+00 2.000000E+00 -2.000000E+00 4.444441E-01
1000 7.006266E+03 2.144496E+00 4.444441E-01 5.555562E-01 2.000000E+00 2.000000E+00 0.000000E+00 2.222220E-01
1250 7.006752E+03 2.136837E+00 4.444441E-01 5.555562E-01 3.000000E+00 3.000000E+00 0.000000E+00 3.333335E-01
1500 7.006934E+03 2.136833E+00 4.444441E-01 5.555562E-01 3.000000E+00 3.000000E+00 0.000000E+00 3.333335E-01
1750 7.007064E+03 2.173542E+00 4.444441E-01 5.555562E-01 3.000000E+00 3.000000E+00 0.000000E+00 3.333335E-01
2000 7.007164E+03 2.173546E+00 4.444441E-01 5.555562E-01 3.000000E+00 3.000000E+00 0.000000E+00 3.333335E-01
2250 7.007265E+03 2.173546E+00 4.444441E-01 5.555562E-01 3.000000E+00 3.000000E+00 0.000000E+00 3.333335E-01
2500 7.007360E+03 2.173546E+00 4.444441E-01 5.555562E-01 3.000000E+00 3.000000E+00 0.000000E+00 3.333335E-01
2750 7.007431E+03 2.173546E+00 4.444441E-01 5.555562E-01 3.000000E+00 3.000000E+00 0.000000E+00 3.333335E-01
3000 7.007501E+03 2.173546E+00 4.444441E-01 5.555562E-01 3.000000E+00 3.000000E+00 0.000000E+00 3.333335E-01
3250 7.007570E+03 2.173546E+00 4.444441E-01 5.555562E-01 3.000000E+00 3.000000E+00 0.000000E+00 3.333335E-01
3500 7.007632E+03 2.173546E+00 4.444441E-01 5.555562E-01 3.000000E+00 3.000000E+00 0.000000E+00 3.333335E-01
3750 7.007690E+03 2.173546E+00 4.444441E-01 5.555562E-01 3.000000E+00 3.000000E+00 0.000000E+00 3.333335E-01
4000 7.007743E+03 2.173546E+00 4.444441E-01 5.555562E-01 3.000000E+00 3.000000E+00 0.000000E+00 3.333335E-01
4250 7.007793E+03 2.173546E+00 4.444441E-01 5.555562E-01 3.000000E+00 3.000000E+00 0.000000E+00 3.333335E-01
4500 7.007837E+03 2.173546E+00 4.444441E-01 5.555562E-01 3.000000E+00 3.000000E+00 0.000000E+00 3.333335E-01
4750 7.007881E+03 2.173546E+00 4.444441E-01 5.555562E-01 3.000000E+00 3.000000E+00 0.000000E+00 3.333335E-01
5000 7.007923E+03 2.173546E+00 4.444441E-01 5.555562E-01 3.000000E+00 3.000000E+00 0.000000E+00 3.333335E-01
5250 7.007966E+03 2.173546E+00 4.444441E-01 5.555562E-01 3.000000E+00 3.000000E+00 0.000000E+00 3.333335E-01
5500 7.008008E+03 2.173546E+00 4.444441E-01 5.555562E-01 3.000000E+00 3.000000E+00 0.000000E+00 3.333335E-01
5750 7.008050E+03 2.173546E+00 4.444441E-01 5.555562E-01 3.000000E+00 3.000000E+00 0.000000E+00 3.333335E-01
6000 7.008094E+03 2.193724E+00 4.444441E-01 5.555562E-01 3.000000E+00 3.000000E+00 0.000000E+00 3.333335E-01
6250 7.008137E+03 2.173546E+00 4.444441E-01 5.555562E-01 3.000000E+00 3.000000E+00 0.000000E+00 3.333335E-01
6500 7.008175E+03 2.173546E+00 4.444441E-01 5.555562E-01 3.000000E+00 3.000000E+00 0.000000E+00 3.333335E-01
6750 7.008210E+03 2.173546E+00 4.444441E-01 5.555562E-01 3.000000E+00 3.000000E+00 0.000000E+00 3.333335E-01
7000 7.008246E+03 2.173543E+00 4.444441E-01 5.555562E-01 3.000000E+00 3.000000E+00 0.000000E+00 3.333335E-01
7250 7.008281E+03 2.173546E+00 4.444441E-01 5.555562E-01 3.000000E+00 3.000000E+00 0.000000E+00 3.333335E-01
7500 7.008317E+03 2.173071E+00 4.444441E-01 5.555562E-01 3.000000E+00 3.000000E+00 0.000000E+00 3.333335E-01
7750 7.008351E+03 2.173546E+00 4.444441E-01 5.555562E-01 3.000000E+00 3.000000E+00 0.000000E+00 3.333335E-01
8000 7.008381E+03 2.173546E+00 4.444441E-01 5.555562E-01 3.000000E+00 3.000000E+00 0.000000E+00 3.333335E-01
8250 7.008412E+03 2.173546E+00 4.444441E-01 5.555562E-01 3.000000E+00 3.000000E+00 0.000000E+00 3.333335E-01
8500 7.008443E+03 2.173546E+00 4.444441E-01 5.555562E-01 3.000000E+00 3.000000E+00 0.000000E+00 3.333335E-01
8750 7.008474E+03 2.173546E+00 4.444441E-01 5.555562E-01 3.000000E+00 3.000000E+00 0.000000E+00 3.333335E-01
9000 7.008505E+03 2.173546E+00 4.444441E-01 5.555562E-01 3.000000E+00 3.000000E+00 0.000000E+00 3.333335E-01
9250 7.008536E+03 2.173546E+00 4.444441E-01 5.555562E-01 3.000000E+00 3.000000E+00 0.000000E+00 3.333335E-01
9500 7.008567E+03 2.173546E+00 4.444441E-01 5.555562E-01 3.000000E+00 3.000000E+00 0.000000E+00 3.333335E-01
9750 7.008597E+03 2.173549E+00 4.444441E-01 5.555562E-01 3.000000E+00 3.000000E+00 0.000000E+00 3.333335E-01
10000 7.008627E+03 2.173546E+00 4.444441E-01 5.555562E-01 3.000000E+00 3.000000E+00 0.000000E+00 3.333335E-01
10500 7.008688E+03 2.164127E+00 4.377774E-01 5.488894E-01 3.000000E+00 3.000000E+00 0.000000E+00 3.333335E-01
11000 7.008750E+03 2.173546E+00 4.444441E-01 5.555562E-01 3.000000E+00 3.000000E+00 0.000000E+00 3.333335E-01
11500 7.008811E+03 2.173483E+00 4.455552E-01 5.544451E-01 3.000000E+00 3.000000E+00 0.000000E+00 3.333335E-01
12000 7.008872E+03 2.173546E+00 4.444441E-01 5.555562E-01 3.000000E+00 3.000000E+00 0.000000E+00 3.333335E-01
12500 7.008932E+03 2.173546E+00 4.444441E-01 5.555562E-01 3.000000E+00 3.000000E+00 0.000000E+00 3.333335E-01
13000 7.008992E+03 2.173546E+00 4.444441E-01 5.555562E-01 3.000000E+00 3.000000E+00 0.000000E+00 3.333335E-01
13500 7.009052E+03 2.173546E+00 4.444441E-01 5.555562E-01 3.000000E+00 3.000000E+00 0.000000E+00 3.333335E-01
14000 7.009113E+03 2.173546E+00 4.444441E-01 5.555562E-01 3.000000E+00 3.000000E+00 0.000000E+00 3.333335E-01
14500 7.009174E+03 2.172561E+00 4.444441E-01 5.555562E-01 3.000000E+00 3.000000E+00 0.000000E+00 3.333335E-01
15000 7.009234E+03 2.197524E+00 4.444441E-01 5.555562E-01 3.000000E+00 3.000000E+00 0.000000E+00 3.333335E-01
15500 7.009294E+03 2.197524E+00 4.444441E-01 5.555562E-01 3.000000E+00 3.000000E+00 0.000000E+00 3.333335E-01
16000 7.009354E+03 2.198045E+00 4.444441E-01 5.555562E-01 2.990000E+00 2.990000E+00 0.000000E+00 3.322224E-01
16500 7.009413E+03 2.098915E+00 4.444441E-01 4.444441E-01 3.000000E+00 3.000000E+00 0.000000E+00 3.333335E-01
17000 7.009471E+03 2.098905E+00 4.444441E-01 4.444441E-01 3.000000E+00 3.000000E+00 0.000000E+00 3.333335E-01
17500 7.009528E+03 2.098905E+00 4.444441E-01 4.444441E-01 3.000000E+00 3.000000E+00 0.000000E+00 3.333335E-01
18000 7.009587E+03 2.098905E+00 4.444441E-01 4.444441E-01 3.000000E+00 3.000000E+00 0.000000E+00 3.333335E-01
18500 7.009645E+03 2.098905E+00 4.444441E-01 4.444441E-01 3.000000E+00 3.000000E+00 0.000000E+00 3.333335E-01
19000 7.009704E+03 2.098891E+00 4.444441E-01 4.444441E-01 3.000000E+00 3.000000E+00 0.000000E+00 3.333335E-01
19500 7.009762E+03 2.098905E+00 4.444441E-01 4.444441E-01 3.000000E+00 3.000000E+00 0.000000E+00 3.333335E-01
20000 7.009821E+03 2.100421E+00 4.455552E-01 4.455552E-01 3.000000E+00 3.000000E+00 0.000000E+00 3.333335E-01
20500 7.009879E+03 2.098905E+00 4.444441E-01 4.444441E-01 3.000000E+00 3.000000E+00 0.000000E+00 3.333335E-01
21000 7.009938E+03 2.098890E+00 4.444441E-01 4.444441E-01 3.000000E+00 3.000000E+00 0.000000E+00 3.333335E-01
21500 7.009996E+03 2.098905E+00 4.444441E-01 4.444441E-01 3.000000E+00 3.000000E+00 0.000000E+00 3.333335E-01
22000 7.010054E+03 2.098907E+00 4.444441E-01 4.444441E-01 3.000000E+00 3.000000E+00 0.000000E+00 3.333335E-01
22500 7.010112E+03 2.098905E+00 4.444441E-01 4.444441E-01 3.000000E+00 3.000000E+00 0.000000E+00 3.333335E-01
23000 7.010170E+03 2.098905E+00 4.444441E-01 4.444441E-01 3.000000E+00 3.000000E+00 0.000000E+00 3.333335E-01
23500 7.010228E+03 2.098905E+00 4.444441E-01 4.444441E-01 3.000000E+00 3.000000E+00 0.000000E+00 3.333335E-01
24000 7.010287E+03 2.098905E+00 4.444441E-01 4.444441E-01 3.000000E+00 3.000000E+00 0.000000E+00 3.333335E-01
24500 7.010345E+03 2.098905E+00 4.444441E-01 4.444441E-01 3.000000E+00 3.000000E+00 0.000000E+00 3.333335E-01
25000 7.010403E+03 2.098904E+00 4.444441E-01 4.444441E-01 3.000000E+00 3.000000E+00 0.000000E+00 3.333335E-01
25500 7.010461E+03 2.098891E+00 4.444441E-01 4.444441E-01 3.000000E+00 3.000000E+00 0.000000E+00 3.333335E-01
26000 7.010519E+03 2.098905E+00 4.444441E-01 4.444441E-01 3.000000E+00 3.000000E+00 0.000000E+00 3.333335E-01
26500 7.010577E+03 2.098905E+00 4.444441E-01 4.444441E-01 3.000000E+00 3.000000E+00 0.000000E+00 3.333335E-01
27000 7.010635E+03 2.098905E+00 4.444441E-01 4.444441E-01 3.000000E+00 3.000000E+00 0.000000E+00 3.333335E-01
27500 7.010693E+03 2.098905E+00 4.444441E-01 4.444441E-01 3.000000E+00 3.000000E+00 0.000000E+00 3.333335E-01
28000 7.010751E+03 2.098905E+00 4.444441E-01 4.444441E-01 3.000000E+00 3.000000E+00 0.000000E+00 3.333335E-01
28500 7.010808E+03 2.098907E+00 4.444441E-01 4.444441E-01 3.000000E+00 3.000000E+00 0.000000E+00 3.333335E-01
29000 7.010867E+03 2.098905E+00 4.444441E-01 4.444441E-01 3.000000E+00 3.000000E+00 0.000000E+00 3.333335E-01
29500 7.010926E+03 2.098905E+00 4.444441E-01 4.444441E-01 3.000000E+00 3.000000E+00 0.000000E+00 3.333335E-01
30000 7.010985E+03 2.098905E+00 4.444441E-01 4.444441E-01 3.000000E+00 3.000000E+00 0.000000E+00 3.333335E-01
30500 7.011044E+03 2.098905E+00 4.444441E-01 4.444441E-01 3.000000E+00 3.000000E+00 0.000000E+00 3.333335E-01
31000 7.011103E+03 2.098905E+00 4.444441E-01 4.444441E-01 3.000000E+00 3.000000E+00 0.000000E+00 3.333335E-01
31500 7.011161E+03 2.098909E+00 4.444441E-01 4.444441E-01 3.000000E+00 3.000000E+00 0.000000E+00 3.333335E-01
32000 7.011221E+03 2.098905E+00 4.444441E-01 4.444441E-01 3.000000E+00 3.000000E+00 0.000000E+00 3.333335E-01
32500 7.011278E+03 2.098905E+00 4.444441E-01 4.444441E-01 3.000000E+00 3.000000E+00 0.000000E+00 3.333335E-01
33000 7.011337E+03 2.098905E+00 4.444441E-01 4.444441E-01 3.000000E+00 3.000000E+00 0.000000E+00 3.333335E-01
33500 7.011396E+03 2.098905E+00 4.444441E-01 4.444441E-01 3.000000E+00 3.000000E+00 0.000000E+00 3.333335E-01
34000 7.011454E+03 2.098905E+00 4.444441E-01 4.444441E-01 3.000000E+00 3.000000E+00 0.000000E+00 3.333335E-01
34500 7.011513E+03 2.098905E+00 4.444441E-01 4.444441E-01 3.000000E+00 3.000000E+00 0.000000E+00 3.333335E-01
35000 7.011572E+03 2.098905E+00 4.444441E-01 4.444441E-01 3.000000E+00 3.000000E+00 0.000000E+00 3.333335E-01
35500 7.011631E+03 2.098905E+00 4.444441E-01 4.444441E-01 3.000000E+00 3.000000E+00 0.000000E+00 3.333335E-01
36000 7.011689E+03 2.098905E+00 4.444441E-01 4.444441E-01 3.000000E+00 3.000000E+00 0.000000E+00 3.333335E-01
36500 7.011747E+03 2.235859E+00 5.555562E-01 5.555562E-01 3.000000E+00 3.000000E+00 0.000000E+00 3.333335E-01
37000 7.011802E+03 2.235863E+00 5.555562E-01 5.555562E-01 3.000000E+00 3.000000E+00 0.000000E+00 3.333335E-01
37500 7.011858E+03 2.235863E+00 5.555562E-01 5.555562E-01 3.000000E+00 3.000000E+00 0.000000E+00 3.333335E-01
38000 7.011914E+03 2.235863E+00 5.555562E-01 5.555562E-01 3.000000E+00 3.000000E+00 0.000000E+00 3.333335E-01
38500 7.011970E+03 2.235781E+00 5.555562E-01 5.555562E-01 3.000000E+00 3.000000E+00 0.000000E+00 3.333335E-01
39000 7.012026E+03 2.235863E+00 5.555562E-01 5.555562E-01 3.000000E+00 3.000000E+00 0.000000E+00 3.333335E-01
39500 7.012083E+03 2.235863E+00 5.555562E-01 5.555562E-01 3.000000E+00 3.000000E+00 0.000000E+00 3.333335E-01
40000 7.012138E+03 2.235862E+00 5.555562E-01 5.555562E-01 3.000000E+00 3.000000E+00 0.000000E+00 3.333335E-01
40500 7.012194E+03 2.235863E+00 5.555562E-01 5.555562E-01 3.000000E+00 3.000000E+00 0.000000E+00 3.333335E-01
41000 7.012250E+03 2.235863E+00 5.555562E-01 5.555562E-01 3.000000E+00 3.000000E+00 0.000000E+00 3.333335E-01
41500 7.012305E+03 2.223522E+00 5.555562E-01 5.555562E-01 3.000000E+00 3.000000E+00 0.000000E+00 3.333335E-01
42000 7.012361E+03 2.235863E+00 5.555562E-01 5.555562E-01 3.000000E+00 3.000000E+00 0.000000E+00 3.333335E-01
42500 7.012416E+03 2.235863E+00 5.555562E-01 5.555562E-01 3.000000E+00 3.000000E+00 0.000000E+00 3.333335E-01
43000 7.012471E+03 2.235863E+00 5.555562E-01 5.555562E-01 3.000000E+00 3.000000E+00 0.000000E+00 3.333335E-01
43500 7.012527E+03 2.235863E+00 5.555562E-01 5.555562E-01 3.000000E+00 3.000000E+00 0.000000E+00 3.333335E-01
44000 7.012582E+03 2.235863E+00 5.555562E-01 5.555562E-01 3.000000E+00 3.000000E+00 0.000000E+00 3.333335E-01
44500 7.012638E+03 2.235835E+00 5.555562E-01 5.555562E-01 3.000000E+00 3.000000E+00 0.000000E+00 3.333335E-01
45000 7.012692E+03 2.211894E+00 5.555562E-01 5.555562E-01 3.000000E+00 3.000000E+00 0.000000E+00 3.333335E-01
45500 7.012744E+03 2.210253E+00 5.544451E-01 5.555562E-01 3.000000E+00 3.000000E+00 0.000000E+00 3.333335E-01
46000 7.012796E+03 2.211967E+00 5.555562E-01 5.555562E-01 2.990000E+00 2.990000E+00 0.000000E+00 3.322224E-01
46500 7.012848E+03 2.211891E+00 5.555562E-01 5.555562E-01 3.000000E+00 3.000000E+00 0.000000E+00 3.333335E-01
47000 7.012901E+03 2.211891E+00 5.555562E-01 5.555562E-01 3.000000E+00 3.000000E+00 0.000000E+00 3.333335E-01
47500 7.012953E+03 2.211891E+00 5.555562E-01 5.555562E-01 3.000000E+00 3.000000E+00 0.000000E+00 3.333335E-01
48000 7.013006E+03 2.211891E+00 5.555562E-01 5.555562E-01 3.000000E+00 3.000000E+00 0.000000E+00 3.333335E-01
48500 7.013060E+03 2.211891E+00 5.555562E-01 5.555562E-01 3.000000E+00 3.000000E+00 0.000000E+00 3.333335E-01
49000 7.013113E+03 2.211897E+00 5.555562E-01 5.555562E-01 3.000000E+00 3.000000E+00 0.000000E+00 3.333335E-01
49500 7.013166E+03 2.211891E+00 5.555562E-01 5.555562E-01 3.000000E+00 3.000000E+00 0.000000E+00 3.333335E-01
50000 7.013218E+03 2.211891E+00 5.555562E-01 5.555562E-01 3.000000E+00 3.000000E+00 0.000000E+00 3.333335E-01
50500 7.013272E+03 2.211891E+00 5.555562E-01 5.555562E-01 3.000000E+00 3.000000E+00 0.000000E+00 3.333335E-01
51000 7.013325E+03 2.211891E+00 5.555562E-01 5.555562E-01 3.000000E+00 3.000000E+00 0.000000E+00 3.333335E-01
51500 7.013378E+03 2.212087E+00 5.555562E-01 5.555562E-01 3.000000E+00 3.000000E+00 0.000000E+00 3.333335E-01
52000 7.013431E+03 2.211891E+00 5.555562E-01 5.555562E-01 3.000000E+00 3.000000E+00 0.000000E+00 3.333335E-01
52500 7.013484E+03 2.211891E+00 5.555562E-01 5.555562E-01 3.000000E+00 3.000000E+00 0.000000E+00 3.333335E-01
53000 7.013537E+03 2.212002E+00 5.555562E-01 5.555562E-01 3.020000E+00 3.020000E+00 0.000000E+00 3.355557E-01
53500 7.013590E+03 2.211891E+00 5.555562E-01 5.555562E-01 3.000000E+00 3.000000E+00 0.000000E+00 3.333335E-01
54000 7.013643E+03 2.211891E+00 5.555562E-01 5.555562E-01 3.000000E+00 3.000000E+00 0.000000E+00 3.333335E-01
54500 7.013696E+03 2.211891E+00 5.555562E-01 5.555562E-01 3.000000E+00 3.000000E+00 0.000000E+00 3.333335E-01
55000 7.013749E+03 2.211891E+00 5.555562E-01 5.555562E-01 3.000000E+00 3.000000E+00 0.000000E+00 3.333335E-01
55500 7.013803E+03 2.211891E+00 5.555562E-01 5.555562E-01 3.000000E+00 3.000000E+00 0.000000E+00 3.333335E-01
56000 7.013856E+03 2.198138E+00 5.466672E-01 5.466672E-01 3.000000E+00 3.000000E+00 0.000000E+00 3.333335E-01
56500 7.013907E+03 2.211891E+00 5.555562E-01 5.555562E-01 3.000000E+00 3.000000E+00 0.000000E+00 3.333335E-01
57000 7.013959E+03 2.211889E+00 5.555562E-01 5.555562E-01 3.000000E+00 3.000000E+00 0.000000E+00 3.333335E-01
57500 7.014010E+03 2.211891E+00 5.555562E-01 5.555562E-01 3.000000E+00 3.000000E+00 0.000000E+00 3.333335E-01
58000 7.014058E+03 2.211891E+00 5.555562E-01 5.555562E-01 3.000000E+00 3.000000E+00 0.000000E+00 3.333335E-01
58500 7.014105E+03 2.211891E+00 5.555562E-01 5.555562E-01 3.000000E+00 3.000000E+00 0.000000E+00 3.333335E-01
59000 7.014152E+03 2.211891E+00 5.555562E-01 5.555562E-01 3.000000E+00 3.000000E+00 0.000000E+00 3.333335E-01
59500 7.014200E+03 2.211891E+00 5.555562E-01 5.555562E-01 3.000000E+00 3.000000E+00 0.000000E+00 3.333335E-01
60000 7.014247E+03 2.177675E+00 4.444441E-01 5.555562E-01 3.000000E+00 3.000000E+00 0.000000E+00 3.333335E-01
60500 7.014293E+03 2.177675E+00 4.444441E-01 5.555562E-01 3.000000E+00 3.000000E+00 0.000000E+00 3.333335E-01
61000 7.014340E+03 2.177675E+00 4.444441E-01 5.555562E-01 3.000000E+00 3.000000E+00 0.000000E+00 3.333335E-01
61500 7.014385E+03 2.177675E+00 4.444441E-01 5.555562E-01 3.000000E+00 3.000000E+00 0.000000E+00 3.333335E-01
62000 7.014431E+03 2.177675E+00 4.444441E-01 5.555562E-01 3.000000E+00 3.000000E+00 0.000000E+00 3.333335E-01
62500 7.014477E+03 2.179191E+00 4.455552E-01 5.566673E-01 3.000000E+00 3.000000E+00 0.000000E+00 3.333335E-01
63000 7.014523E+03 2.177675E+00 4.444441E-01 5.555562E-01 3.000000E+00 3.000000E+00 0.000000E+00 3.333335E-01
63500 7.014569E+03 2.178068E+00 4.444441E-01 5.555562E-01 3.000000E+00 3.000000E+00 0.000000E+00 3.333335E-01
64000 7.014614E+03 2.177675E+00 4.444441E-01 5.555562E-01 3.000000E+00 3.000000E+00 0.000000E+00 3.333335E-01
64500 7.014660E+03 2.177675E+00 4.444441E-01 5.555562E-01 3.000000E+00 3.000000E+00 0.000000E+00 3.333335E-01
65000 7.014705E+03 2.177675E+00 4.444441E-01 5.555562E-01 3.000000E+00 3.000000E+00 0.000000E+00 3.333335E-01
65500 7.014750E+03 2.177675E+00 4.444441E-01 5.555562E-01 3.000000E+00 3.000000E+00 0.000000E+00 3.333335E-01
66000 7.014796E+03 2.177675E+00 4.444441E-01 5.555562E-01 3.000000E+00 3.000000E+00 0.000000E+00 3.333335E-01
66500 7.014841E+03 2.177675E+00 4.444441E-01 5.555562E-01 3.000000E+00 3.000000E+00 0.000000E+00 3.333335E-01
67000 7.014886E+03 2.177675E+00 4.444441E-01 5.555562E-01 3.000000E+00 3.000000E+00 0.000000E+00 3.333335E-01
67500 7.014932E+03 2.153697E+00 4.444441E-01 5.555562E-01 3.000000E+00 3.000000E+00 0.000000E+00 3.333335E-01
68000 7.014978E+03 2.153121E+00 4.433330E-01 5.555562E-01 3.000000E+00 3.000000E+00 0.000000E+00 3.333335E-01
68500 7.015024E+03 2.153697E+00 4.444441E-01 5.555562E-01 3.000000E+00 3.000000E+00 0.000000E+00 3.333335E-01
69000 7.015071E+03 2.153697E+00 4.444441E-01 5.555562E-01 3.000000E+00 3.000000E+00 0.000000E+00 3.333335E-01
69500 7.015117E+03 2.153697E+00 4.444441E-01 5.555562E-01 3.000000E+00 3.000000E+00 0.000000E+00 3.333335E-01
70000 7.015163E+03 2.153697E+00 4.444441E-01 5.555562E-01 3.000000E+00 3.000000E+00 0.000000E+00 3.333335E-01
70500 7.015209E+03 2.153697E+00 4.444441E-01 5.555562E-01 3.000000E+00 3.000000E+00 0.000000E+00 3.333335E-01
71000 7.015256E+03 2.153666E+00 4.444441E-01 5.555562E-01 3.000000E+00 3.000000E+00 0.000000E+00 3.333335E-01
71500 7.015302E+03 2.153697E+00 4.444441E-01 5.555562E-01 3.000000E+00 3.000000E+00 0.000000E+00 3.333335E-01
72000 7.015349E+03 2.153697E+00 4.444441E-01 5.555562E-01 3.000000E+00 3.000000E+00 0.000000E+00 3.333335E-01
72500 7.015395E+03 2.153697E+00 4.444441E-01 5.555562E-01 3.000000E+00 3.000000E+00 0.000000E+00 3.333335E-01
73000 7.015443E+03 2.153697E+00 4.444441E-01 5.555562E-01 3.000000E+00 3.000000E+00 0.000000E+00 3.333335E-01
73500 7.015490E+03 2.153697E+00 4.444441E-01 5.555562E-01 3.000000E+00 3.000000E+00 0.000000E+00 3.333335E-01
74000 7.015536E+03 2.153697E+00 4.444441E-01 5.555562E-01 3.000000E+00 3.000000E+00 0.000000E+00 3.333335E-01
74500 7.015582E+03 2.153697E+00 4.444441E-01 5.555562E-01 3.000000E+00 3.000000E+00 0.000000E+00 3.333335E-01
75000 7.015629E+03 2.153697E+00 4.444441E-01 5.555562E-01 3.000000E+00 3.000000E+00 0.000000E+00 3.333335E-01
75500 7.015676E+03 2.153769E+00 4.444441E-01 5.555562E-01 3.000000E+00 3.000000E+00 0.000000E+00 3.333335E-01
76000 7.015723E+03 2.153697E+00 4.444441E-01 5.555562E-01 3.000000E+00 3.000000E+00 0.000000E+00 3.333335E-01
76500 7.015770E+03 2.153699E+00 4.444441E-01 5.555562E-01 3.000000E+00 3.000000E+00 0.000000E+00 3.333335E-01
77000 7.015817E+03 2.153697E+00 4.444441E-01 5.555562E-01 3.000000E+00 3.000000E+00 0.000000E+00 3.333335E-01
77500 7.015864E+03 2.153697E+00 4.444441E-01 5.555562E-01 3.000000E+00 3.000000E+00 0.000000E+00 3.333335E-01
78000 7.015911E+03 2.153697E+00 4.444441E-01 5.555562E-01 3.000000E+00 3.000000E+00 0.000000E+00 3.333335E-01
78500 7.015958E+03 2.153702E+00 4.444441E-01 5.555562E-01 3.000000E+00 3.000000E+00 0.000000E+00 3.333335E-01
79000 7.016005E+03 2.153699E+00 4.444441E-01 5.555562E-01 3.000000E+00 3.000000E+00 0.000000E+00 3.333335E-01
79500 7.016052E+03 2.153697E+00 4.444441E-01 5.555562E-01 3.000000E+00 3.000000E+00 0.000000E+00 3.333335E-01
80000 7.016100E+03 2.153697E+00 4.444441E-01 5.555562E-01 3.000000E+00 3.000000E+00 0.000000E+00 3.333335E-01
80500 7.016146E+03 2.153697E+00 4.444441E-01 5.555562E-01 3.000000E+00 3.000000E+00 0.000000E+00 3.333335E-01
81000 7.016193E+03 2.153697E+00 4.444441E-01 5.555562E-01 3.000000E+00 3.000000E+00 0.000000E+00 3.333335E-01
81500 7.016240E+03 2.153680E+00 4.444441E-01 5.555562E-01 3.000000E+00 3.000000E+00 0.000000E+00 3.333335E-01
82000 7.016288E+03 2.153697E+00 4.444441E-01 5.555562E-01 3.000000E+00 3.000000E+00 0.000000E+00 3.333335E-01
82500 7.016335E+03 2.153697E+00 4.444441E-01 5.555562E-01 3.000000E+00 3.000000E+00 0.000000E+00 3.333335E-01
83000 7.016381E+03 2.156527E+00 4.499997E-01 5.555562E-01 3.000000E+00 3.000000E+00 0.000000E+00 3.333335E-01
83500 7.016428E+03 2.153697E+00 4.444441E-01 5.555562E-01 3.000000E+00 3.000000E+00 0.000000E+00 3.333335E-01
84000 7.016474E+03 2.153697E+00 4.444441E-01 5.555562E-01 3.000000E+00 3.000000E+00 0.000000E+00 3.333335E-01
84500 7.016522E+03 2.153697E+00 4.444441E-01 5.555562E-01 3.000000E+00 3.000000E+00 0.000000E+00 3.333335E-01
85000 7.016569E+03 2.153697E+00 4.444441E-01 5.555562E-01 3.000000E+00 3.000000E+00 0.000000E+00 3.333335E-01
85500 7.016616E+03 2.153697E+00 4.444441E-01 5.555562E-01 3.000000E+00 3.000000E+00 0.000000E+00 3.333335E-01
86000 7.016662E+03 2.154359E+00 4.444441E-01 5.555562E-01 3.120000E+00 3.120000E+00 0.000000E+00 3.466668E-01
86500 7.016709E+03 2.152058E+00 4.433330E-01 5.555562E-01 3.000000E+00 3.000000E+00 0.000000E+00 3.333335E-01
87000 7.016755E+03 2.153697E+00 4.444441E-01 5.555562E-01 3.000000E+00 3.000000E+00 0.000000E+00 3.333335E-01
87500 7.016801E+03 2.153697E+00 4.444441E-01 5.555562E-01 3.000000E+00 3.000000E+00 0.000000E+00 3.333335E-01
88000 7.016848E+03 2.153697E+00 4.444441E-01 5.555562E-01 3.000000E+00 3.000000E+00 0.000000E+00 3.333335E-01
88500 7.016895E+03 2.153697E+00 4.444441E-01 5.555562E-01 3.000000E+00 3.000000E+00 0.000000E+00 3.333335E-01
89000 7.016943E+03 2.153697E+00 4.444441E-01 5.555562E-01 3.000000E+00 3.000000E+00 0.000000E+00 3.333335E-01
89500 7.016992E+03 2.153697E+00 4.444441E-01 5.555562E-01 3.000000E+00 3.000000E+00 0.000000E+00 3.333335E-01
90000 7.017040E+03 2.153697E+00 4.444441E-01 5.555562E-01 3.000000E+00 3.000000E+00 0.000000E+00 3.333335E-01
90500 7.017088E+03 2.153697E+00 4.444441E-01 5.555562E-01 3.000000E+00 3.000000E+00 0.000000E+00 3.333335E-01
91000 7.017137E+03 2.153583E+00 4.444441E-01 5.555562E-01 3.000000E+00 3.000000E+00 0.000000E+00 3.333335E-01
91500 7.017184E+03 2.153697E+00 4.444441E-01 5.555562E-01 3.000000E+00 3.000000E+00 0.000000E+00 3.333335E-01
92000 7.017231E+03 2.152902E+00 4.455552E-01 5.544450E-01 3.000000E+00 3.000000E+00 0.000000E+00 3.333335E-01
92500 7.017278E+03 2.153697E+00 4.444441E-01 5.555562E-01 3.000000E+00 3.000000E+00 0.000000E+00 3.333335E-01
93000 7.017324E+03 2.153697E+00 4.444441E-01 5.555562E-01 3.000000E+00 3.000000E+00 0.000000E+00 3.333335E-01
93500 7.017371E+03 2.153697E+00 4.444441E-01 5.555562E-01 3.000000E+00 3.000000E+00 0.000000E+00 3.333335E-01
94000 7.017417E+03 2.153702E+00 4.444441E-01 5.555562E-01 3.000000E+00 3.000000E+00 0.000000E+00 3.333335E-01
94500 7.017464E+03 2.153697E+00 4.444441E-01 5.555562E-01 3.000000E+00 3.000000E+00 0.000000E+00 3.333335E-01
95000 7.017510E+03 2.153697E+00 4.444441E-01 5.555562E-01 3.000000E+00 3.000000E+00 0.000000E+00 3.333335E-01
95500 7.017556E+03 2.153697E+00 4.444441E-01 5.555562E-01 3.000000E+00 3.000000E+00 0.000000E+00 3.333335E-01
96000 7.017602E+03 2.153649E+00 4.444441E-01 5.555562E-01 3.000000E+00 3.000000E+00 0.000000E+00 3.333335E-01
96500 7.017649E+03 2.153697E+00 4.444441E-01 5.555562E-01 3.000000E+00 3.000000E+00 0.000000E+00 3.333335E-01
97000 7.017695E+03 2.153697E+00 4.444441E-01 5.555562E-01 3.000000E+00 3.000000E+00 0.000000E+00 3.333335E-01
97500 7.017742E+03 2.153697E+00 4.444441E-01 5.555562E-01 3.000000E+00 3.000000E+00 0.000000E+00 3.333335E-01
98000 7.017788E+03 2.153697E+00 4.444441E-01 5.555562E-01 3.000000E+00 3.000000E+00 0.000000E+00 3.333335E-01
98500 7.017834E+03 2.153697E+00 4.444441E-01 5.555562E-01 3.000000E+00 3.000000E+00 0.000000E+00 3.333335E-01
99000 7.017880E+03 2.153697E+00 4.444441E-01 5.555562E-01 3.000000E+00 3.000000E+00 0.000000E+00 3.333335E-01
99500 7.017927E+03 2.150665E+00 4.422219E-01 5.533339E-01 3.000000E+00 3.000000E+00 0.000000E+00 3.333335E-01
100000 7.017973E+03 2.153697E+00 4.444441E-01 5.555562E-01 3.000000E+00 3.000000E+00 0.000000E+00 3.333335E-01
100500 7.018020E+03 2.153697E+00 4.444441E-01 5.555562E-01 3.000000E+00 3.000000E+00 0.000000E+00 3.333335E-01
101000 7.018067E+03 2.153697E+00 4.444441E-01 5.555562E-01 3.000000E+00 3.000000E+00 0.000000E+00 3.333335E-01
101500 7.018113E+03 2.153697E+00 4.444441E-01 5.555562E-01 3.000000E+00 3.000000E+00 0.000000E+00 3.333335E-01
102000 7.018160E+03 2.153697E+00 4.444441E-01 5.555562E-01 3.000000E+00 3.000000E+00 0.000000E+00 3.333335E-01
102500 7.018205E+03 2.153697E+00 4.444441E-01 5.555562E-01 3.000000E+00 3.000000E+00 0.000000E+00 3.333335E-01
103000 7.018248E+03 2.162754E+00 4.622220E-01 5.555562E-01 3.000000E+00 3.000000E+00 0.000000E+00 3.333335E-01
103500 7.018292E+03 2.153697E+00 4.444441E-01 5.555562E-01 3.000000E+00 3.000000E+00 0.000000E+00 3.333335E-01
104000 7.018335E+03 2.153697E+00 4.444441E-01 5.555562E-01 3.000000E+00 3.000000E+00 0.000000E+00 3.333335E-01
104500 7.018379E+03 2.153697E+00 4.444441E-01 5.555562E-01 3.000000E+00 3.000000E+00 0.000000E+00 3.333335E-01
105000 7.018422E+03 2.153697E+00 4.444441E-01 5.555562E-01 3.000000E+00 3.000000E+00 0.000000E+00 3.333335E-01
105500 7.018466E+03 2.153697E+00 4.444441E-01 5.555562E-01 3.000000E+00 3.000000E+00 0.000000E+00 3.333335E-01
106000 7.018509E+03 2.153697E+00 4.444441E-01 5.555562E-01 3.000000E+00 3.000000E+00 0.000000E+00 3.333335E-01
106500 7.018552E+03 2.153697E+00 4.444441E-01 5.555562E-01 3.000000E+00 3.000000E+00 0.000000E+00 3.333335E-01
107000 7.018595E+03 2.153697E+00 4.444441E-01 5.555562E-01 3.000000E+00 3.000000E+00 0.000000E+00 3.333335E-01
107500 7.018638E+03 2.153698E+00 4.444441E-01 5.555562E-01 3.000000E+00 3.000000E+00 0.000000E+00 3.333335E-01
108000 7.018681E+03 2.153697E+00 4.444441E-01 5.555562E-01 3.000000E+00 3.000000E+00 0.000000E+00 3.333335E-01
108500 7.018726E+03 2.153697E+00 4.444441E-01 5.555562E-01 3.000000E+00 3.000000E+00 0.000000E+00 3.333335E-01
109000 7.018770E+03 2.153697E+00 4.444441E-01 5.555562E-01 3.000000E+00 3.000000E+00 0.000000E+00 3.333335E-01
109500 7.018814E+03 2.153697E+00 4.444441E-01 5.555562E-01 3.000000E+00 3.000000E+00 0.000000E+00 3.333335E-01
110000 7.018858E+03 2.153918E+00 4.444441E-01 5.555562E-01 3.040000E+00 3.040000E+00 0.000000E+00 3.377780E-01
110500 7.018900E+03 2.153677E+00 4.444441E-01 5.555562E-01 3.000000E+00 3.000000E+00 0.000000E+00 3.333335E-01
111000 7.018943E+03 2.153668E+00 4.444441E-01 5.555562E-01 3.000000E+00 3.000000E+00 0.000000E+00 3.333335E-01
111500 7.018986E+03 2.153697E+00 4.444441E-01 5.555562E-01 3.000000E+00 3.000000E+00 0.000000E+00 3.333335E-01
112000 7.019029E+03 2.153697E+00 4.444441E-01 5.555562E-01 3.000000E+00 3.000000E+00 0.000000E+00 3.333335E-01
112500 7.019072E+03 2.153697E+00 4.444441E-01 5.555562E-01 3.000000E+00 3.000000E+00 0.000000E+00 3.333335E-01
113000 7.019115E+03 2.153706E+00 4.444441E-01 5.555562E-01 3.000000E+00 3.000000E+00 0.000000E+00 3.333335E-01
113500 7.019159E+03 2.153697E+00 4.444441E-01 5.555562E-01 3.000000E+00 3.000000E+00 0.000000E+00 3.333335E-01
114000 7.019202E+03 2.153697E+00 4.444441E-01 5.555562E-01 3.000000E+00 3.000000E+00 0.000000E+00 3.333335E-01
114500 7.019244E+03 2.153697E+00 4.444441E-01 5.555562E-01 3.000000E+00 3.000000E+00 0.000000E+00 3.333335E-01
115000 7.019288E+03 2.153697E+00 4.444441E-01 5.555562E-01 3.000000E+00 3.000000E+00 0.000000E+00 3.333335E-01
115500 7.019331E+03 2.153697E+00 4.444441E-01 5.555562E-01 3.000000E+00 3.000000E+00 0.000000E+00 3.333335E-01
116000 7.019375E+03 2.153697E+00 4.444441E-01 5.555562E-01 3.000000E+00 3.000000E+00 0.000000E+00 3.333335E-01
116500 7.019418E+03 2.153697E+00 4.444441E-01 5.555562E-01 3.000000E+00 3.000000E+00 0.000000E+00 3.333335E-01
117000 7.019461E+03 2.096091E+00 3.333335E-01 5.555562E-01 3.000000E+00 3.000000E+00 0.000000E+00 3.333335E-01
117500 7.019503E+03 2.118464E+00 3.333335E-01 5.555562E-01 3.000000E+00 3.000000E+00 0.000000E+00 3.333335E-01
118000 7.019546E+03 2.118464E+00 3.333335E-01 5.555562E-01 3.000000E+00 3.000000E+00 0.000000E+00 3.333335E-01
118500 7.019590E+03 2.118464E+00 3.333335E-01 5.555562E-01 3.000000E+00 3.000000E+00 0.000000E+00 3.333335E-01
119000 7.019631E+03 2.118464E+00 3.333335E-01 5.555562E-01 3.000000E+00 3.000000E+00 0.000000E+00 3.333335E-01
119500 7.019672E+03 2.118357E+00 3.333335E-01 5.555562E-01 3.000000E+00 3.000000E+00 0.000000E+00 3.333335E-01
120000 7.019714E+03 2.118511E+00 3.333335E-01 5.555562E-01 3.000000E+00 3.000000E+00 0.000000E+00 3.333335E-01
120500 7.019755E+03 2.118464E+00 3.333335E-01 5.555562E-01 3.000000E+00 3.000000E+00 0.000000E+00 3.333335E-01
121000 7.019796E+03 2.115973E+00 3.333335E-01 5.522227E-01 3.000000E+00 3.000000E+00 0.000000E+00 3.333335E-01
121500 7.019837E+03 2.118464E+00 3.333335E-01 5.555562E-01 3.000000E+00 3.000000E+00 0.000000E+00 3.333335E-01
122000 7.019879E+03 2.118464E+00 3.333335E-01 5.555562E-01 3.000000E+00 3.000000E+00 0.000000E+00 3.333335E-01
122500 7.019920E+03 2.118464E+00 3.333335E-01 5.555562E-01 3.000000E+00 3.000000E+00 0.000000E+00 3.333335E-01
123000 7.019962E+03 2.118464E+00 3.333335E-01 5.555562E-01 3.000000E+00 3.000000E+00 0.000000E+00 3.333335E-01
123500 7.020004E+03 2.118464E+00 3.333335E-01 5.555562E-01 3.000000E+00 3.000000E+00 0.000000E+00 3.333335E-01
124000 7.020046E+03 2.118464E+00 3.333335E-01 5.555562E-01 3.000000E+00 3.000000E+00 0.000000E+00 3.333335E-01
124500 7.020087E+03 2.118464E+00 3.333335E-01 5.555562E-01 3.000000E+00 3.000000E+00 0.000000E+00 3.333335E-01
125000 7.020129E+03 2.118466E+00 3.333335E-01 5.555562E-01 3.000000E+00 3.000000E+00 0.000000E+00 3.333335E-01
125500 7.020170E+03 2.118464E+00 3.333335E-01 5.555562E-01 3.000000E+00 3.000000E+00 0.000000E+00 3.333335E-01
126000 7.020212E+03 2.118464E+00 3.333335E-01 5.555562E-01 3.000000E+00 3.000000E+00 0.000000E+00 3.333335E-01
126500 7.020253E+03 2.118464E+00 3.333335E-01 5.555562E-01 3.000000E+00 3.000000E+00 0.000000E+00 3.333335E-01
127000 7.020295E+03 2.118466E+00 3.333335E-01 5.555562E-01 3.000000E+00 3.000000E+00 0.000000E+00 3.333335E-01
127500 7.020336E+03 2.118464E+00 3.333335E-01 5.555562E-01 3.000000E+00 3.000000E+00 0.000000E+00 3.333335E-01
128000 7.020378E+03 2.118464E+00 3.333335E-01 5.555562E-01 3.000000E+00 3.000000E+00 0.000000E+00 3.333335E-01
128500 7.020419E+03 2.118464E+00 3.333335E-01 5.555562E-01 3.000000E+00 3.000000E+00 0.000000E+00 3.333335E-01
129000 7.020461E+03 2.118464E+00 3.333335E-01 5.555562E-01 3.000000E+00 3.000000E+00 0.000000E+00 3.333335E-01
129500 7.020502E+03 2.118464E+00 3.333335E-01 5.555562E-01 3.000000E+00 3.000000E+00 0.000000E+00 3.333335E-01
130000 7.020544E+03 2.118464E+00 3.333335E-01 5.555562E-01 3.000000E+00 3.000000E+00 0.000000E+00 3.333335E-01
130500 7.020586E+03 2.120028E+00 3.333335E-01 5.555562E-01 2.970000E+00 2.970000E+00 0.000000E+00 3.300002E-01
131000 7.020628E+03 2.118464E+00 3.333335E-01 5.555562E-01 3.000000E+00 3.000000E+00 0.000000E+00 3.333335E-01
131500 7.020670E+03 2.118464E+00 3.333335E-01 5.555562E-01 3.000000E+00 3.000000E+00 0.000000E+00 3.333335E-01
132000 7.020712E+03 2.118464E+00 3.333335E-01 5.555562E-01 3.000000E+00 3.000000E+00 0.000000E+00 3.333335E-01
132500 7.020754E+03 2.117418E+00 3.333335E-01 5.544450E-01 3.000000E+00 3.000000E+00 0.000000E+00 3.333335E-01
133000 7.020795E+03 2.118464E+00 3.333335E-01 5.555562E-01 3.000000E+00 3.000000E+00 0.000000E+00 3.333335E-01
133500 7.020837E+03 2.142442E+00 3.333335E-01 5.555562E-01 3.000000E+00 3.000000E+00 0.000000E+00 3.333335E-01
134000 7.020878E+03 2.142442E+00 3.333335E-01 5.555562E-01 3.000000E+00 3.000000E+00 0.000000E+00 3.333335E-01
134500 7.020919E+03 2.142442E+00 3.333335E-01 5.555562E-01 3.000000E+00 3.000000E+00 0.000000E+00 3.333335E-01
135000 7.020961E+03 2.142442E+00 3.333335E-01 5.555562E-01 3.000000E+00 3.000000E+00 0.000000E+00 3.333335E-01
135500 7.021002E+03 2.142442E+00 3.333335E-01 5.555562E-01 3.000000E+00 3.000000E+00 0.000000E+00 3.333335E-01
136000 7.021045E+03 2.142227E+00 3.333335E-01 5.555562E-01 3.000000E+00 3.000000E+00 0.000000E+00 3.333335E-01
136500 7.021086E+03 2.142442E+00 3.333335E-01 5.555562E-01 3.000000E+00 3.000000E+00 0.000000E+00 3.333335E-01
137000 7.021128E+03 2.142442E+00 3.333335E-01 5.555562E-01 3.000000E+00 3.000000E+00 0.000000E+00 3.333335E-01
137500 7.021170E+03 2.142497E+00 3.333335E-01 5.555562E-01 3.010000E+00 3.010000E+00 0.000000E+00 3.344446E-01
138000 7.021212E+03 2.142442E+00 3.333335E-01 5.555562E-01 3.000000E+00 3.000000E+00 0.000000E+00 3.333335E-01
138500 7.021254E+03 2.142442E+00 3.333335E-01 5.555562E-01 3.000000E+00 3.000000E+00 0.000000E+00 3.333335E-01
139000 7.021296E+03 2.142442E+00 3.333335E-01 5.555562E-01 3.000000E+00 3.000000E+00 0.000000E+00 3.333335E-01
139500 7.021338E+03 2.142442E+00 3.333335E-01 5.555562E-01 3.000000E+00 3.000000E+00 0.000000E+00 3.333335E-01
140000 7.021380E+03 2.142442E+00 3.333335E-01 5.555562E-01 3.000000E+00 3.000000E+00 0.000000E+00 3.333335E-01
140500 7.021422E+03 2.142442E+00 3.333335E-01 5.555562E-01 3.000000E+00 3.000000E+00 0.000000E+00 3.333335E-01
141000 7.021463E+03 2.142442E+00 3.333335E-01 5.555562E-01 3.000000E+00 3.000000E+00 0.000000E+00 3.333335E-01
141500 7.021505E+03 2.142442E+00 3.333335E-01 5.555562E-01 3.000000E+00 3.000000E+00 0.000000E+00 3.333335E-01
142000 7.021546E+03 2.142442E+00 3.333335E-01 5.555562E-01 3.000000E+00 3.000000E+00 0.000000E+00 3.333335E-01
142500 7.021587E+03 2.142452E+00 3.333335E-01 5.555562E-01 3.000000E+00 3.000000E+00 0.000000E+00 3.333335E-01
143000 7.021629E+03 2.142442E+00 3.333335E-01 5.555562E-01 3.000000E+00 3.000000E+00 0.000000E+00 3.333335E-01
143500 7.021670E+03 2.142442E+00 3.333335E-01 5.555562E-01 3.000000E+00 3.000000E+00 0.000000E+00 3.333335E-01
144000 7.021712E+03 2.142442E+00 3.333335E-01 5.555562E-01 3.000000E+00 3.000000E+00 0.000000E+00 3.333335E-01
144500 7.021753E+03 2.142442E+00 3.333335E-01 5.555562E-01 3.000000E+00 3.000000E+00 0.000000E+00 3.333335E-01
145000 7.021794E+03 2.142442E+00 3.333335E-01 5.555562E-01 3.000000E+00 3.000000E+00 0.000000E+00 3.333335E-01
145500 7.021835E+03 2.142442E+00 3.333335E-01 5.555562E-01 3.000000E+00 3.000000E+00 0.000000E+00 3.333335E-01
146000 7.021877E+03 2.142442E+00 3.333335E-01 5.555562E-01 3.000000E+00 3.000000E+00 0.000000E+00 3.333335E-01
146500 7.021919E+03 2.142442E+00 3.333335E-01 5.555562E-01 3.000000E+00 3.000000E+00 0.000000E+00 3.333335E-01
147000 7.021959E+03 2.142442E+00 3.333335E-01 5.555562E-01 3.000000E+00 3.000000E+00 0.000000E+00 3.333335E-01
147500 7.022001E+03 2.142442E+00 3.333335E-01 5.555562E-01 3.000000E+00 3.000000E+00 0.000000E+00 3.333335E-01
148000 7.022043E+03 2.142442E+00 3.333335E-01 5.555562E-01 3.000000E+00 3.000000E+00 0.000000E+00 3.333335E-01
148500 7.022086E+03 2.142442E+00 3.333335E-01 5.555562E-01 3.000000E+00 3.000000E+00 0.000000E+00 3.333335E-01
149000 7.022129E+03 2.142442E+00 3.333335E-01 5.555562E-01 3.000000E+00 3.000000E+00 0.000000E+00 3.333335E-01
149500 7.022171E+03 2.142442E+00 3.333335E-01 5.555562E-01 3.000000E+00 3.000000E+00 0.000000E+00 3.333335E-01
150000 7.022213E+03 2.142442E+00 3.333335E-01 5.555562E-01 3.000000E+00 3.000000E+00 0.000000E+00 3.333335E-01
150500 7.022253E+03 2.142442E+00 3.333335E-01 5.555562E-01 3.000000E+00 3.000000E+00 0.000000E+00 3.333335E-01
151000 7.022294E+03 2.142442E+00 3.333335E-01 5.555562E-01 3.000000E+00 3.000000E+00 0.000000E+00 3.333335E-01
151500 7.022334E+03 2.142442E+00 3.333335E-01 5.555562E-01 3.000000E+00 3.000000E+00 0.000000E+00 3.333335E-01
152000 7.022374E+03 2.142442E+00 3.333335E-01 5.555562E-01 3.000000E+00 3.000000E+00 0.000000E+00 3.333335E-01
152500 7.022415E+03 2.142822E+00 3.333335E-01 5.555562E-01 3.000000E+00 3.000000E+00 0.000000E+00 3.333335E-01
153000 7.022456E+03 2.142442E+00 3.333335E-01 5.555562E-01 3.000000E+00 3.000000E+00 0.000000E+00 3.333335E-01
153500 7.022497E+03 2.142442E+00 3.333335E-01 5.555562E-01 3.000000E+00 3.000000E+00 0.000000E+00 3.333335E-01
154000 7.022538E+03 2.142442E+00 3.333335E-01 5.555562E-01 3.000000E+00 3.000000E+00 0.000000E+00 3.333335E-01
154500 7.022579E+03 2.142442E+00 3.333335E-01 5.555562E-01 3.000000E+00 3.000000E+00 0.000000E+00 3.333335E-01
155000 7.022620E+03 2.142442E+00 3.333335E-01 5.555562E-01 3.000000E+00 3.000000E+00 0.000000E+00 3.333335E-01
155500 7.022661E+03 2.142442E+00 3.333335E-01 5.555562E-01 3.000000E+00 3.000000E+00 0.000000E+00 3.333335E-01
156000 7.022702E+03 2.142442E+00 3.333335E-01 5.555562E-01 3.000000E+00 3.000000E+00 0.000000E+00 3.333335E-01
156500 7.022744E+03 2.142442E+00 3.333335E-01 5.555562E-01 3.000000E+00 3.000000E+00 0.000000E+00 3.333335E-01
157000 7.022785E+03 2.142442E+00 3.333335E-01 5.555562E-01 3.000000E+00 3.000000E+00 0.000000E+00 3.333335E-01
157500 7.022826E+03 2.142442E+00 3.333335E-01 5.555562E-01 3.000000E+00 3.000000E+00 0.000000E+00 3.333335E-01
158000 7.022867E+03 2.143018E+00 3.344446E-01 5.555562E-01 3.000000E+00 3.000000E+00 0.000000E+00 3.333335E-01
158500 7.022909E+03 2.142442E+00 3.333335E-01 5.555562E-01 3.000000E+00 3.000000E+00 0.000000E+00 3.333335E-01
159000 7.022950E+03 2.142442E+00 3.333335E-01 5.555562E-01 3.000000E+00 3.000000E+00 0.000000E+00 3.333335E-01
159500 7.022992E+03 2.142442E+00 3.333335E-01 5.555562E-01 3.000000E+00 3.000000E+00 0.000000E+00 3.333335E-01
160000 7.023034E+03 2.142442E+00 3.333335E-01 5.555562E-01 3.000000E+00 3.000000E+00 0.000000E+00 3.333335E-01
160500 7.023075E+03 2.142455E+00 3.333335E-01 5.555562E-01 3.000000E+00 3.000000E+00 0.000000E+00 3.333335E-01
161000 7.023117E+03 2.142442E+00 3.333335E-01 5.555562E-01 3.000000E+00 3.000000E+00 0.000000E+00 3.333335E-01
161500 7.023158E+03 2.142446E+00 3.333335E-01 5.555562E-01 3.000000E+00 3.000000E+00 0.000000E+00 3.333335E-01
162000 7.023200E+03 2.142447E+00 3.333335E-01 5.555562E-01 3.000000E+00 3.000000E+00 0.000000E+00 3.333335E-01
162500 7.023241E+03 2.142442E+00 3.333335E-01 5.555562E-01 3.000000E+00 3.000000E+00 0.000000E+00 3.333335E-01
163000 7.023283E+03 2.142442E+00 3.333335E-01 5.555562E-01 3.000000E+00 3.000000E+00 0.000000E+00 3.333335E-01
163500 7.023325E+03 2.142442E+00 3.333335E-01 5.555562E-01 3.000000E+00 3.000000E+00 0.000000E+00 3.333335E-01
164000 7.023367E+03 2.142442E+00 3.333335E-01 5.555562E-01 3.000000E+00 3.000000E+00 0.000000E+00 3.333335E-01
164500 7.023407E+03 2.142442E+00 3.333335E-01 5.555562E-01 3.000000E+00 3.000000E+00 0.000000E+00 3.333335E-01
165000 7.023448E+03 2.142442E+00 3.333335E-01 5.555562E-01 3.000000E+00 3.000000E+00 0.000000E+00 3.333335E-01
165500 7.023488E+03 2.142442E+00 3.333335E-01 5.555562E-01 3.000000E+00 3.000000E+00 0.000000E+00 3.333335E-01
166000 7.023530E+03 2.142388E+00 3.333335E-01 5.555562E-01 3.000000E+00 3.000000E+00 0.000000E+00 3.333335E-01
166500 7.023572E+03 2.142442E+00 3.333335E-01 5.555562E-01 3.000000E+00 3.000000E+00 0.000000E+00 3.333335E-01
167000 7.023613E+03 2.142442E+00 3.333335E-01 5.555562E-01 3.000000E+00 3.000000E+00 0.000000E+00 3.333335E-01
167500 7.023653E+03 2.142561E+00 3.333335E-01 5.577784E-01 2.980000E+00 2.980000E+00 0.000000E+00 3.311113E-01
168000 7.023694E+03 2.142442E+00 3.333335E-01 5.555562E-01 3.000000E+00 3.000000E+00 0.000000E+00 3.333335E-01
168500 7.023736E+03 2.142442E+00 3.333335E-01 5.555562E-01 3.000000E+00 3.000000E+00 0.000000E+00 3.333335E-01
169000 7.023776E+03 2.142442E+00 3.333335E-01 5.555562E-01 3.000000E+00 3.000000E+00 0.000000E+00 3.333335E-01
169500 7.023817E+03 2.142442E+00 3.333335E-01 5.555562E-01 3.000000E+00 3.000000E+00 0.000000E+00 3.333335E-01
170000 7.023858E+03 2.142442E+00 3.333335E-01 5.555562E-01 3.000000E+00 3.000000E+00 0.000000E+00 3.333335E-01
170500 7.023898E+03 2.142442E+00 3.333335E-01 5.555562E-01 3.000000E+00 3.000000E+00 0.000000E+00 3.333335E-01
171000 7.023938E+03 2.142442E+00 3.333335E-01 5.555562E-01 3.000000E+00 3.000000E+00 0.000000E+00 3.333335E-01
171500 7.023978E+03 2.142442E+00 3.333335E-01 5.555562E-01 3.000000E+00 3.000000E+00 0.000000E+00 3.333335E-01
172000 7.024014E+03 2.058548E+00 3.333335E-01 4.444441E-01 3.000000E+00 3.000000E+00 0.000000E+00 3.333335E-01
172500 7.024050E+03 2.058548E+00 3.333335E-01 4.444441E-01 3.000000E+00 3.000000E+00 0.000000E+00 3.333335E-01
173000 7.024085E+03 2.058548E+00 3.333335E-01 4.444441E-01 3.000000E+00 3.000000E+00 0.000000E+00 3.333335E-01
173500 7.024120E+03 2.058548E+00 3.333335E-01 4.444441E-01 3.000000E+00 3.000000E+00 0.000000E+00 3.333335E-01
174000 7.024156E+03 2.058548E+00 3.333335E-01 4.444441E-01 3.000000E+00 3.000000E+00 0.000000E+00 3.333335E-01
174500 7.024192E+03 2.058548E+00 3.333335E-01 4.444441E-01 3.000000E+00 3.000000E+00 0.000000E+00 3.333335E-01
175000 7.024228E+03 2.056412E+00 3.333335E-01 4.444441E-01 3.000000E+00 3.000000E+00 0.000000E+00 3.333335E-01
175500 7.024263E+03 2.058548E+00 3.333335E-01 4.444441E-01 3.000000E+00 3.000000E+00 0.000000E+00 3.333335E-01
176000 7.024299E+03 2.061959E+00 3.333335E-01 4.444441E-01 3.000000E+00 3.000000E+00 0.000000E+00 3.333335E-01
176500 7.024333E+03 2.071785E+00 3.333335E-01 4.444441E-01 3.000000E+00 3.000000E+00 0.000000E+00 3.333335E-01
177000 7.024368E+03 2.071785E+00 3.333335E-01 4.444441E-01 3.000000E+00 3.000000E+00 0.000000E+00 3.333335E-01
177500 7.024402E+03 2.071785E+00 3.333335E-01 4.444441E-01 3.000000E+00 3.000000E+00 0.000000E+00 3.333335E-01
178000 7.024436E+03 2.071785E+00 3.333335E-01 4.444441E-01 3.000000E+00 3.000000E+00 0.000000E+00 3.333335E-01
178500 7.024471E+03 2.071785E+00 3.333335E-01 4.444441E-01 3.000000E+00 3.000000E+00 0.000000E+00 3.333335E-01
179000 7.024505E+03 2.071785E+00 3.333335E-01 4.444441E-01 3.000000E+00 3.000000E+00 0.000000E+00 3.333335E-01
179500 7.024540E+03 2.071785E+00 3.333335E-01 4.444441E-01 3.000000E+00 3.000000E+00 0.000000E+00 3.333335E-01
180000 7.024574E+03 2.071785E+00 3.333335E-01 4.444441E-01 3.000000E+00 3.000000E+00 0.000000E+00 3.333335E-01
180500 7.024609E+03 2.071785E+00 3.333335E-01 4.444441E-01 3.000000E+00 3.000000E+00 0.000000E+00 3.333335E-01
181000 7.024645E+03 2.071785E+00 3.333335E-01 4.444441E-01 3.000000E+00 3.000000E+00 0.000000E+00 3.333335E-01
181500 7.024680E+03 2.071785E+00 3.333335E-01 4.444441E-01 3.000000E+00 3.000000E+00 0.000000E+00 3.333335E-01
182000 7.024715E+03 2.071785E+00 3.333335E-01 4.444441E-01 3.000000E+00 3.000000E+00 0.000000E+00 3.333335E-01
182500 7.024749E+03 2.071785E+00 3.333335E-01 4.444441E-01 3.000000E+00 3.000000E+00 0.000000E+00 3.333335E-01
183000 7.024783E+03 2.071785E+00 3.333335E-01 4.444441E-01 3.000000E+00 3.000000E+00 0.000000E+00 3.333335E-01
183500 7.024818E+03 2.071785E+00 3.333335E-01 4.444441E-01 3.000000E+00 3.000000E+00 0.000000E+00 3.333335E-01
184000 7.024852E+03 2.063002E+00 3.333335E-01 4.444441E-01 3.000000E+00 3.000000E+00 0.000000E+00 3.333335E-01
184500 7.024887E+03 2.069047E+00 3.300002E-01 4.444441E-01 3.000000E+00 3.000000E+00 0.000000E+00 3.333335E-01
185000 7.024921E+03 2.071785E+00 3.333335E-01 4.444441E-01 3.000000E+00 3.000000E+00 0.000000E+00 3.333335E-01
185500 7.024955E+03 2.071785E+00 3.333335E-01 4.444441E-01 3.000000E+00 3.000000E+00 0.000000E+00 3.333335E-01
186000 7.024988E+03 2.105756E+00 3.999999E-01 4.444441E-01 3.000000E+00 3.000000E+00 0.000000E+00 3.333335E-01
186500 7.025020E+03 2.133185E+00 4.444441E-01 4.499997E-01 3.000000E+00 3.000000E+00 0.000000E+00 3.333335E-01
187000 7.025053E+03 2.128942E+00 4.444441E-01 4.444441E-01 3.000000E+00 3.000000E+00 0.000000E+00 3.333335E-01
187500 7.025086E+03 2.128959E+00 4.444441E-01 4.444441E-01 3.000000E+00 3.000000E+00 0.000000E+00 3.333335E-01
188000 7.025119E+03 2.128959E+00 4.444441E-01 4.444441E-01 3.000000E+00 3.000000E+00 0.000000E+00 3.333335E-01
188500 7.025151E+03 2.128959E+00 4.444441E-01 4.444441E-01 3.000000E+00 3.000000E+00 0.000000E+00 3.333335E-01
189000 7.025184E+03 2.128959E+00 4.444441E-01 4.444441E-01 3.000000E+00 3.000000E+00 0.000000E+00 3.333335E-01
189500 7.025218E+03 2.128959E+00 4.444441E-01 4.444441E-01 3.000000E+00 3.000000E+00 0.000000E+00 3.333335E-01
190000 7.025250E+03 2.128959E+00 4.444441E-01 4.444441E-01 3.000000E+00 3.000000E+00 0.000000E+00 3.333335E-01
190500 7.025283E+03 2.128959E+00 4.444441E-01 4.444441E-01 3.000000E+00 3.000000E+00 0.000000E+00 3.333335E-01
191000 7.025315E+03 2.128959E+00 4.444441E-01 4.444441E-01 3.000000E+00 3.000000E+00 0.000000E+00 3.333335E-01
191500 7.025348E+03 2.128959E+00 4.444441E-01 4.444441E-01 3.000000E+00 3.000000E+00 0.000000E+00 3.333335E-01
192000 7.025379E+03 2.128959E+00 4.444441E-01 4.444441E-01 3.000000E+00 3.000000E+00 0.000000E+00 3.333335E-01
192500 7.025411E+03 2.128959E+00 4.444441E-01 4.444441E-01 3.000000E+00 3.000000E+00 0.000000E+00 3.333335E-01
193000 7.025444E+03 2.128959E+00 4.444441E-01 4.444441E-01 3.000000E+00 3.000000E+00 0.000000E+00 3.333335E-01
193500 7.025476E+03 2.128959E+00 4.444441E-01 4.444441E-01 3.000000E+00 3.000000E+00 0.000000E+00 3.333335E-01
194000 7.025508E+03 2.128939E+00 4.444441E-01 4.444441E-01 3.000000E+00 3.000000E+00 0.000000E+00 3.333335E-01
194500 7.025539E+03 2.128959E+00 4.444441E-01 4.444441E-01 3.000000E+00 3.000000E+00 0.000000E+00 3.333335E-01
195000 7.025571E+03 2.128959E+00 4.444441E-01 4.444441E-01 3.000000E+00 3.000000E+00 0.000000E+00 3.333335E-01
195500 7.025603E+03 2.128959E+00 4.444441E-01 4.444441E-01 3.000000E+00 3.000000E+00 0.000000E+00 3.333335E-01
196000 7.025634E+03 2.128959E+00 4.444441E-01 4.444441E-01 3.000000E+00 3.000000E+00 0.000000E+00 3.333335E-01
196500 7.025666E+03 2.128959E+00 4.444441E-01 4.444441E-01 3.000000E+00 3.000000E+00 0.000000E+00 3.333335E-01
197000 7.025697E+03 2.128959E+00 4.444441E-01 4.444441E-01 3.000000E+00 3.000000E+00 0.000000E+00 3.333335E-01
197500 7.025729E+03 2.128959E+00 4.444441E-01 4.444441E-01 3.000000E+00 3.000000E+00 0.000000E+00 3.333335E-01
198000 7.025761E+03 2.234653E+00 4.444441E-01 5.555562E-01 3.000000E+00 3.000000E+00 0.000000E+00 3.333335E-01
198500 7.025792E+03 2.234653E+00 4.444441E-01 5.555562E-01 3.000000E+00 3.000000E+00 0.000000E+00 3.333335E-01
199000 7.025824E+03 2.234653E+00 4.444441E-01 5.555562E-01 3.000000E+00 3.000000E+00 0.000000E+00 3.333335E-01
199500 7.025855E+03 2.234653E+00 4.444441E-01 5.555562E-01 3.000000E+00 3.000000E+00 0.000000E+00 3.333335E-01
200000 7.025887E+03 2.234653E+00 4.444441E-01 5.555562E-01 3.000000E+00 3.000000E+00 0.000000E+00 3.333335E-01
200500 7.025919E+03 2.234653E+00 4.444441E-01 5.555562E-01 3.000000E+00 3.000000E+00 0.000000E+00 3.333335E-01
201000 7.025951E+03 2.234653E+00 4.444441E-01 5.555562E-01 3.000000E+00 3.000000E+00 0.000000E+00 3.333335E-01
201500 7.025983E+03 2.292840E+00 5.555562E-01 5.555562E-01 3.000000E+00 3.000000E+00 0.000000E+00 3.333335E-01
202000 7.026015E+03 2.292841E+00 5.555562E-01 5.555562E-01 3.000000E+00 3.000000E+00 0.000000E+00 3.333335E-01
202500 7.026047E+03 2.292841E+00 5.555562E-01 5.555562E-01 3.000000E+00 3.000000E+00 0.000000E+00 3.333335E-01
203000 7.026079E+03 2.292841E+00 5.555562E-01 5.555562E-01 3.000000E+00 3.000000E+00 0.000000E+00 3.333335E-01
203500 7.026111E+03 2.292841E+00 5.555562E-01 5.555562E-01 3.000000E+00 3.000000E+00 0.000000E+00 3.333335E-01
204000 7.026143E+03 2.292841E+00 5.555562E-01 5.555562E-01 3.000000E+00 3.000000E+00 0.000000E+00 3.333335E-01
204500 7.026175E+03 2.292841E+00 5.555562E-01 5.555562E-01 3.000000E+00 3.000000E+00 0.000000E+00 3.333335E-01
205000 7.026207E+03 2.292841E+00 5.555562E-01 5.555562E-01 3.000000E+00 3.000000E+00 0.000000E+00 3.333335E-01
205500 7.026239E+03 2.292841E+00 5.555562E-01 5.555562E-01 3.000000E+00 3.000000E+00 0.000000E+00 3.333335E-01
206000 7.026271E+03 2.292841E+00 5.555562E-01 5.555562E-01 3.000000E+00 3.000000E+00 0.000000E+00 3.333335E-01
206500 7.026303E+03 2.292841E+00 5.555562E-01 5.555562E-01 3.000000E+00 3.000000E+00 0.000000E+00 3.333335E-01
207000 7.026335E+03 2.292841E+00 5.555562E-01 5.555562E-01 3.000000E+00 3.000000E+00 0.000000E+00 3.333335E-01
207500 7.026367E+03 2.292841E+00 5.555562E-01 5.555562E-01 3.000000E+00 3.000000E+00 0.000000E+00 3.333335E-01
208000 7.026399E+03 2.292839E+00 5.555562E-01 5.555562E-01 3.000000E+00 3.000000E+00 0.000000E+00 3.333335E-01
208500 7.026431E+03 2.292841E+00 5.555562E-01 5.555562E-01 3.000000E+00 3.000000E+00 0.000000E+00 3.333335E-01
209000 7.026463E+03 2.292841E+00 5.555562E-01 5.555562E-01 3.000000E+00 3.000000E+00 0.000000E+00 3.333335E-01
209500 7.026494E+03 2.208949E+00 5.555562E-01 4.444441E-01 3.000000E+00 3.000000E+00 0.000000E+00 3.333335E-01
210000 7.026525E+03 2.209991E+00 5.555562E-01 4.444441E-01 2.980000E+00 2.980000E+00 0.000000E+00 3.311113E-01
210500 7.026556E+03 2.208948E+00 5.555562E-01 4.444441E-01 3.000000E+00 3.000000E+00 0.000000E+00 3.333335E-01
211000 7.026587E+03 2.208948E+00 5.555562E-01 4.444441E-01 3.000000E+00 3.000000E+00 0.000000E+00 3.333335E-01
211500 7.026617E+03 2.208948E+00 5.555562E-01 4.444441E-01 3.000000E+00 3.000000E+00 0.000000E+00 3.333335E-01
212000 7.026647E+03 2.208499E+00 5.555562E-01 4.444441E-01 3.000000E+00 3.000000E+00 0.000000E+00 3.333335E-01
212500 7.026678E+03 2.208948E+00 5.555562E-01 4.444441E-01 3.000000E+00 3.000000E+00 0.000000E+00 3.333335E-01
213000 7.026708E+03 2.208935E+00 5.555562E-01 4.444441E-01 3.000000E+00 3.000000E+00 0.000000E+00 3.333335E-01
213500 7.026739E+03 2.208948E+00 5.555562E-01 4.444441E-01 3.000000E+00 3.000000E+00 0.000000E+00 3.333335E-01
214000 7.026769E+03 2.208948E+00 5.555562E-01 4.444441E-01 3.000000E+00 3.000000E+00 0.000000E+00 3.333335E-01
214500 7.026800E+03 2.208948E+00 5.555562E-01 4.444441E-01 3.000000E+00 3.000000E+00 0.000000E+00 3.333335E-01
215000 7.026832E+03 2.208711E+00 5.555562E-01 4.444441E-01 3.000000E+00 3.000000E+00 0.000000E+00 3.333335E-01
215500 7.026864E+03 2.208948E+00 5.555562E-01 4.444441E-01 3.000000E+00 3.000000E+00 0.000000E+00 3.333335E-01
216000 7.026896E+03 2.208948E+00 5.555562E-01 4.444441E-01 3.000000E+00 3.000000E+00 0.000000E+00 3.333335E-01
216500 7.026928E+03 2.208948E+00 5.555562E-01 4.444441E-01 3.000000E+00 3.000000E+00 0.000000E+00 3.333335E-01
217000 7.026960E+03 2.208947E+00 5.555562E-01 4.444441E-01 3.000000E+00 3.000000E+00 0.000000E+00 3.333335E-01
217500 7.026992E+03 2.207241E+00 5.544451E-01 4.433330E-01 3.010000E+00 3.010000E+00 0.000000E+00 3.344446E-01
218000 7.027024E+03 2.208948E+00 5.555562E-01 4.444441E-01 3.000000E+00 3.000000E+00 0.000000E+00 3.333335E-01
218500 7.027055E+03 2.208948E+00 5.555562E-01 4.444441E-01 3.000000E+00 3.000000E+00 0.000000E+00 3.333335E-01
219000 7.027088E+03 2.208948E+00 5.555562E-01 4.444441E-01 3.000000E+00 3.000000E+00 0.000000E+00 3.333335E-01
219500 7.027120E+03 2.206049E+00 5.522228E-01 4.444441E-01 3.000000E+00 3.000000E+00 0.000000E+00 3.333335E-01
220000 7.027151E+03 2.208948E+00 5.555562E-01 4.444441E-01 3.000000E+00 3.000000E+00 0.000000E+00 3.333335E-01
220500 7.027183E+03 2.208948E+00 5.555562E-01 4.444441E-01 3.000000E+00 3.000000E+00 0.000000E+00 3.333335E-01
221000 7.027213E+03 2.208948E+00 5.555562E-01 4.444441E-01 3.000000E+00 3.000000E+00 0.000000E+00 3.333335E-01
221500 7.027244E+03 2.208948E+00 5.555562E-01 4.444441E-01 3.000000E+00 3.000000E+00 0.000000E+00 3.333335E-01
222000 7.027275E+03 2.208948E+00 5.555562E-01 4.444441E-01 3.000000E+00 3.000000E+00 0.000000E+00 3.333335E-01
222500 7.027307E+03 2.208948E+00 5.555562E-01 4.444441E-01 3.000000E+00 3.000000E+00 0.000000E+00 3.333335E-01
223000 7.027338E+03 2.208948E+00 5.555562E-01 4.444441E-01 3.000000E+00 3.000000E+00 0.000000E+00 3.333335E-01
223500 7.027370E+03 2.208948E+00 5.555562E-01 4.444441E-01 3.000000E+00 3.000000E+00 0.000000E+00 3.333335E-01
224000 7.027402E+03 2.208948E+00 5.555562E-01 4.444441E-01 3.000000E+00 3.000000E+00 0.000000E+00 3.333335E-01
224500 7.027434E+03 2.208921E+00 5.555562E-01 4.444441E-01 3.000000E+00 3.000000E+00 0.000000E+00 3.333335E-01
225000 7.027466E+03 2.208938E+00 5.555562E-01 4.444441E-01 3.000000E+00 3.000000E+00 0.000000E+00 3.333335E-01
225500 7.027498E+03 2.208948E+00 5.555562E-01 4.444441E-01 3.000000E+00 3.000000E+00 0.000000E+00 3.333335E-01
226000 7.027530E+03 2.208948E+00 5.555562E-01 4.444441E-01 3.000000E+00 3.000000E+00 0.000000E+00 3.333335E-01
226500 7.027562E+03 2.208948E+00 5.555562E-01 4.444441E-01 3.000000E+00 3.000000E+00 0.000000E+00 3.333335E-01
227000 7.027594E+03 2.208951E+00 5.555562E-01 4.444441E-01 3.000000E+00 3.000000E+00 0.000000E+00 3.333335E-01
227500 7.027627E+03 2.209291E+00 5.555562E-01 4.444441E-01 2.990000E+00 2.990000E+00 0.000000E+00 3.322224E-01
228000 7.027658E+03 2.208948E+00 5.555562E-01 4.444441E-01 3.000000E+00 3.000000E+00 0.000000E+00 3.333335E-01
228500 7.027690E+03 2.208948E+00 5.555562E-01 4.444441E-01 3.000000E+00 3.000000E+00 0.000000E+00 3.333335E-01
229000 7.027724E+03 2.208948E+00 5.555562E-01 4.444441E-01 3.000000E+00 3.000000E+00 0.000000E+00 3.333335E-01
229500 7.027756E+03 2.208948E+00 5.555562E-01 4.444441E-01 3.000000E+00 3.000000E+00 0.000000E+00 3.333335E-01
230000 7.027788E+03 2.208948E+00 5.555562E-01 4.444441E-01 3.000000E+00 3.000000E+00 0.000000E+00 3.333335E-01
230500 7.027819E+03 2.208948E+00 5.555562E-01 4.444441E-01 3.000000E+00 3.000000E+00 0.000000E+00 3.333335E-01
231000 7.027849E+03 2.208948E+00 5.555562E-01 4.444441E-01 3.000000E+00 3.000000E+00 0.000000E+00 3.333335E-01
231500 7.027880E+03 2.208948E+00 5.555562E-01 4.444441E-01 3.000000E+00 3.000000E+00 0.000000E+00 3.333335E-01
232000 7.027910E+03 2.208935E+00 5.555562E-01 4.444441E-01 3.000000E+00 3.000000E+00 0.000000E+00 3.333335E-01
232500 7.027940E+03 2.214273E+00 5.555562E-01 4.444441E-01 3.000000E+00 3.000000E+00 0.000000E+00 3.333335E-01
233000 7.027970E+03 2.151077E+00 4.944443E-01 4.444441E-01 2.450000E+00 3.000000E+00 -5.500000E-01 3.944443E-01
233500 7.028000E+03 2.102665E+00 4.444441E-01 4.444441E-01 2.000000E+00 3.000000E+00 -1.000000E+00 4.444441E-01
234000 7.028030E+03 2.102665E+00 4.444441E-01 4.444441E-01 2.000000E+00 3.000000E+00 -1.000000E+00 4.444441E-01
234500 7.028060E+03 2.103982E+00 4.444441E-01 4.455552E-01 2.010000E+00 3.000000E+00 -9.900000E-01 4.433330E-01
235000 7.028090E+03 2.102665E+00 4.444441E-01 4.444441E-01 2.000000E+00 3.000000E+00 -1.000000E+00 4.444441E-01
235500 7.028120E+03 2.102665E+00 4.444441E-01 4.444441E-01 2.000000E+00 3.000000E+00 -1.000000E+00 4.444441E-01
236000 7.028150E+03 2.102665E+00 4.444441E-01 4.444441E-01 2.000000E+00 3.000000E+00 -1.000000E+00 4.444441E-01
236500 7.028180E+03 2.102665E+00 4.444441E-01 4.444441E-01 2.000000E+00 3.000000E+00 -1.000000E+00 4.444441E-01
237000 7.028211E+03 2.102665E+00 4.444441E-01 4.444441E-01 2.000000E+00 3.000000E+00 -1.000000E+00 4.444441E-01
237500 7.028241E+03 2.103208E+00 4.444441E-01 4.444441E-01 1.980000E+00 2.980000E+00 -1.000000E+00 4.422219E-01
238000 7.028271E+03 2.102665E+00 4.444441E-01 4.444441E-01 2.000000E+00 3.000000E+00 -1.000000E+00 4.444441E-01
238500 7.028299E+03 2.102665E+00 4.444441E-01 4.444441E-01 2.000000E+00 3.000000E+00 -1.000000E+00 4.444441E-01
239000 7.028328E+03 2.102665E+00 4.444441E-01 4.444441E-01 2.000000E+00 3.000000E+00 -1.000000E+00 4.444441E-01
239500 7.028358E+03 2.102665E+00 4.444441E-01 4.444441E-01 2.000000E+00 3.000000E+00 -1.000000E+00 4.444441E-01
240000 7.028387E+03 2.102665E+00 4.444441E-01 4.444441E-01 2.000000E+00 3.000000E+00 -1.000000E+00 4.444441E-01
240500 7.028416E+03 2.102665E+00 4.444441E-01 4.444441E-01 2.000000E+00 3.000000E+00 -1.000000E+00 4.444441E-01
241000 7.028445E+03 2.102665E+00 4.444441E-01 4.444441E-01 2.000000E+00 3.000000E+00 -1.000000E+00 4.444441E-01
241500 7.028474E+03 2.102665E+00 4.444441E-01 4.444441E-01 2.000000E+00 3.000000E+00 -1.000000E+00 4.444441E-01
242000 7.028503E+03 2.102665E+00 4.444441E-01 4.444441E-01 2.000000E+00 3.000000E+00 -1.000000E+00 4.444441E-01
242500 7.028531E+03 2.102665E+00 4.444441E-01 4.444441E-01 2.000000E+00 3.000000E+00 -1.000000E+00 4.444441E-01
243000 7.028560E+03 2.102665E+00 4.444441E-01 4.444441E-01 2.000000E+00 3.000000E+00 -1.000000E+00 4.444441E-01
243500 7.028589E+03 2.102665E+00 4.444441E-01 4.444441E-01 2.000000E+00 3.000000E+00 -1.000000E+00 4.444441E-01
244000 7.028617E+03 2.102665E+00 4.444441E-01 4.444441E-01 2.000000E+00 3.000000E+00 -1.000000E+00 4.444441E-01
244500 7.028646E+03 2.102665E+00 4.444441E-01 4.444441E-01 2.000000E+00 3.000000E+00 -1.000000E+00 4.444441E-01
245000 7.028675E+03 2.102665E+00 4.444441E-01 4.444441E-01 2.000000E+00 3.000000E+00 -1.000000E+00 4.444441E-01
245500 7.028704E+03 2.102648E+00 4.444441E-01 4.444441E-01 2.000000E+00 3.000000E+00 -1.000000E+00 4.444441E-01
246000 7.028733E+03 2.102665E+00 4.444441E-01 4.444441E-01 2.000000E+00 3.000000E+00 -1.000000E+00 4.444441E-01
246500 7.028762E+03 2.102665E+00 4.444441E-01 4.444441E-01 2.000000E+00 3.000000E+00 -1.000000E+00 4.444441E-01
247000 7.028791E+03 2.102665E+00 4.444441E-01 4.444441E-01 2.000000E+00 3.000000E+00 -1.000000E+00 4.444441E-01
247500 7.028819E+03 2.102665E+00 4.444441E-01 4.444441E-01 2.000000E+00 3.000000E+00 -1.000000E+00 4.444441E-01
248000 7.028848E+03 2.102665E+00 4.444441E-01 4.444441E-01 2.000000E+00 3.000000E+00 -1.000000E+00 4.444441E-01
248500 7.028877E+03 2.102665E+00 4.444441E-01 4.444441E-01 2.000000E+00 3.000000E+00 -1.000000E+00 4.444441E-01
249000 7.028906E+03 2.102665E+00 4.444441E-01 4.444441E-01 2.000000E+00 3.000000E+00 -1.000000E+00 4.444441E-01
249500 7.028934E+03 2.102665E+00 4.444441E-01 4.444441E-01 2.000000E+00 3.000000E+00 -1.000000E+00 4.444441E-01
250000 7.028963E+03 2.102826E+00 4.444441E-01 4.444441E-01 2.020000E+00 3.000000E+00 -9.800000E-01 4.422219E-01
250500 7.028991E+03 2.102665E+00 4.444441E-01 4.444441E-01 2.000000E+00 3.000000E+00 -1.000000E+00 4.444441E-01
251000 7.029019E+03 2.102665E+00 4.444441E-01 4.444441E-01 2.000000E+00 3.000000E+00 -1.000000E+00 4.444441E-01
251500 7.029047E+03 2.102665E+00 4.444441E-01 4.444441E-01 2.000000E+00 3.000000E+00 -1.000000E+00 4.444441E-01
252000 7.029075E+03 2.102665E+00 4.444441E-01 4.444441E-01 2.000000E+00 3.000000E+00 -1.000000E+00 4.444441E-01
252500 7.029104E+03 2.102937E+00 4.444441E-01 4.444441E-01 1.990000E+00 2.990000E+00 -1.000000E+00 4.433330E-01
253000 7.029132E+03 2.102665E+00 4.444441E-01 4.444441E-01 2.000000E+00 3.000000E+00 -1.000000E+00 4.444441E-01
253500 7.029161E+03 2.102665E+00 4.444441E-01 4.444441E-01 2.000000E+00 3.000000E+00 -1.000000E+00 4.444441E-01
254000 7.029190E+03 2.102648E+00 4.444441E-01 4.444441E-01 2.000000E+00 3.000000E+00 -1.000000E+00 4.444441E-01
254500 7.029220E+03 2.102665E+00 4.444441E-01 4.444441E-01 2.000000E+00 3.000000E+00 -1.000000E+00 4.444441E-01
255000 7.029249E+03 2.102665E+00 4.444441E-01 4.444441E-01 2.000000E+00 3.000000E+00 -1.000000E+00 4.444441E-01
255500 7.029278E+03 2.102665E+00 4.444441E-01 4.444441E-01 2.000000E+00 3.000000E+00 -1.000000E+00 4.444441E-01
256000 7.029307E+03 2.102665E+00 4.444441E-01 4.444441E-01 2.000000E+00 3.000000E+00 -1.000000E+00 4.444441E-01
256500 7.029337E+03 2.102665E+00 4.444441E-01 4.444441E-01 2.000000E+00 3.000000E+00 -1.000000E+00 4.444441E-01
257000 7.029366E+03 2.102665E+00 4.444441E-01 4.444441E-01 2.000000E+00 3.000000E+00 -1.000000E+00 4.444441E-01
257500 7.029395E+03 2.102669E+00 4.444441E-01 4.444441E-01 2.000000E+00 3.000000E+00 -1.000000E+00 4.444441E-01
258000 7.029424E+03 2.102683E+00 4.444441E-01 4.444441E-01 2.000000E+00 3.000000E+00 -1.000000E+00 4.444441E-01
258500 7.029453E+03 2.102665E+00 4.444441E-01 4.444441E-01 2.000000E+00 3.000000E+00 -1.000000E+00 4.444441E-01
259000 7.029482E+03 2.102665E+00 4.444441E-01 4.444441E-01 2.000000E+00 3.000000E+00 -1.000000E+00 4.444441E-01
259500 7.029512E+03 2.102665E+00 4.444441E-01 4.444441E-01 2.000000E+00 3.000000E+00 -1.000000E+00 4.444441E-01
260000 7.029541E+03 2.102665E+00 4.444441E-01 4.444441E-01 2.000000E+00 3.000000E+00 -1.000000E+00 4.444441E-01
260500 7.029570E+03 2.102675E+00 4.444441E-01 4.444441E-01 2.000000E+00 3.000000E+00 -1.000000E+00 4.444441E-01
261000 7.029599E+03 2.102665E+00 4.444441E-01 4.444441E-01 2.000000E+00 3.000000E+00 -1.000000E+00 4.444441E-01
261500 7.029628E+03 2.101613E+00 4.433330E-01 4.444441E-01 1.990000E+00 3.000000E+00 -1.010000E+00 4.455552E-01
262000 7.029657E+03 2.102665E+00 4.444441E-01 4.444441E-01 2.000000E+00 3.000000E+00 -1.000000E+00 4.444441E-01
262500 7.029685E+03 2.102665E+00 4.444441E-01 4.444441E-01 2.000000E+00 3.000000E+00 -1.000000E+00 4.444441E-01
263000 7.029714E+03 2.102665E+00 4.444441E-01 4.444441E-01 2.000000E+00 3.000000E+00 -1.000000E+00 4.444441E-01
263500 7.029743E+03 2.101026E+00 4.433330E-01 4.444441E-01 2.000000E+00 3.000000E+00 -1.000000E+00 4.444441E-01
264000 7.029772E+03 2.102663E+00 4.444441E-01 4.444441E-01 2.000000E+00 3.000000E+00 -1.000000E+00 4.444441E-01
264500 7.029801E+03 2.102665E+00 4.444441E-01 4.444441E-01 2.000000E+00 3.000000E+00 -1.000000E+00 4.444441E-01
265000 7.029830E+03 2.102665E+00 4.444441E-01 4.444441E-01 2.000000E+00 3.000000E+00 -1.000000E+00 4.444441E-01
265500 7.029860E+03 2.102665E+00 4.444441E-01 4.444441E-01 2.000000E+00 3.000000E+00 -1.000000E+00 4.444441E-01
266000 7.029889E+03 2.102665E+00 4.444441E-01 4.444441E-01 2.000000E+00 3.000000E+00 -1.000000E+00 4.444441E-01
266500 7.029918E+03 2.102665E+00 4.444441E-01 4.444441E-01 2.000000E+00 3.000000E+00 -1.000000E+00 4.444441E-01
267000 7.029947E+03 2.102665E+00 4.444441E-01 4.444441E-01 2.000000E+00 3.000000E+00 -1.000000E+00 4.444441E-01
267500 7.029975E+03 2.102665E+00 4.444441E-01 4.444441E-01 2.000000E+00 3.000000E+00 -1.000000E+00 4.444441E-01
268000 7.030004E+03 2.102665E+00 4.444441E-01 4.444441E-01 2.000000E+00 3.000000E+00 -1.000000E+00 4.444441E-01
268500 7.030033E+03 2.102665E+00 4.444441E-01 4.444441E-01 2.000000E+00 3.000000E+00 -1.000000E+00 4.444441E-01
269000 7.030062E+03 2.102665E+00 4.444441E-01 4.444441E-01 2.000000E+00 3.000000E+00 -1.000000E+00 4.444441E-01
269500 7.030091E+03 2.102427E+00 4.444441E-01 4.444441E-01 2.000000E+00 3.000000E+00 -1.000000E+00 4.444441E-01
270000 7.030121E+03 2.102665E+00 4.444441E-01 4.444441E-01 2.000000E+00 3.000000E+00 -1.000000E+00 4.444441E-01
270500 7.030150E+03 2.102665E+00 4.444441E-01 4.444441E-01 2.000000E+00 3.000000E+00 -1.000000E+00 4.444441E-01
271000 7.030178E+03 2.102665E+00 4.444441E-01 4.444441E-01 2.000000E+00 3.000000E+00 -1.000000E+00 4.444441E-01
271500 7.030207E+03 2.102665E+00 4.444441E-01 4.444441E-01 2.000000E+00 3.000000E+00 -1.000000E+00 4.444441E-01
272000 7.030236E+03 2.102665E+00 4.444441E-01 4.444441E-01 2.000000E+00 3.000000E+00 -1.000000E+00 4.444441E-01
272500 7.030266E+03 2.102665E+00 4.444441E-01 4.444441E-01 2.000000E+00 3.000000E+00 -1.000000E+00 4.444441E-01
273000 7.030296E+03 2.102665E+00 4.444441E-01 4.444441E-01 2.000000E+00 3.000000E+00 -1.000000E+00 4.444441E-01
273500 7.030326E+03 2.102665E+00 4.444441E-01 4.444441E-01 2.000000E+00 3.000000E+00 -1.000000E+00 4.444441E-01
274000 7.030355E+03 2.102665E+00 4.444441E-01 4.444441E-01 2.000000E+00 3.000000E+00 -1.000000E+00 4.444441E-01
274500 7.030385E+03 2.102665E+00 4.444441E-01 4.444441E-01 2.000000E+00 3.000000E+00 -1.000000E+00 4.444441E-01
275000 7.030414E+03 2.101957E+00 4.444441E-01 4.444441E-01 2.000000E+00 3.000000E+00 -1.000000E+00 4.444441E-01
275500 7.030443E+03 2.102665E+00 4.444441E-01 4.444441E-01 2.000000E+00 3.000000E+00 -1.000000E+00 4.444441E-01
276000 7.030473E+03 2.102665E+00 4.444441E-01 4.444441E-01 2.000000E+00 3.000000E+00 -1.000000E+00 4.444441E-01
276500 7.030502E+03 2.102665E+00 4.444441E-01 4.444441E-01 2.000000E+00 3.000000E+00 -1.000000E+00 4.444441E-01
277000 7.030531E+03 2.102665E+00 4.444441E-01 4.444441E-01 2.000000E+00 3.000000E+00 -1.000000E+00 4.444441E-01
277500 7.030560E+03 2.102665E+00 4.444441E-01 4.444441E-01 2.000000E+00 3.000000E+00 -1.000000E+00 4.444441E-01
278000 7.030588E+03 2.102665E+00 4.444441E-01 4.444441E-01 2.000000E+00 3.000000E+00 -1.000000E+00 4.444441E-01
278500 7.030617E+03 2.102666E+00 4.444441E-01 4.444441E-01 2.000000E+00 3.000000E+00 -1.000000E+00 4.444441E-01
279000 7.030646E+03 2.102665E+00 4.444441E-01 4.444441E-01 2.000000E+00 3.000000E+00 -1.000000E+00 4.444441E-01
279500 7.030675E+03 2.102665E+00 4.444441E-01 4.444441E-01 2.000000E+00 3.000000E+00 -1.000000E+00 4.444441E-01
280000 7.030704E+03 2.102663E+00 4.444441E-01 4.444441E-01 2.000000E+00 3.000000E+00 -1.000000E+00 4.444441E-01
280500 7.030733E+03 2.102665E+00 4.444441E-01 4.444441E-01 2.000000E+00 3.000000E+00 -1.000000E+00 4.444441E-01
281000 7.030761E+03 2.102665E+00 4.444441E-01 4.444441E-01 2.000000E+00 3.000000E+00 -1.000000E+00 4.444441E-01
281500 7.030791E+03 2.141086E+00 4.444441E-01 4.444441E-01 2.000000E+00 3.000000E+00 -1.000000E+00 4.444441E-01
282000 7.030820E+03 2.141085E+00 4.444441E-01 4.444441E-01 2.000000E+00 3.000000E+00 -1.000000E+00 4.444441E-01
282500 7.030850E+03 2.139934E+00 4.422219E-01 4.444441E-01 2.000000E+00 3.000000E+00 -1.000000E+00 4.444441E-01
283000 7.030880E+03 2.141085E+00 4.444441E-01 4.444441E-01 2.000000E+00 3.000000E+00 -1.000000E+00 4.444441E-01
283500 7.030909E+03 2.141086E+00 4.444441E-01 4.444441E-01 2.000000E+00 3.000000E+00 -1.000000E+00 4.444441E-01
284000 7.030939E+03 2.141086E+00 4.444441E-01 4.444441E-01 2.000000E+00 3.000000E+00 -1.000000E+00 4.444441E-01
284500 7.030970E+03 2.141086E+00 4.444441E-01 4.444441E-01 2.000000E+00 3.000000E+00 -1.000000E+00 4.444441E-01
285000 7.031000E+03 2.141085E+00 4.444441E-01 4.444441E-01 2.000000E+00 3.000000E+00 -1.000000E+00 4.444441E-01
285500 7.031030E+03 2.141085E+00 4.444441E-01 4.444441E-01 2.000000E+00 3.000000E+00 -1.000000E+00 4.444441E-01
286000 7.031060E+03 2.141086E+00 4.444441E-01 4.444441E-01 2.000000E+00 3.000000E+00 -1.000000E+00 4.444441E-01
286500 7.031090E+03 2.141086E+00 4.444441E-01 4.444441E-01 2.000000E+00 3.000000E+00 -1.000000E+00 4.444441E-01
287000 7.031120E+03 2.141086E+00 4.444441E-01 4.444441E-01 2.000000E+00 3.000000E+00 -1.000000E+00 4.444441E-01
287500 7.031150E+03 2.141086E+00 4.444441E-01 4.444441E-01 2.000000E+00 3.000000E+00 -1.000000E+00 4.444441E-01
288000 7.031180E+03 2.141086E+00 4.444441E-01 4.444441E-01 2.000000E+00 3.000000E+00 -1.000000E+00 4.444441E-01
288500 7.031209E+03 2.141086E+00 4.444441E-01 4.444441E-01 2.000000E+00 3.000000E+00 -1.000000E+00 4.444441E-01
289000 7.031239E+03 2.141086E+00 4.444441E-01 4.444441E-01 2.000000E+00 3.000000E+00 -1.000000E+00 4.444441E-01
289500 7.031267E+03 2.141086E+00 4.444441E-01 4.444441E-01 2.000000E+00 3.000000E+00 -1.000000E+00 4.444441E-01
290000 7.031296E+03 2.102668E+00 4.444441E-01 4.444441E-01 2.000000E+00 3.000000E+00 -1.000000E+00 4.444441E-01
290500 7.031324E+03 2.102665E+00 4.444441E-01 4.444441E-01 2.000000E+00 3.000000E+00 -1.000000E+00 4.444441E-01
291000 7.031352E+03 2.102665E+00 4.444441E-01 4.444441E-01 2.000000E+00 3.000000E+00 -1.000000E+00 4.444441E-01
291500 7.031381E+03 2.102665E+00 4.444441E-01 4.444441E-01 2.000000E+00 3.000000E+00 -1.000000E+00 4.444441E-01
292000 7.031409E+03 2.102665E+00 4.444441E-01 4.444441E-01 2.000000E+00 3.000000E+00 -1.000000E+00 4.444441E-01
292500 7.031437E+03 2.102665E+00 4.444441E-01 4.444441E-01 2.000000E+00 3.000000E+00 -1.000000E+00 4.444441E-01
293000 7.031465E+03 2.102499E+00 4.444441E-01 4.444441E-01 1.970000E+00 2.970000E+00 -1.000000E+00 4.411108E-01
293500 7.031493E+03 2.078693E+00 4.444441E-01 4.444441E-01 2.000000E+00 3.000000E+00 -1.000000E+00 4.444441E-01
294000 7.031521E+03 2.078693E+00 4.444441E-01 4.444441E-01 2.000000E+00 3.000000E+00 -1.000000E+00 4.444441E-01
294500 7.031549E+03 2.078688E+00 4.444441E-01 4.444441E-01 2.000000E+00 3.000000E+00 -1.000000E+00 4.444441E-01
295000 7.031577E+03 2.078693E+00 4.444441E-01 4.444441E-01 2.000000E+00 3.000000E+00 -1.000000E+00 4.444441E-01
295500 7.031605E+03 2.078686E+00 4.444441E-01 4.444441E-01 2.000000E+00 3.000000E+00 -1.000000E+00 4.444441E-01
296000 7.031633E+03 2.078695E+00 4.444441E-01 4.444441E-01 2.000000E+00 3.000000E+00 -1.000000E+00 4.444441E-01
296500 7.031661E+03 2.078693E+00 4.444441E-01 4.444441E-01 2.000000E+00 3.000000E+00 -1.000000E+00 4.444441E-01
297000 7.031688E+03 2.078693E+00 4.444441E-01 4.444441E-01 2.000000E+00 3.000000E+00 -1.000000E+00 4.444441E-01
297500 7.031716E+03 2.079074E+00 4.444441E-01 4.444441E-01 1.960000E+00 2.980000E+00 -1.020000E+00 4.444441E-01
298000 7.031743E+03 2.078693E+00 4.444441E-01 4.444441E-01 2.000000E+00 3.000000E+00 -1.000000E+00 4.444441E-01
298500 7.031771E+03 2.078693E+00 4.444441E-01 4.444441E-01 2.000000E+00 3.000000E+00 -1.000000E+00 4.444441E-01
299000 7.031799E+03 2.079236E+00 4.444441E-01 4.444441E-01 1.980000E+00 2.980000E+00 -1.000000E+00 4.422219E-01
299500 7.031826E+03 2.078693E+00 4.444441E-01 4.444441E-01 2.000000E+00 3.000000E+00 -1.000000E+00 4.444441E-01
300000 7.031854E+03 2.078693E+00 4.444441E-01 4.444441E-01 2.000000E+00 3.000000E+00 -1.000000E+00 4.444441E-01
300500 7.031883E+03 2.078693E+00 4.444441E-01 4.444441E-01 2.000000E+00 3.000000E+00 -1.000000E+00 4.444441E-01
301000 7.031910E+03 2.078693E+00 4.444441E-01 4.444441E-01 2.000000E+00 3.000000E+00 -1.000000E+00 4.444441E-01
301500 7.031938E+03 2.078693E+00 4.444441E-01 4.444441E-01 2.000000E+00 3.000000E+00 -1.000000E+00 4.444441E-01
302000 7.031966E+03 2.078693E+00 4.444441E-01 4.444441E-01 2.000000E+00 3.000000E+00 -1.000000E+00 4.444441E-01
302500 7.031994E+03 2.078693E+00 4.444441E-01 4.444441E-01 2.000000E+00 3.000000E+00 -1.000000E+00 4.444441E-01
303000 7.032022E+03 2.079236E+00 4.444441E-01 4.444441E-01 1.980000E+00 2.980000E+00 -1.000000E+00 4.422219E-01
303500 7.032050E+03 2.078693E+00 4.444441E-01 4.444441E-01 2.000000E+00 3.000000E+00 -1.000000E+00 4.444441E-01
304000 7.032078E+03 2.078638E+00 4.444441E-01 4.444441E-01 1.990000E+00 2.990000E+00 -1.000000E+00 4.433330E-01
304500 7.032106E+03 2.078693E+00 4.444441E-01 4.444441E-01 2.000000E+00 3.000000E+00 -1.000000E+00 4.444441E-01
305000 7.032133E+03 2.078693E+00 4.444441E-01 4.444441E-01 2.000000E+00 3.000000E+00 -1.000000E+00 4.444441E-01
305500 7.032162E+03 2.078693E+00 4.444441E-01 4.444441E-01 2.000000E+00 3.000000E+00 -1.000000E+00 4.444441E-01
306000 7.032189E+03 2.079720E+00 4.444441E-01 4.444441E-01 1.970000E+00 2.970000E+00 -1.000000E+00 4.411108E-01
306500 7.032218E+03 2.078693E+00 4.444441E-01 4.444441E-01 2.000000E+00 3.000000E+00 -1.000000E+00 4.444441E-01
307000 7.032246E+03 2.078693E+00 4.444441E-01 4.444441E-01 2.000000E+00 3.000000E+00 -1.000000E+00 4.444441E-01
307500 7.032274E+03 2.078694E+00 4.444441E-01 4.444441E-01 2.000000E+00 3.000000E+00 -1.000000E+00 4.444441E-01
308000 7.032303E+03 2.078693E+00 4.444441E-01 4.444441E-01 2.000000E+00 3.000000E+00 -1.000000E+00 4.444441E-01
308500 7.032332E+03 2.078693E+00 4.444441E-01 4.444441E-01 2.000000E+00 3.000000E+00 -1.000000E+00 4.444441E-01
309000 7.032360E+03 2.073598E+00 4.411108E-01 4.411108E-01 2.030000E+00 3.030000E+00 -1.000000E+00 4.477775E-01
309500 7.032387E+03 2.078693E+00 4.444441E-01 4.444441E-01 2.000000E+00 3.000000E+00 -1.000000E+00 4.444441E-01
310000 7.032416E+03 2.078704E+00 4.444441E-01 4.444441E-01 2.000000E+00 3.000000E+00 -1.000000E+00 4.444441E-01
310500 7.032443E+03 2.078693E+00 4.444441E-01 4.444441E-01 2.000000E+00 3.000000E+00 -1.000000E+00 4.444441E-01
311000 7.032471E+03 2.078698E+00 4.444441E-01 4.444441E-01 2.000000E+00 3.000000E+00 -1.000000E+00 4.444441E-01
311500 7.032499E+03 2.078693E+00 4.444441E-01 4.444441E-01 2.000000E+00 3.000000E+00 -1.000000E+00 4.444441E-01
312000 7.032527E+03 2.078693E+00 4.444441E-01 4.444441E-01 2.000000E+00 3.000000E+00 -1.000000E+00 4.444441E-01
312500 7.032555E+03 2.078693E+00 4.444441E-01 4.444441E-01 2.000000E+00 3.000000E+00 -1.000000E+00 4.444441E-01
313000 7.032583E+03 2.078693E+00 4.444441E-01 4.444441E-01 2.000000E+00 3.000000E+00 -1.000000E+00 4.444441E-01
313500 7.032611E+03 2.078693E+00 4.444441E-01 4.444441E-01 2.000000E+00 3.000000E+00 -1.000000E+00 4.444441E-01
314000 7.032638E+03 2.078693E+00 4.444441E-01 4.444441E-01 2.000000E+00 3.000000E+00 -1.000000E+00 4.444441E-01
314500 7.032667E+03 2.078693E+00 4.444441E-01 4.444441E-01 2.000000E+00 3.000000E+00 -1.000000E+00 4.444441E-01
315000 7.032695E+03 2.078693E+00 4.444441E-01 4.444441E-01 2.000000E+00 3.000000E+00 -1.000000E+00 4.444441E-01
315500 7.032724E+03 2.078693E+00 4.444441E-01 4.444441E-01 2.000000E+00 3.000000E+00 -1.000000E+00 4.444441E-01
316000 7.032752E+03 2.078693E+00 4.444441E-01 4.444441E-01 2.000000E+00 3.000000E+00 -1.000000E+00 4.444441E-01
316500 7.032780E+03 2.078693E+00 4.444441E-01 4.444441E-01 2.000000E+00 3.000000E+00 -1.000000E+00 4.444441E-01
317000 7.032808E+03 2.078693E+00 4.444441E-01 4.444441E-01 2.000000E+00 3.000000E+00 -1.000000E+00 4.444441E-01
317500 7.032837E+03 2.078693E+00 4.444441E-01 4.444441E-01 2.000000E+00 3.000000E+00 -1.000000E+00 4.444441E-01
318000 7.032865E+03 2.078693E+00 4.444441E-01 4.444441E-01 2.000000E+00 3.000000E+00 -1.000000E+00 4.444441E-01
318500 7.032893E+03 2.078704E+00 4.444441E-01 4.444441E-01 2.000000E+00 3.000000E+00 -1.000000E+00 4.444441E-01
319000 7.032922E+03 2.078693E+00 4.444441E-01 4.444441E-01 2.000000E+00 3.000000E+00 -1.000000E+00 4.444441E-01
319500 7.032950E+03 2.078693E+00 4.444441E-01 4.444441E-01 2.000000E+00 3.000000E+00 -1.000000E+00 4.444441E-01
320000 7.032979E+03 2.077373E+00 4.433330E-01 4.433330E-01 2.000000E+00 3.000000E+00 -1.000000E+00 4.444441E-01
320500 7.033007E+03 2.078693E+00 4.444441E-01 4.444441E-01 2.000000E+00 3.000000E+00 -1.000000E+00 4.444441E-01
321000 7.033036E+03 2.078693E+00 4.444441E-01 4.444441E-01 2.000000E+00 3.000000E+00 -1.000000E+00 4.444441E-01
321500 7.033064E+03 2.078693E+00 4.444441E-01 4.444441E-01 2.000000E+00 3.000000E+00 -1.000000E+00 4.444441E-01
322000 7.033093E+03 2.078693E+00 4.444441E-01 4.444441E-01 2.000000E+00 3.000000E+00 -1.000000E+00 4.444441E-01
322500 7.033121E+03 2.067171E+00 4.222220E-01 4.444441E-01 2.000000E+00 3.000000E+00 -1.000000E+00 4.444441E-01
323000 7.033149E+03 2.078693E+00 4.444441E-01 4.444441E-01 2.000000E+00 3.000000E+00 -1.000000E+00 4.444441E-01
323500 7.033178E+03 2.078693E+00 4.444441E-01 4.444441E-01 2.000000E+00 3.000000E+00 -1.000000E+00 4.444441E-01
324000 7.033207E+03 2.078693E+00 4.444441E-01 4.444441E-01 2.000000E+00 3.000000E+00 -1.000000E+00 4.444441E-01
324500 7.033236E+03 2.078693E+00 4.444441E-01 4.444441E-01 2.000000E+00 3.000000E+00 -1.000000E+00 4.444441E-01
325000 7.033265E+03 2.078693E+00 4.444441E-01 4.444441E-01 2.000000E+00 3.000000E+00 -1.000000E+00 4.444441E-01
325500 7.033293E+03 2.078693E+00 4.444441E-01 4.444441E-01 2.000000E+00 3.000000E+00 -1.000000E+00 4.444441E-01
326000 7.033321E+03 2.078693E+00 4.444441E-01 4.444441E-01 2.000000E+00 3.000000E+00 -1.000000E+00 4.444441E-01
326500 7.033349E+03 2.078693E+00 4.444441E-01 4.444441E-01 2.000000E+00 3.000000E+00 -1.000000E+00 4.444441E-01
327000 7.033377E+03 2.078678E+00 4.444441E-01 4.444441E-01 2.000000E+00 3.000000E+00 -1.000000E+00 4.444441E-01
327500 7.033406E+03 2.078693E+00 4.444441E-01 4.444441E-01 2.000000E+00 3.000000E+00 -1.000000E+00 4.444441E-01
328000 7.033434E+03 2.076965E+00 4.411108E-01 4.444441E-01 2.000000E+00 3.000000E+00 -1.000000E+00 4.444441E-01
328500 7.033462E+03 2.078693E+00 4.444441E-01 4.444441E-01 2.000000E+00 3.000000E+00 -1.000000E+00 4.444441E-01
329000 7.033490E+03 2.078693E+00 4.444441E-01 4.444441E-01 2.000000E+00 3.000000E+00 -1.000000E+00 4.444441E-01
329500 7.033519E+03 2.078964E+00 4.444441E-01 4.444441E-01 1.990000E+00 2.990000E+00 -1.000000E+00 4.433330E-01
330000 7.033548E+03 2.078693E+00 4.444441E-01 4.444441E-01 2.000000E+00 3.000000E+00 -1.000000E+00 4.444441E-01
330500 7.033577E+03 2.078693E+00 4.444441E-01 4.444441E-01 2.000000E+00 3.000000E+00 -1.000000E+00 4.444441E-01
331000 7.033606E+03 2.078693E+00 4.444441E-01 4.444441E-01 2.000000E+00 3.000000E+00 -1.000000E+00 4.444441E-01
331500 7.033635E+03 2.078693E+00 4.444441E-01 4.444441E-01 2.000000E+00 3.000000E+00 -1.000000E+00 4.444441E-01
332000 7.033665E+03 2.078693E+00 4.444441E-01 4.444441E-01 2.000000E+00 3.000000E+00 -1.000000E+00 4.444441E-01
332500 7.033694E+03 2.078693E+00 4.444441E-01 4.444441E-01 2.000000E+00 3.000000E+00 -1.000000E+00 4.444441E-01
333000 7.033722E+03 2.080535E+00 4.444441E-01 4.466663E-01 1.980000E+00 2.980000E+00 -1.000000E+00 4.422219E-01
333500 7.033751E+03 2.078693E+00 4.444441E-01 4.444441E-01 2.000000E+00 3.000000E+00 -1.000000E+00 4.444441E-01
334000 7.033781E+03 2.078693E+00 4.444441E-01 4.444441E-01 2.000000E+00 3.000000E+00 -1.000000E+00 4.444441E-01
334500 7.033809E+03 2.078693E+00 4.444441E-01 4.444441E-01 2.000000E+00 3.000000E+00 -1.000000E+00 4.444441E-01
335000 7.033838E+03 2.080829E+00 4.444441E-01 4.444441E-01 2.000000E+00 3.000000E+00 -1.000000E+00 4.444441E-01
335500 7.033867E+03 2.078693E+00 4.444441E-01 4.444441E-01 2.000000E+00 3.000000E+00 -1.000000E+00 4.444441E-01
336000 7.033896E+03 2.078693E+00 4.444441E-01 4.444441E-01 2.000000E+00 3.000000E+00 -1.000000E+00 4.444441E-01
336500 7.033926E+03 2.078693E+00 4.444441E-01 4.444441E-01 2.000000E+00 3.000000E+00 -1.000000E+00 4.444441E-01
337000 7.033955E+03 2.078693E+00 4.444441E-01 4.444441E-01 2.000000E+00 3.000000E+00 -1.000000E+00 4.444441E-01
337500 7.033984E+03 2.078693E+00 4.444441E-01 4.444441E-01 2.000000E+00 3.000000E+00 -1.000000E+00 4.444441E-01
338000 7.034013E+03 2.078676E+00 4.444441E-01 4.444441E-01 2.000000E+00 3.000000E+00 -1.000000E+00 4.444441E-01
338500 7.034043E+03 2.078693E+00 4.444441E-01 4.444441E-01 2.000000E+00 3.000000E+00 -1.000000E+00 4.444441E-01
339000 7.034072E+03 2.078693E+00 4.444441E-01 4.444441E-01 2.000000E+00 3.000000E+00 -1.000000E+00 4.444441E-01
339500 7.034101E+03 2.078693E+00 4.444441E-01 4.444441E-01 2.000000E+00 3.000000E+00 -1.000000E+00 4.444441E-01
340000 7.034130E+03 2.078693E+00 4.444441E-01 4.444441E-01 2.000000E+00 3.000000E+00 -1.000000E+00 4.444441E-01
340500 7.034159E+03 2.078693E+00 4.444441E-01 4.444441E-01 2.000000E+00 3.000000E+00 -1.000000E+00 4.444441E-01
341000 7.034188E+03 2.078693E+00 4.444441E-01 4.444441E-01 2.000000E+00 3.000000E+00 -1.000000E+00 4.444441E-01
341500 7.034217E+03 2.078693E+00 4.444441E-01 4.444441E-01 2.000000E+00 3.000000E+00 -1.000000E+00 4.444441E-01
342000 7.034246E+03 2.077677E+00 4.444441E-01 4.444441E-01 2.000000E+00 3.000000E+00 -1.000000E+00 4.444441E-01
342500 7.034275E+03 2.077677E+00 4.444441E-01 4.444441E-01 2.000000E+00 3.000000E+00 -1.000000E+00 4.444441E-01
343000 7.034304E+03 2.077677E+00 4.444441E-01 4.444441E-01 2.000000E+00 3.000000E+00 -1.000000E+00 4.444441E-01
343500 7.034333E+03 2.077677E+00 4.444441E-01 4.444441E-01 2.000000E+00 3.000000E+00 -1.000000E+00 4.444441E-01
344000 7.034361E+03 2.077621E+00 4.444441E-01 4.444441E-01 1.990000E+00 2.990000E+00 -1.000000E+00 4.433330E-01
344500 7.034389E+03 2.077693E+00 4.444441E-01 4.444441E-01 2.000000E+00 3.000000E+00 -1.000000E+00 4.444441E-01
345000 7.034417E+03 2.077677E+00 4.444441E-01 4.444441E-01 2.000000E+00 3.000000E+00 -1.000000E+00 4.444441E-01
345500 7.034445E+03 2.077677E+00 4.444441E-01 4.444441E-01 2.000000E+00 3.000000E+00 -1.000000E+00 4.444441E-01
346000 7.034474E+03 2.077677E+00 4.444441E-01 4.444441E-01 2.000000E+00 3.000000E+00 -1.000000E+00 4.444441E-01
346500 7.034501E+03 2.077677E+00 4.444441E-01 4.444441E-01 2.000000E+00 3.000000E+00 -1.000000E+00 4.444441E-01
347000 7.034529E+03 2.077677E+00 4.444441E-01 4.444441E-01 2.000000E+00 3.000000E+00 -1.000000E+00 4.444441E-01
347500 7.034557E+03 2.077677E+00 4.444441E-01 4.444441E-01 2.000000E+00 3.000000E+00 -1.000000E+00 4.444441E-01
348000 7.034585E+03 2.077677E+00 4.444441E-01 4.444441E-01 2.000000E+00 3.000000E+00 -1.000000E+00 4.444441E-01
348500 7.034613E+03 2.077677E+00 4.444441E-01 4.444441E-01 2.000000E+00 3.000000E+00 -1.000000E+00 4.444441E-01
349000 7.034641E+03 2.070464E+00 4.288886E-01 4.444441E-01 2.000000E+00 3.000000E+00 -1.000000E+00 4.444441E-01
349500 7.034668E+03 2.077677E+00 4.444441E-01 4.444441E-01 2.000000E+00 3.000000E+00 -1.000000E+00 4.444441E-01
350000 7.034697E+03 2.077677E+00 4.444441E-01 4.444441E-01 2.000000E+00 3.000000E+00 -1.000000E+00 4.444441E-01
350500 7.034725E+03 2.077677E+00 4.444441E-01 4.444441E-01 2.000000E+00 3.000000E+00 -1.000000E+00 4.444441E-01
351000 7.034753E+03 2.077679E+00 4.444441E-01 4.444441E-01 2.000000E+00 3.000000E+00 -1.000000E+00 4.444441E-01
351500 7.034781E+03 2.077677E+00 4.444441E-01 4.444441E-01 2.000000E+00 3.000000E+00 -1.000000E+00 4.444441E-01
352000 7.034808E+03 2.077677E+00 4.444441E-01 4.444441E-01 2.000000E+00 3.000000E+00 -1.000000E+00 4.444441E-01
352500 7.034836E+03 2.077677E+00 4.444441E-01 4.444441E-01 2.000000E+00 3.000000E+00 -1.000000E+00 4.444441E-01
353000 7.034864E+03 2.077677E+00 4.444441E-01 4.444441E-01 2.000000E+00 3.000000E+00 -1.000000E+00 4.444441E-01
353500 7.034892E+03 2.077677E+00 4.444441E-01 4.444441E-01 2.000000E+00 3.000000E+00 -1.000000E+00 4.444441E-01
354000 7.034920E+03 2.077677E+00 4.444441E-01 4.444441E-01 2.000000E+00 3.000000E+00 -1.000000E+00 4.444441E-01
354500 7.034948E+03 2.079473E+00 4.444441E-01 4.444441E-01 1.950000E+00 2.950000E+00 -1.000000E+00 4.388885E-01
355000 7.034975E+03 2.077677E+00 4.444441E-01 4.444441E-01 2.000000E+00 3.000000E+00 -1.000000E+00 4.444441E-01
355500 7.035004E+03 2.077677E+00 4.444441E-01 4.444441E-01 2.000000E+00 3.000000E+00 -1.000000E+00 4.444441E-01
356000 7.035032E+03 2.077656E+00 4.444441E-01 4.444441E-01 1.990000E+00 2.990000E+00 -1.000000E+00 4.433330E-01
356500 7.035060E+03 2.077677E+00 4.444441E-01 4.444441E-01 2.000000E+00 3.000000E+00 -1.000000E+00 4.444441E-01
357000 7.035089E+03 2.077677E+00 4.444441E-01 4.444441E-01 2.000000E+00 3.000000E+00 -1.000000E+00 4.444441E-01
357500 7.035118E+03 2.077677E+00 4.444441E-01 4.444441E-01 2.000000E+00 3.000000E+00 -1.000000E+00 4.444441E-01
358000 7.035146E+03 2.077677E+00 4.444441E-01 4.444441E-01 2.000000E+00 3.000000E+00 -1.000000E+00 4.444441E-01
358500 7.035175E+03 2.077677E+00 4.444441E-01 4.444441E-01 2.000000E+00 3.000000E+00 -1.000000E+00 4.444441E-01
359000 7.035204E+03 2.077677E+00 4.444441E-01 4.444441E-01 2.000000E+00 3.000000E+00 -1.000000E+00 4.444441E-01
359500 7.035232E+03 2.077677E+00 4.444441E-01 4.444441E-01 2.000000E+00 3.000000E+00 -1.000000E+00 4.444441E-01
360000 7.035261E+03 2.077677E+00 4.444441E-01 4.444441E-01 2.000000E+00 3.000000E+00 -1.000000E+00 4.444441E-01
360500 7.035290E+03 2.077677E+00 4.444441E-01 4.444441E-01 2.000000E+00 3.000000E+00 -1.000000E+00 4.444441E-01
361000 7.035319E+03 2.077677E+00 4.444441E-01 4.444441E-01 2.000000E+00 3.000000E+00 -1.000000E+00 4.444441E-01
361500 7.035348E+03 2.077677E+00 4.444441E-01 4.444441E-01 2.000000E+00 3.000000E+00 -1.000000E+00 4.444441E-01
362000 7.035376E+03 2.077677E+00 4.444441E-01 4.444441E-01 2.000000E+00 3.000000E+00 -1.000000E+00 4.444441E-01
362500 7.035405E+03 2.077677E+00 4.444441E-01 4.444441E-01 2.000000E+00 3.000000E+00 -1.000000E+00 4.444441E-01
363000 7.035434E+03 2.077677E+00 4.444441E-01 4.444441E-01 2.000000E+00 3.000000E+00 -1.000000E+00 4.444441E-01
363500 7.035463E+03 2.092788E+00 4.444441E-01 4.444441E-01 1.710000E+00 2.710000E+00 -1.000000E+00 4.122220E-01
364000 7.035492E+03 2.077659E+00 4.444441E-01 4.444441E-01 2.000000E+00 3.000000E+00 -1.000000E+00 4.444441E-01
364500 7.035520E+03 2.077677E+00 4.444441E-01 4.444441E-01 2.000000E+00 3.000000E+00 -1.000000E+00 4.444441E-01
365000 7.035548E+03 2.077677E+00 4.444441E-01 4.444441E-01 2.000000E+00 3.000000E+00 -1.000000E+00 4.444441E-01
365500 7.035577E+03 2.077677E+00 4.444441E-01 4.444441E-01 2.000000E+00 3.000000E+00 -1.000000E+00 4.444441E-01
366000 7.035605E+03 2.077677E+00 4.444441E-01 4.444441E-01 2.000000E+00 3.000000E+00 -1.000000E+00 4.444441E-01
366500 7.035634E+03 2.077677E+00 4.444441E-01 4.444441E-01 2.000000E+00 3.000000E+00 -1.000000E+00 4.444441E-01
367000 7.035662E+03 2.077677E+00 4.444441E-01 4.444441E-01 2.000000E+00 3.000000E+00 -1.000000E+00 4.444441E-01
367500 7.035691E+03 2.077677E+00 4.444441E-01 4.444441E-01 2.000000E+00 3.000000E+00 -1.000000E+00 4.444441E-01
368000 7.035721E+03 2.077677E+00 4.444441E-01 4.444441E-01 2.000000E+00 3.000000E+00 -1.000000E+00 4.444441E-01
368500 7.035750E+03 2.077677E+00 4.444441E-01 4.444441E-01 2.000000E+00 3.000000E+00 -1.000000E+00 4.444441E-01
369000 7.035780E+03 2.077677E+00 4.444441E-01 4.444441E-01 2.000000E+00 3.000000E+00 -1.000000E+00 4.444441E-01
369500 7.035809E+03 2.077677E+00 4.444441E-01 4.444441E-01 2.000000E+00 3.000000E+00 -1.000000E+00 4.444441E-01
370000 7.035839E+03 2.077677E+00 4.444441E-01 4.444441E-01 2.000000E+00 3.000000E+00 -1.000000E+00 4.444441E-01
370500 7.035869E+03 2.077677E+00 4.444441E-01 4.444441E-01 2.000000E+00 3.000000E+00 -1.000000E+00 4.444441E-01
371000 7.035899E+03 2.077677E+00 4.444441E-01 4.444441E-01 2.000000E+00 3.000000E+00 -1.000000E+00 4.444441E-01
371500 7.035929E+03 2.077677E+00 4.444441E-01 4.444441E-01 2.000000E+00 3.000000E+00 -1.000000E+00 4.444441E-01
372000 7.035958E+03 2.077736E+00 4.444441E-01 4.455552E-01 1.990000E+00 2.990000E+00 -1.000000E+00 4.433330E-01
372500 7.035988E+03 2.077677E+00 4.444441E-01 4.444441E-01 2.000000E+00 3.000000E+00 -1.000000E+00 4.444441E-01
373000 7.036018E+03 2.077677E+00 4.444441E-01 4.444441E-01 2.000000E+00 3.000000E+00 -1.000000E+00 4.444441E-01
373500 7.036047E+03 2.077677E+00 4.444441E-01 4.444441E-01 2.000000E+00 3.000000E+00 -1.000000E+00 4.444441E-01
374000 7.036077E+03 2.077677E+00 4.444441E-01 4.444441E-01 2.000000E+00 3.000000E+00 -1.000000E+00 4.444441E-01
374500 7.036106E+03 2.077677E+00 4.444441E-01 4.444441E-01 2.000000E+00 3.000000E+00 -1.000000E+00 4.444441E-01
375000 7.036135E+03 2.077677E+00 4.444441E-01 4.444441E-01 2.000000E+00 3.000000E+00 -1.000000E+00 4.444441E-01
375500 7.036164E+03 2.077677E+00 4.444441E-01 4.444441E-01 2.000000E+00 3.000000E+00 -1.000000E+00 4.444441E-01
376000 7.036193E+03 2.077677E+00 4.444441E-01 4.444441E-01 2.000000E+00 3.000000E+00 -1.000000E+00 4.444441E-01
376500 7.036223E+03 2.077677E+00 4.444441E-01 4.444441E-01 2.000000E+00 3.000000E+00 -1.000000E+00 4.444441E-01
377000 7.036252E+03 2.077677E+00 4.444441E-01 4.444441E-01 2.000000E+00 3.000000E+00 -1.000000E+00 4.444441E-01
377500 7.036281E+03 2.077677E+00 4.444441E-01 4.444441E-01 2.000000E+00 3.000000E+00 -1.000000E+00 4.444441E-01
378000 7.036310E+03 2.077162E+00 4.433330E-01 4.444441E-01 2.000000E+00 3.000000E+00 -1.000000E+00 4.444441E-01
378500 7.036340E+03 2.077677E+00 4.444441E-01 4.444441E-01 2.000000E+00 3.000000E+00 -1.000000E+00 4.444441E-01
379000 7.036369E+03 2.077677E+00 4.444441E-01 4.444441E-01 2.000000E+00 3.000000E+00 -1.000000E+00 4.444441E-01
379500 7.036399E+03 2.077677E+00 4.444441E-01 4.444441E-01 2.000000E+00 3.000000E+00 -1.000000E+00 4.444441E-01
380000 7.036428E+03 2.077677E+00 4.444441E-01 4.444441E-01 2.000000E+00 3.000000E+00 -1.000000E+00 4.444441E-01
380500 7.036457E+03 2.077677E+00 4.444441E-01 4.444441E-01 2.000000E+00 3.000000E+00 -1.000000E+00 4.444441E-01
381000 7.036487E+03 2.077677E+00 4.444441E-01 4.444441E-01 2.000000E+00 3.000000E+00 -1.000000E+00 4.444441E-01
