33509
82906
8887
73747
26736
61049
9650
77813
42774
13282
101740
5914
42141
45436
74194
61393
86214
74013
228
30880
53150
43292
37895
88113
48813
8671
35583
52333
53624
82013
45061
87134
61575
53949
57536
88312
11653
67186
62780
54427
80468
61175
60342
19265
3267
31192
80659
89481
1860
80887
17017
55011
20835
54912
39780
69649
63584
75363
18638
13863
54032
63699
100998
12263
14303
55189
100575
25956
19031
60010
80383
99500
17841
37381
15420
21109
68573
96079
7246
70434
73622
24263
22100
94457
79176
61881
60761
39415
33899
79399
53278
87931
39753
50931
100194
54057
2776
97424
80013
21807
54090
57052
17962
71932
94433
33382
93041
59662
26117
100287
26751
99739
21206
48852
90851
100382
7388
48268
36452
41288
24322
89731
25874
64076
37318
22724
14788
40094
16804
94802
61902
70894
48509
79864
39481
39598
9902
29178
99260
36020
26121
22667
32414
47328
71519
19921
44365
78908
68189
80818
16851
92512
67205
42726
53244
1178
65450
68033
41273
82254
59490
103175
49804
4655
79695
89286
44253
89598
15120
40169
22273
41241
62836
54688
88570
31011
74609
29591
6574
39454
7064
23426
28622
74269
66153
81866
75448
28258
46554
13376
7168
2700
13207
56973
7355
92903
42914
51609
79157
58034
91778
101431
99276
51270
52774
84501
82281
24039
10747
88856
63494
17812
8938
92116
92081
75091
70638
64184
5
13848
77561
7173
16549
90769
64146
23905
80328
3716
75514
56140
61750
63948
54226
57682
11873
3656
38838
94154
27696
49586
79666
91191
67398
88604
79963
56135
60350
47257
16975
60355
61105
94536
67529
77654
81961
28331
101559
58944
32047
73729
11739
93798
34332
65966
48135
46205
69623
86974
37015
97320
33216
13336
85166
100614
101940
61784
53404
58946
5696
70379
15956
66802
61571
83486
41112
40188
8472
39327
99132
40520
9711
7527
30974
44044
73493
79110
90250
39771
62740
23920
33746
95956
37256
15568
93225
35852
77353
43285
94798
83050
10320
7410
46507
71892
90896
87619
8735
99369
23602
4522
36544
33313
12049
67519
77357
85543
43284
64262
21970
2679
88183
55717
98636
22095
71285
88516
57947
45293
28457
49401
24999
38777
56811
71506
7324
44363
55781
16060
40387
79383
20582
76932
9352
32632
41107
86709
14830
84391
47627
36801
87071
32466
92518
82363
54561
60459
67534
9164
2408
95992
58565
27407
31424
12032
98913
38749
56395
51350
54809
96783
27389
75392
70371
36741
4680
8133
20106
19511
92525
67734
56312
76251
100200
45486
55270
51416
2600
19460
60580
5008
12107
15800
32415
43532
27833
27984
82282
84228
79335
33747
77667
3379
5795
44693
40120
10475
52826
60226
29986
42006
24616
86299
14913
21471
28440
70183
72887
31040
89643
30122
36049
101750
45923
68464
41938
73756
96449
20875
54640
72439
54622
28962
75818
60417
73655
12594
70893
23136
72821
100879
65143
97437
83834
80056
15563
8929
46895
88451
39970
33193
15229
76020
31599
61152
41139
73537
31564
34244
94412
86205
3338
45690
11822
2763
85478
91752
73656
5270
61228
71191
70413
55321
51680
47125
70885
60610
94020
55991
100581
23868
71220
73256
55467
29028
11051
25660
60592
45295
16728
43452
48634
62418
55275
24447
65181
37408
12854
35493
42678
74083
3339
9747
26059
55019
56872
96944
12285
47547
49591
9521
71415
17466
82778
23538
46495
93829
49198
3743
35780
65927
47195
84415
25000
102471
5517
90182
36534
18372
22330
79213
92455
25670
88960
15170
80690
42487
8770
92975
90034
58362
102497
58105
75829
81930
81644
18979
72415
27497
22722
4851
93424
69918
89266
15080
69044
94784
1918
2234
9811
24249
81448
102267
49919
67063
14093
27264
6206
22864
16895
96241
81226
16047
51002
53710
97978
29301
72689
67049
56799
95411
71900
46879
61985
57822
61959
27684
49261
63878
29919
59072
88127
8022
57995
34701
75085
72088
61966
81292
94953
78861
74189
72834
94908
21846
23199
89542
51147
95889
53246
4601
87956
21802
51481
46596
79624
10096
74281
25540
73974
855
84613
58756
8877
39263
93458
83963
8007
52079
61911
102960
27595
32755
72450
19159
54601
95650
5356
2404
88194
58603
7006
72806
80405
58487
16058
56685
68583
90339
82225
39213
91195
97969
100073
102758
88083
80691
7421
36818
39258
7037
64414
72013
79487
83573
23270
71792
88930
25675
56642
44188
32681
26104
21249
91169
42162
77934
56408
29157
56815
95621
17007
16965
90246
13736
16378
74985
94427
23800
8458
30340
30837
72872
102354
6979
53100
22279
78772
38686
47955
32070
82875
80636
58174
780
68461
100337
78715
21524
26149
32185
13801
43157
49151
702
56893
65530
75687
47976
89330
84146
78317
16822
53673
77327
23802
3429
99607
102574
42116
44217
31299
21646
21508
89474
22426
89970
86466
101141
8150
9271
29982
21951
52428
79134
22654
5977
41319
98342
53954
27304
79143
28926
44127
29471
2908
67929
32901
102515
67159
75017
43388
98459
96664
64897
84588
15745
51522
67710
13542
59672
76981
43524
81623
26065
19313
932
32042
60633
99275
85996
87937
75073
11578
28720
1200
14487
96649
34101
13658
60463
5774
57046
55578
102438
18598
36821
14838
70120
1186
28381
26448
78168
71906
4727
888
91220
5660
32930
48508
1590
15582
33100
76663
27161
61820
77863
41648
55125
8620
55307
12244
14394
9008
67822
13488
27606
1299
28327
97727
2486
56708
20830
80654
25269
25557
81542
13144
31217
11128
61652
32807
26710
94753
6126
53872
53229
83990
95520
5010
92610
47482
17254
3660
56491
85077
17149
84097
86376
45476
78480
88863
102184
99311
66172
24109
21523
44369
37254
52741
55498
98907
85549
82209
90315
91675
32736
40200
72321
24912
45211
61586
72395
62465
65247
25541
44198
82396
6294
27230
24528
84774
12748
23368
80740
78920
47477
102264
19945
84732
51661
75444
80294
33866
54308
67265
22197
87044
4120
94518
8612
49332
52760
81007
8453
14662
3203
52651
97059
9498
79881
18242
94273
92630
41611
71669
68205
89089
70588
88151
70476
18905
60250
47425
52771
11214
11345
74968
98258
15466
66142
3526
64798
15557
84533
73252
30220
87737
22558
23934
97235
102440
42177
88163
91725
83789
56487
56586
69533
23731
41392
36664
42636
101643
84089
95408
9512
95435
67032
4426
7557
29829
7952
72355
45386
92486
42262
75607
76878
64821
99541
70769
63916
38374
55587
52297
18818
8730
5538
88351
32461
46931
21671
75098
45230
2415
67162
54743
97851
30849
59169
2063
60679
67122
74419
2721
56263
13337
78328
29797
78159
74525
100566
38731
9555
52809
91028
28373
61539
96567
13380
94001
40154
35051
65755
85384
37467
29572
36782
31974
60422
95952
34037
17757
59729
5112
20478
12648
18450
98806
42445
96609
69987
39667
31995
79542
92476
19678
4571
50670
12901
17951
41327
53055
53003
3737
35094
90471
33309
71876
19100
93732
64484
53138
8144
20868
58251
33516
76701
24084
75962
69965
94071
12284
101960
70269
1416
18294
74840
52086
31195
92792
93414
84250
42450
97151
16000
29577
27116
87877
48678
17503
49016
101817
25648
69884
56723
54271
56
30080
78356
76019
100045
69083
88304
98661
36007
89720
13610
7502
38462
44806
100294
28531
25712
39400
22337
41712
68978
49454
26245
14311
66958
75261
12783
92606
41801
69507
43533
41858
99587
18544
14533
96287
87627
102837
91604
20289
89212
1870
27792
24329
46677
24742
52860
72389
64142
75198
10757
29775
21307
37002
44087
88265
8919
56870
77527
50721
23033
17715
92579
19275
36260
3767
12218
20542
3260
477
40832
92472
2348
68625
13457
49025
93367
66317
18069
54165
38171
28827
83940
59479
65830
24683
44399
74749
81553
18582
22126
1242
36297
11361
20517
72558
15128
93100
18389
33214
30588
7516
35562
99213
20973
84587
89236
87291
102657
40056
22118
28139
20652
81597
93969
45335
22652
65374
23544
41234
87500
24786
77532
98861
45303
46745
10645
78040
36501
29034
7909
67089
36551
43471
62958
57525
24713
48849
41472
24026
88906
63590
52165
6213
41842
42790
51548
64494
4820
75092
2384
92320
99878
79916
87837
41837
23317
98483
16532
59818
24173
24442
23563
60724
67913
86522
14905
92627
32027
56377
13308
17588
16622
65474
23801
58465
4919
75349
19615
9739
47097
21999
102060
43630
101916
86553
85468
21889
81691
102001
81708
2519
23098
1926
63244
91011
88449
78149
17131
31181
93602
34720
47804
55732
58521
2925
60651
30526
22540
70391
77624
44540
69106
17909
43112
52314
33
65001
30661
102034
43364
33181
21787
45291
96425
9454
30395
71230
89748
47527
102411
80006
82247
46871
32393
37424
49796
93045
67950
72337
60091
42229
13532
25853
60139
56644
60173
18301
5484
58862
61665
38665
80650
3612
31746
90104
34008
102976
76508
81536
102043
53169
60438
45570
85563
97862
95366
75264
62468
64358
32011
1353
77891
57864
61493
31190
32688
18321
49492
38173
77184
7812
76838
54489
11425
5240
41249
45433
4871
14412
23625
3570
67582
84063
49140
49801
78581
41162
21720
37705
2175
53731
39059
80066
8251
100552
7912
40939
15529
57404
79112
92714
65217
52606
43858
76643
57847
85107
18732
62719
99520
42357
66289
63757
23075
12084
10213
101657
31934
36017
55422
85665
75076
32144
93917
72284
31511
87814
97461
7279
77183
59334
59886
17696
14389
102804
51364
77108
98980
93721
40052
59392
13452
52137
69606
11764
2039
101540
47782
57461
83860
19514
89606
74433
91799
26318
76268
20434
9880
50106
79769
69766
67803
9056
84155
67263
60421
57919
62898
50797
97971
18946
64250
46764
88552
76015
48803
86747
20453
2920
39967
92526
38351
28421
15499
40951
1345
35934
50831
51451
12358
17253
15910
21415
101409
83174
81836
55983
42727
29289
50610
61674
93539
97374
46881
66210
42832
30284
86663
45753
97547
23285
34934
32554
51707
50434
73506
53052
86368
20993
1159
98727
38246
17070
16797
36311
100244
98633
92294
39627
24577
39560
101301
14772
33589
44837
80982
76422
75122
64300
18830
69324
87586
53765
101879
35949
854
72040
89002
87222
93033
90161
82605
27935
3887
99402
64247
787
94690
53197
40414
15923
92757
38371
30695
23002
83209
8333
99424
54986
72634
14909
20966
56875
68674
19500
92825
69529
91541
78482
53407
81230
65299
32667
5821
69186
28724
70068
69973
20069
19920
7043
35993
9332
45414
66688
32334
25279
75021
28414
80265
44311
43324
101231
101186
8654
17387
90667
78183
5584
65804
28245
86814
27758
60912
92635
96945
89637
59359
63574
6362
79279
70618
42355
88612
12687
5699
17602
37966
80721
46017
14887
21687
89341
12773
19528
97995
30161
6850
35745
72655
101080
19215
100414
58648
8505
94014
44940
67865
54244
51302
43800
21517
93657
29067
34205
99356
46670
72172
76732
92687
87059
98419
78684
99833
14603
73335
26649
21454
42825
62395
94109
40560
81610
91178
99208
90116
81848
40803
54636
32747
92105
98436
54264
82418
24159
88469
78430
70829
57296
51817
60172
41011
46892
35512
37499
61495
5502
64149
82950
48327
73715
88887
1465
61548
84751
91581
22209
42872
72799
10970
37963
23719
93389
62122
8843
68474
29607
66140
16946
89780
3806
63839
21947
41306
21990
27450
2111
1595
75777
25310
75310
61320
26775
33514
15012
73566
64937
57884
43021
75908
95848
66740
65952
54626
75584
31081
84233
38380
48028
70669
42187
8522
92616
83494
30512
16722
85605
32108
92499
7571
4073
50475
34346
37588
93203
49358
7809
54795
3898
27358
99746
14227
93310
51027
89812
21047
31916
24847
69075
102585
67035
77598
91857
47184
4766
5234
29444
36874
97734
40947
44865
71362
78535
34723
17376
86345
89519
21274
33832
17676
48059
3498
68704
34526
24545
100620
59374
93621
99861
23064
67874
88374
70249
72641
93609
99693
6170
87999
33364
47118
29520
1381
22308
64243
18758
5309
50417
40033
39142
63950
57709
87201
67448
23068
18383
91994
20344
77758
82270
16861
100822
46800
1891
67727
16096
95501
64075
22266
80155
97440
69384
6330
98822
91693
70574
14235
97003
17647
54268
32800
8633
16657
45700
31702
35040
34349
52047
9453
13275
68908
6931
60075
70800
74658
76171
62956
35389
98438
39766
29484
64477
46097
24961
13326
39197
46484
30973
93466
79284
9225
102099
95942
54926
30456
27637
89276
82503
37091
102551
48067
44023
59282
15523
15337
78479
50727
27202
14901
80211
91680
60999
1828
41161
74325
41026
87645
1953
31147
63585
11179
29901
56182
66106
60358
83820
52037
39516
17567
51244
87584
61590
7181
103107
76928
39290
78242
24310
66493
93144
1177
54828
50798
3006
95989
21778
44032
80289
23732
75179
40530
34912
1735
96712
101019
62093
77188
49712
101610
94755
100956
85850
53001
4793
85613
26584
44084
60511
50895
7232
50310
52072
62060
101109
55078
54704
19543
99111
31649
43275
70945
72180
78188
72681
65548
75862
31430
39391
22229
29695
30801
19841
12201
83803
24635
97814
7042
68719
54981
57938
75952
1946
6665
34667
103056
61744
89372
19254
57510
17677
62530
25111
89857
37373
97792
52060
9891
25877
91452
32121
55573
18909
51962
67774
102712
76597
62244
6410
41972
13880
64348
14579
15827
71014
49247
15538
29413
35274
34792
86924
52951
97322
8690
39464
31351
3138
91524
41242
29015
79632
73364
98541
21981
49017
97908
98579
7917
973
37207
21798
65322
51786
37625
32991
101033
53164
62405
32963
45984
85914
81934
54675
22034
9940
57813
10214
51183
86828
89846
21202
68072
85042
43184
13745
79605
38419
21662
80579
75626
43460
42556
24067
81086
75547
21756
30905
34607
54719
15517
80592
37289
97451
31923
59323
4047
89736
69537
55231
73220
56038
76433
37947
37735
16273
51692
13996
54692
73355
94576
26973
13470
33787
51041
94557
5990
72797
22117
40598
24171
37634
17846
61461
31741
49769
17439
35789
36160
86976
91020
6036
39669
64109
43983
77405
80382
95676
91401
31730
65686
82633
58704
13075
6400
70369
19066
79198
59665
25
26776
77511
61486
58518
23935
78925
94307
60096
62556
81983
66132
102226
42747
6771
76286
19785
102448
64343
51516
64789
43631
6875
40602
56707
7626
75774
92474
100113
32094
23545
6260
50640
82063
30196
26220
73026
90293
88777
51664
53081
87658
59853
60599
10852
58956
21598
62369
20400
65229
69244
61003
18591
82520
68629
94365
71649
65398
23115
60803
88943
29376
8099
67662
59572
34319
37343
46521
19752
89007
99602
4065
80074
56111
64665
90927
11722
86263
49951
32123
48147
15851
93126
66739
98371
58410
57760
66676
20464
80875
24134
6062
6906
32234
73724
66479
66553
7722
9656
86305
96730
90371
73460
62025
51691
61042
34609
7649
2525
82757
23500
95651
46152
18527
50717
567
85203
71181
81443
5993
77244
88350
38227
47624
51485
1436
55347
61141
87742
48732
67056
74768
18847
25736
79890
99483
57725
87539
102009
37138
7695
94316
83290
26222
41689
83858
8081
9526
61956
14075
86770
46961
52302
31050
98447
53739
86397
56244
38136
31784
19955
9560
50632
45691
32675
27177
41830
90401
11372
40495
24194
19067
31466
4139
45290
73155
87997
53371
82681
46609
67447
66107
93571
16404
97157
88673
70143
80209
41572
4935
8649
61527
14495
3874
47171
86459
45704
34227
97831
86200
58422
13554
14321
62562
58844
87477
47214
8871
66813
93824
76318
29576
84050
92723
23389
69379
59522
254
7607
64458
8903
69135
78953
68186
73009
22780
51300
15369
57008
45787
101569
12085
59342
12546
74647
14842
100023
18517
23714
63492
8997
100033
93068
93047
89411
13113
59082
45589
13367
66689
6702
22271
32480
85656
90457
2144
5091
38413
17514
62100
84201
15739
74185
40198
28285
45488
55040
24963
64006
78755
88456
73003
75443
78180
62706
61510
91293
18444
3754
1315
85133
10456
23586
14268
96113
10698
16413
101205
49112
33928
59960
29968
49667
70166
77952
76290
21862
102916
36951
100617
88028
6610
72715
62863
69316
50811
87760
34635
52127
69549
45092
75713
83818
37860
86412
100232
35721
32179
30815
95681
62147
80482
23137
28969
55090
99428
50832
54662
33034
48104
39345
39644
17475
102208
5616
48356
49675
93377
82992
101802
59581
24739
74171
40055
62600
57238
36942
98321
89418
67757
90657
48221
44895
10450
77190
99985
6533
24677
51303
39568
72782
90648
90258
89512
84829
35270
35843
74862
14917
34300
31099
39657
5126
71154
102257
62365
4751
97234
48438
72508
84547
96659
14059
94998
70505
10699
101531
95183
62002
37755
64620
49306
13623
51534
35474
98453
86804
71317
69970
101722
2273
101069
38034
7400
68878
36946
69765
73630
30836
14859
42794
12038
8174
56853
3691
78680
67553
1878
70518
26211
39633
31794
75517
53257
83328
7647
48365
66788
78964
14991
65165
81238
12715
103199
88638
81594
55059
51880
67637
69919
94674
79675
78094
48183
83367
53429
12391
85245
20603
38602
21533
52397
10775
74790
32381
18423
19811
99169
97387
34802
60989
75281
47518
60844
60574
25768
97646
12289
77649
61938
82208
68979
38269
56957
13817
18291
26209
192
27645
64812
21725
80042
75588
96516
9078
94011
12983
4903
88054
47786
65893
59990
95305
23392
17220
17728
17693
29509
95378
8372
61012
14557
65330
74829
32849
72373
101039
33041
100018
62506
54767
76716
34749
47938
85795
25415
60922
90698
10124
5363
70115
100668
76639
87335
15052
94333
13499
7085
70620
21872
68098
85177
87203
39582
14682
56231
37277
47723
52905
99783
102490
26276
31188
47084
8726
56603
4661
99425
66728
10025
49326
33499
7349
22620
17489
22402
13609
30989
29488
84229
52861
97586
66062
36720
33824
80744
92952
71101
25122
42512
67539
24268
68788
71352
77515
51986
76014
73595
15370
86040
19577
48869
42198
66359
12446
55807
97348
41934
36691
46865
36176
102754
83585
70000
80153
73193
37756
1931
12360
1951
26200
81149
100679
97552
55319
49320
70222
25570
64691
52917
45147
10216
42962
87345
76575
55408
39807
70578
97343
76499
14099
30175
75909
97685
100175
52717
67533
34587
54649
79893
36538
80849
57697
33872
75057
9672
83193
41935
35242
94852
80389
54756
34470
64390
27987
89879
853
98565
83877
77352
9320
10708
49916
7538
102634
71193
42126
53939
47741
78664
31444
2094
9192
3157
11767
92386
47009
33582
36600
24054
88338
71070
88445
12980
57604
89298
8201
38137
63306
17521
48846
9878
21181
56384
9168
92375
98510
63108
36772
73830
94552
38866
83023
97710
50634
72065
39458
97643
2302
76059
18353
90641
43784
3454
277
101389
92752
8478
36182
52714
26000
85028
62593
47182
38068
71761
36212
33234
31525
72984
3720
22732
8506
86743
17098
59140
55464
56556
53439
57766
29270
71793
45063
73055
75247
45340
71100
64655
53819
3938
14024
79819
88967
76618
23657
23690
45034
59869
56925
76559
60645
99292
38015
13046
97155
99508
69602
47250
53930
98873
15698
98993
68584
90945
40988
36340
52256
94808
40278
66280
71282
25900
39553
94940
51464
3171
57803
80973
63817
53751
15644
4517
66797
9455
681
33055
56705
54611
28584
72404
50260
97168
60004
91249
30163
8916
82712
70442
75196
50650
96342
11405
42245
42589
95994
93710
45761
50453
71338
6233
859
86983
10751
67657
96438
11432
100713
49799
66043
25952
18858
12959
19776
78863
863
49940
87779
83575
17037
59631
10035
71037
73126
52625
63687
63491
98386
10795
31485
1275
11654
15123
12026
79312
8217
23458
76680
58016
89502
102632
76875
102461
19064
52394
103325
69005
36828
83555
86042
96460
11091
96078
64153
84217
45359
24495
40400
35290
75848
41675
46945
90972
53702
22912
99189
77160
99592
53861
63318
98880
27392
62434
14600
79786
62414
83605
13270
42625
66303
6385
53717
59037
70539
34589
1051
95034
41451
26979
51456
83127
73925
39084
33484
96837
34928
7300
93085
88790
88621
12837
29708
103221
92623
92123
83481
2548
31403
46439
8934
85120
2131
79473
16365
3183
71162
95318
44634
98142
43430
24416
68722
82514
57901
62215
14098
65201
51956
102888
32474
37232
12380
62183
37108
1659
50961
17245
4207
82365
63685
13142
64141
65817
92615
80506
69000
60433
72480
10289
12565
34706
20609
95080
92608
82824
5833
54464
31436
5377
86939
68668
17758
45777
2432
19417
96739
19677
23624
75759
83362
36767
36555
45834
26037
13717
11489
86471
86197
21779
38357
98763
56486
58966
90498
45749
38446
96332
100214
69883
101710
83808
35206
16123
26241
37638
35540
19635
57315
59165
95394
37333
95932
28605
83168
18625
42322
94658
1751
25174
13093
40109
20593
69579
99076
7747
11984
34178
735
8853
716
102445
92662
35922
15224
15558
73561
50764
35194
27532
6585
27244
64865
102518
55849
44689
17798
98172
36002
19550
20002
49095
59659
40595
15329
55390
48342
27314
89568
49077
36167
90284
48178
25484
22862
63402
41043
96423
10822
76238
20610
17407
137
85476
16581
55987
26820
34379
50815
62822
70817
8573
10244
8068
23903
65635
56410
51217
51859
2143
87385
38799
50322
9524
61661
10379
50568
54740
23461
75351
38610
23599
57482
55191
79587
84303
89570
27057
43781
40156
97874
52354
50400
2598
76258
12691
59008
24130
64550
8170
4
8130
17695
61666
18509
68264
13061
39711
91726
88413
78321
11980
42551
30168
91568
23509
16394
15280
67291
56550
9810
16301
3605
12408
92559
16297
71417
13344
80847
29225
21515
80851
37355
39210
39172
55864
4130
52234
95576
95856
37302
70553
4491
79853
100721
96060
18
13770
7995
67309
70321
17805
83610
73926
30214
72825
90223
101631
86169
67726
27512
4340
45232
64867
43551
84405
47681
33295
9619
40192
70598
80172
44684
47107
77549
37399
91320
45395
11090
58296
63201
94701
28878
93415
64181
15757
91702
47006
83483
15869
51346
25371
80736
94898
6432
98123
39234
39728
4397
79426
6981
84570
20766
54088
58775
58166
101214
46751
216
8960
1702
63417
316
30581
53487
64497
46338
41845
8158
26477
57714
59505
51848
35106
51058
58281
29885
98009
34283
66375
1646
15508
87141
55735
74284
41962
53604
17690
42178
62564
19393
2251
62881
49974
55739
24033
96313
97584
32192
19445
51954
91698
71294
87060
39411
26230
13600
26360
20895
47884
92735
22541
63393
76531
78277
15149
28537
52022
57327
91102
71416
59579
50638
18045
11973
74671
11013
6212
3519
30459
95217
101753
41882
31284
24639
55483
57644
45534
22
47034
68076
63415
20221
43008
97748
35370
71546
46426
92698
59303
14497
48932
6596
32542
60905
81268
43556
67118
84787
74015
21940
76660
72424
63823
4600
97063
15961
62245
39253
15984
5935
3984
79400
26156
46993
73803
15194
16885
50880
74497
31382
99813
81093
63925
57374
59016
4137
21147
40459
78152
43088
13775
47232
3566
18375
40950
80621
80203
86556
84188
11568
9368
27837
85372
70895
43031
18431
14184
30294
14900
95278
94220
72274
50950
98357
93422
91409
73165
33165
1840
17052
36732
20215
58003
56260
100836
34862
91773
84048
15705
103342
93416
43542
85369
60967
86574
84281
100759
11231
94299
92692
2107
63229
40297
100464
53307
28362
70285
86473
30202
87337
19860
50418
41996
76121
47910
76858
28614
92563
64547
18685
32761
46572
79653
15991
27508
55707
13405
38740
46662
2753
40847
6547
43051
37967
59854
71413
4907
42983
101616
92245
62843
48690
30897
35620
96601
4410
100170
21870
96974
61373
40556
26390
16864
42382
32109
72572
55787
70849
15890
58541
8352
22438
101592
46320
82292
69661
51228
21931
67932
40129
13278
71026
17050
6534
75436
13876
28405
69065
75249
68961
95456
79849
85825
34494
8613
55053
90282
79463
70943
45478
87816
93381
43725
30792
72329
10041
82020
94260
77974
18805
75690
91253
89831
92741
97787
61922
3272
22847
27643
78521
91809
19755
55026
74289
54250
63640
25998
41187
39759
96942
86665
24230
86979
27045
55023
55964
37087
33699
11716
52504
19225
102970
38990
8621
97412
100913
11894
16915
25212
90415
5379
44968
42097
79669
99218
2392
2322
37060
42151
99265
20380
66382
82899
47426
18060
35518
84514
51759
82398
96231
918
101623
39909
6900
89924
37477
18794
3494
62689
5865
8874
4313
47963
88544
186
50356
90866
37246
92507
86787
57627
55545
66341
1709
73606
101859
86223
22021
80913
79109
22940
79192
71620
62849
86092
58200
100327
1542
61694
7408
70569
63985
55372
55768
64171
2383
43290
101418
94891
26732
55700
47091
93074
57409
17353
91589
40288
39374
69157
16053
62314
45004
87674
21819
27752
42529
18801
29295
879
78473
36704
71448
39114
92076
23872
103285
94459
101358
86006
93895
53714
29752
83624
7779
47106
71868
86480
37680
64120
45450
82685
48449
67269
7092
90978
86070
36387
91858
61199
73091
59961
100313
61823
83833
100254
52938
47651
98268
35599
38201
48637
65352
18481
56416
9113
90350
1139
95593
24685
65259
37698
4026
10364
1622
11118
101343
87693
47506
89856
45547
46473
42516
79076
26961
39425
28669
74613
34348
64268
9470
82986
26275
27951
36057
35388
14956
37196
39642
102456
65335
43668
9476
54787
7474
51307
102294
97331
96855
16202
36026
95279
67421
75452
38689
6456
84872
48160
89442
7803
76111
22155
43192
91068
59351
70830
27366
58463
32821
71035
67939
99779
22477
75414
47742
21426
69400
41252
37629
6514
77278
29563
73935
49386
50167
9280
55842
31695
57440
41939
39499
30207
64094
82691
17931
20101
50177
45297
78565
82998
12987
43159
79433
35465
15228
23830
56891
84628
65082
94521
91143
39016
20739
61734
88402
70906
40899
102602
25110
82839
38756
55317
43589
18103
73249
63691
68280
15201
38911
47933
28189
82071
24022
63654
97300
47852
17201
78584
9590
8377
48606
29116
24771
33663
95786
74563
99281
17552
54058
34692
72870
97648
52795
17731
57975
96906
65665
86164
75633
89687
69588
34195
63675
44827
43785
72052
7865
92392
101169
32637
22711
97848
25079
97274
93784
42631
47988
25132
12156
42292
77927
54930
95659
9561
93848
57979
95725
66137
44322
38854
78517
102529
77208
18958
71237
85074
8005
69061
14366
30716
63565
39445
24646
54004
82076
72635
79136
94233
11582
53719
45818
8524
46033
55379
102373
668
47760
44991
86615
97546
20163
85799
71410
39122
53692
53139
47128
19409
67506
77844
82974
3607
102491
33633
85684
71781
9425
76572
83364
63144
19045
91888
74425
90916
6502
18840
52737
51493
2110
46939
71657
87910
15004
7435
38257
68144
54563
57666
32305
29063
37295
35913
28209
70929
18252
99991
80355
94824
80011
10524
68554
45988
84949
56126
52491
444
5519
640
2555
52458
72297
90465
67462
79733
25378
32262
30951
83045
64567
60014
16996
100481
88224
87926
15388
84871
64936
6867
61537
1746
17391
26747
47735
102341
82873
100226
102786
88393
100866
1996
37506
69819
92462
1623
46207
14496
33885
77159
97541
33828
11193
95589
18708
99119
7633
235
60710
14500
61772
62456
31892
88520
6847
30888
68049
3728
30329
53097
1250
32326
90603
71069
21444
92227
13932
35940
22768
91092
30137
17877
21575
41331
10122
40284
37105
17755
40519
97816
32255
102292
56928
64147
87467
63775
95036
52172
67503
22020
1924
68754
54347
92527
36479
75791
81409
50412
8387
833
38159
38525
18710
59735
79856
28832
100019
13616
46587
37194
8088
78843
36142
65016
39645
20265
25447
31336
72437
92951
53357
74361
58360
4360
63543
94839
80152
41608
41906
88539
42441
80065
23720
36455
231
89984
33130
33227
70325
21936
3122
86953
48372
23387
9055
79708
95824
102006
29721
66840
57021
34081
27039
48516
10889
68648
90423
7745
67143
19804
68897
20035
55537
33385
33883
88765
365
55820
97491
3487
39428
42518
26874
48483
18882
19354
47145
48604
86194
822
82686
9889
49338
93575
78537
36416
89659
86283
215
6118
51835
470
26153
4028
33855
60037
92793
34220
12512
86940
37708
51940
26114
64583
100424
44997
83937
44224
93601
66787
45046
72942
76676
94385
63173
51869
27457
49487
34807
27672
55605
86642
28143
81759
90671
61999
38452
80120
96219
50964
63715
30583
102905
89830
95166
31482
75758
40865
21738
39200
85912
94681
12532
76952
54509
64401
1064
652
28737
56257
82506
56881
34672
69833
15535
73124
46608
8410
20744
38993
20304
96809
30814
16945
24946
3228
57810
46685
42429
40377
38021
54962
13985
92531
16019
15050
93183
11882
43788
46096
94389
100669
80768
60878
12859
50548
4141
21269
71292
11120
60263
91597
4584
91078
5197
29531
94306
63008
76216
33391
41
10893
88354
14026
79
1028
29077
93262
12911
72865
36013
3955
70190
13437
64834
83049
68975
974
31933
80095
61237
20186
84680
48970
25384
10867
39932
88392
87083
73324
88434
97976
58333
102460
98056
59361
28193
87973
72272
101059
20642
76228
67904
34079
37717
47608
98065
3348
48583
26654
83444
6475
46840
64779
55446
72224
75647
95379
57272
59385
65358
42361
54017
20347
41477
48728
79709
69670
33357
48636
67384
53999
21520
31943
88079
59238
79552
82799
62586
24791
6108
42685
31266
52949
86713
21828
79767
78747
79100
35808
40761
18117
89825
61109
59594
35209
37473
25920
68567
86109
93304
19221
4285
21903
3956
63523
101456
86756
22765
22902
92864
65451
54169
42469
69571
37538
64297
45994
12940
40053
81802
58171
68283
11466
14420
147
48939
40340
68715
31704
30300
87936
35990
52204
91893
99514
50316
75304
18934
73218
64824
84385
24043
3948
50612
61581
68246
96606
74522
4955
75063
24879
63126
40001
36346
77546
40149
85286
14542
13645
44843
93456
49635
97048
82004
45804
44019
53963
64739
13893
15443
45779
37936
19391
96392
99517
87637
89653
70694
92592
61371
95574
52373
101373
28576
26575
38178
10517
41118
43698
24162
85961
33810
73798
79665
12470
16258
20339
66434
80998
34233
81877
23433
72169
101268
16480
68342
85561
2788
35692
74808
64160
27922
23837
62189
56498
100368
67015
91530
40721
74147
74532
61632
50467
87003
70807
50092
55544
1695
28625
78977
73865
26548
95457
38862
8764
98246
74555
59061
102477
17906
55630
54477
14929
19301
42663
55651
7134
13465
26838
68767
63933
10496
43313
31396
60589
98857
33092
89214
74490
12418
66603
42475
21183
61504
13685
1411
17221
12818
5476
35127
68449
59954
50057
87750
102618
2363
94885
12739
29202
60307
76672
39698
276
4724
100288
99133
37816
86157
70279
41428
98575
33537
83904
95041
97589
17825
8917
7063
23302
44045
75512
83257
94102
59918
82530
96466
51459
95269
22323
8422
68597
62022
8698
73321
58965
4486
7792
41778
74765
49221
37008
4958
29780
53422
99999
24025
71248
5572
31088
94550
49618
3256
74462
40375
63175
53648
33496
11289
45572
19711
10825
28409
84147
73463
32896
91940
11896
4317
48905
9275
67597
102328
5930
91622
70231
11502
19366
61436
61120
22623
101496
85798
86202
31648
97087
28430
87468
13454
39255
101966
41864
20058
72084
74760
8653
83980
79078
46469
29540
88353
10722
28523
94284
102344
98755
2441
18366
56846
63562
40989
89401
61714
23443
72258
93362
17186
100689
77486
30640
36599
76107
72504
56658
44846
43920
65311
25482
19653
8436
55022
4662
19158
83546
98946
18158
78956
101388
36524
32458
61605
77514
18514
19975
100957
90773
9992
14799
88117
87479
45439
21372
60241
14599
78030
1743
58520
39996
27225
78173
48432
82248
82836
67590
62450
78437
85748
38061
76481
18928
70520
34742
96443
89034
54717
94055
76463
64709
5510
61235
48844
82608
5740
65549
57293
7484
20725
97290
34709
98898
42378
13613
78390
6623
76063
53482
92372
10780
26619
7956
81300
61361
1054
66990
12733
95110
77443
101344
22942
48225
80607
28683
10430
34556
31155
28501
70877
26709
70879
84490
1754
77503
57208
55237
66531
67989
81856
74488
45945
39873
75542
9591
67308
49700
26704
47699
49647
9464
24962
78330
19895
59519
11152
51050
88020
82030
77760
55555
79515
29714
17039
31407
96246
9919
67389
27629
49792
39586
37220
102399
3549
86920
25759
68133
31275
75406
77597
56237
50392
97493
12411
61545
45198
100432
40230
19614
52643
60
99129
82358
17099
27192
75259
102128
37111
39303
26412
86904
78890
63633
85958
82439
47208
47228
78483
83778
21481
31376
30825
15629
92370
60828
40876
29255
80442
93519
29316
76227
72532
46416
74
44447
45200
37185
83750
71613
59295
31901
3358
38390
11730
85619
54248
95508
3755
85624
22989
19384
26067
12015
80213
66944
41271
57311
57118
70587
30193
26306
13659
30267
70754
58859
67453
51159
27127
88198
7110
59028
91556
45500
34793
103286
27775
89041
95450
31530
71321
15095
50915
97389
27110
27783
60988
68381
85095
14762
35624
11943
41069
49283
42211
4797
6319
59637
31925
66748
90953
82730
8904
82672
36679
74777
68209
79420
89873
15780
73465
13638
43564
31108
25314
45870
14300
37257
79469
95418
85789
51711
100307
76962
15114
87916
56347
24019
6973
35675
60698
15072
7107
25563
94493
96980
41343
64613
7274
84908
95722
89295
6877
38248
250
44135
21843
63834
20259
13917
28871
2703
65628
25833
80743
10404
32668
1417
17378
68344
62116
32451
75451
87679
23600
69087
25677
88213
76362
7240
80591
62312
14118
15494
58253
37337
23052
78513
51255
51923
81216
13538
77756
57537
94282
88161
90206
95700
2195
55205
54471
34646
27312
38805
58246
96400
64483
43115
69417
71724
20361
28384
85842
35856
90946
40751
10653
15919
21103
62577
97136
34642
36989
51328
25580
21806
38190
17935
24001
93395
72407
17363
7867
13550
10418
72351
56665
79835
40730
77027
4874
23228
9538
95821
63979
82732
3130
79899
491
65707
73690
35134
102697
21674
60715
21158
59864
78650
45159
49915
47713
462
67279
55580
14012
77697
24586
70678
54187
65317
44361
59062
88545
53900
51539
49180
33288
54669
25735
33779
17032
99426
68914
16384
26284
37542
77620
82702
24191
49303
83164
91470
1539
97177
65822
26126
64511
16665
91443
5528
75727
76644
59428
23921
22480
92716
78591
48216
23151
95623
44297
92066
8662
62053
15005
36329
16596
25562
60520
65900
5382
48646
67439
102560
11123
93565
63726
27789
81664
69255
171
54964
25338
24093
77445
14710
102685
22317
37862
94963
66615
26583
281
25323
41589
46487
61653
58186
72049
18828
20741
77431
67474
88180
76647
78598
78401
37028
3042
56721
2939
3214
8341
28278
27308
85787
42988
26648
4759
18266
71375
4090
18548
96698
45679
65035
55007
521
33740
73836
21262
7827
37965
6098
84474
13219
84500
16262
37876
21097
19476
46218
49375
46784
28660
92364
73432
33420
69870
91699
1450
73960
6903
98149
16295
71938
49811
16816
2333
20302
38079
10160
58268
44177
94634
71488
25332
9447
63209
30545
3882
6082
79920
50666
34743
68939
20754
68164
35464
9109
69615
6080
16012
64419
22376
87950
10886
39192
31189
77272
100445
89458
18104
91735
57602
43437
101182
42007
3301
28382
45889
9384
96556
73897
13965
8947
6017
78562
12097
39087
39637
34473
23693
50524
73666
10633
81714
47593
7733
67827
65698
99468
22084
5790
97306
64092
9092
22344
6636
18476
27302
103193
62604
101200
13813
71551
3872
36889
46768
15969
75976
86405
50443
99670
33585
20764
6958
11954
68358
14691
79782
30711
10815
101866
36502
4776
62614
45594
27120
69251
64070
54423
69099
23329
52278
82913
94881
56150
16457
38304
72120
92433
21365
19218
88759
54950
39983
95717
66904
4996
43341
35708
17879
41863
72211
22655
1133
14460
49776
70384
78531
36138
101861
53133
15706
93397
5939
32163
28357
78060
21252
49722
97278
6666
1328
33917
102384
68233
38913
6103
8230
74622
23982
50093
43488
46638
51227
57949
96414
33136
97270
54405
31653
47059
70111
21706
52998
102275
50063
27714
20183
99786
21647
26850
101114
55564
25889
66002
94478
31993
74233
65756
55975
20981
5900
102613
72209
63850
95683
90475
96986
89608
41535
25295
33323
8302
47001
86322
7233
97064
10691
27416
93506
32338
54267
91276
87903
80157
53934
79037
8805
24822
41448
64780
47349
64049
14668
7854
56388
1798
1496
42652
43334
26791
75975
51636
73793
58952
58869
67513
69643
86286
57674
101982
37208
45605
86540
14020
99539
62233
22826
21016
337
87606
66821
47686
48311
81489
55541
1354
83287
57037
44006
23277
83829
16636
74914
54278
30439
18446
41886
40523
50589
18382
64610
14577
85952
87436
35594
86289
71698
102415
30631
16664
80559
86172
18019
60502
39865
83779
20349
78661
55348
74628
50905
85788
65851
29971
46414
53690
7679
98810
36298
95116
31059
19242
63470
30129
49874
80135
7343
32701
98154
67845
72566
56835
48280
92916
32151
284
64199
83057
86072
53929
81896
16435
102475
24965
52821
32645
96134
89119
24417
23848
5017
87887
53977
54891
64678
61321
87593
59487
25822
56814
12977
74102
46386
45129
74386
7241
24842
57114
61170
97346
35666
77606
96477
60631
74930
45953
93277
67719
31728
14350
36745
102238
42201
91637
63571
177
75885
19714
25999
29355
32692
100102
75741
77821
71144
82982
102664
24913
40808
96665
60579
15070
89798
17866
90000
32406
7799
54375
64134
22149
42598
100880
21042
84799
89172
84614
84977
61712
983
7631
91067
33675
4389
63464
8152
75533
43102
7471
100446
83911
792
57681
98981
90590
75548
85637
19651
83347
36667
83786
2152
79266
81321
23194
60721
67149
4463
42353
25516
5447
49985
13239
54374
76703
47275
26563
16460
54746
23665
100371
55538
81346
96008
42784
53550
78300
62435
33552
11623
42877
35704
90889
20854
58899
48265
88003
63363
90619
10175
68810
37259
23414
4588
91634
100118
51863
14852
13234
3265
38517
10261
58803
16519
2924
101587
70069
81224
60678
92848
211
35981
80392
21065
25313
5724
54900
12587
15900
20365
49847
39315
24954
36088
76817
52989
49322
80082
91506
59584
35541
4681
62508
33784
74750
40388
94462
75027
29891
7664
6939
12395
102545
32252
18119
54100
44840
34019
74466
94687
73334
99420
29479
6078
72893
82468
55401
49631
70630
11640
85172
75311
74149
15612
46716
11192
6730
18399
41084
101404
26063
48023
10454
25263
80275
28574
79364
21771
62594
50486
32583
46561
42593
38662
16110
21716
94063
65741
92347
2359
47569
64314
63181
7686
87700
69911
26085
25439
67971
52148
78425
77412
50394
3654
53431
72165
66249
572
85279
98832
47134
24527
34150
63245
46244
24868
25642
35246
27227
73211
99561
391
33048
3902
88091
29987
10186
67586
82136
83649
42667
56203
30698
46322
6289
102864
9226
6862
84798
4714
53997
5980
38864
13898
52224
63733
39540
87471
90961
9407
83687
91352
42456
87590
76098
42071
14232
86285
6313
96369
66590
48980
49227
97289
95303
55517
96808
1184
62380
78261
5899
13032
84241
44763
26930
33121
5151
66471
17248
75878
100936
84120
14989
85181
56874
57060
99414
39814
63374
92438
3059
9010
38321
100349
968
93838
93812
2153
52873
68728
8052
65906
49625
52815
92837
82747
57967
55963
99996
50735
28496
97587
43486
79424
88385
100546
75494
24855
60576
64587
27915
69586
102908
24919
70554
93402
15386
72707
42930
84115
80760
5492
30230
98329
9798
50947
6449
35589
79444
692
67100
19585
80116
52141
16787
52265
76996
77363
13508
1567
43604
13072
26486
10814
3129
41873
83522
46060
22643
60937
51552
53039
91168
46537
62837
76021
97484
69287
8266
73584
69979
75367
93169
24163
6611
99016
101160
83975
9180
102727
24234
22252
25868
35049
25382
67741
15227
71443
90385
76164
40079
63988
66188
102917
36665
60328
68859
44931
30567
16953
20391
82245
41117
27003
77916
38932
87096
38314
31868
6004
64183
66918
31387
28580
82145
102830
15620
54965
19136
55699
15608
85325
55271
52273
42308
20786
97204
72876
56280
10813
93268
35180
51930
16926
9752
90863
24560
96849
25832
56428
102853
90016
30896
15251
102147
30381
30871
53767
49518
86571
69375
31498
38498
18304
73807
59284
12163
43338
12220
22977
33261
47400
74907
50188
57152
62426
74748
50656
88258
27832
50165
47834
81061
90181
46637
8097
17708
100404
57616
934
66435
89114
39433
84739
59577
98717
96903
102915
7592
16536
32832
54993
91444
83020
8800
50525
59457
35438
82256
6277
7024
26745
87339
97205
73382
95437
49708
12503
33533
35478
51936
14928
95055
47309
8486
94626
54902
25022
24113
6550
13122
3788
15351
63647
58212
99086
37124
2765
63870
65080
99970
33907
57173
8194
1005
3536
20698
34538
39015
49466
30725
16599
57953
22007
71501
82976
46120
78052
96098
49909
93403
56400
4777
41901
42609
54906
2426
4345
51532
36334
61518
59727
37340
65054
80425
71878
724
49715
18000
31450
66315
75954
53457
34472
55585
99578
48338
46142
102583
1394
50920
64106
53536
92821
3370
5097
95248
7715
56630
28237
69233
13012
65577
30943
93438
34111
31668
39808
52112
63119
2779
24721
13232
37252
80306
9465
46432
25300
55608
45670
26695
80231
96004
9802
85328
87908
17518
38614
12801
86752
51626
78378
41719
9145
46019
81528
61257
5793
84308
85979
19025
18215
62941
28491
64647
88241
84099
11591
87282
91822
79942
23208
73806
64505
40727
9075
77306
60702
52340
38485
102421
84504
80605
19399
90298
61568
2033
5978
79784
64974
34469
41086
49871
48060
61463
102506
61466
79104
84674
20402
40265
22057
29478
14226
46191
90180
66567
84676
89257
24709
65836
66518
44108
52789
24741
58768
1181
7771
93238
42267
57643
5117
90327
15761
4279
65702
83383
29778
86104
20303
51836
12238
34530
98027
102418
101097
79359
88330
22462
41851
51504
66570
94640
76245
9367
77426
17139
39957
16349
74782
45074
3332
90544
49353
51781
52901
29391
81560
35661
49695
30051
47899
84225
24734
46972
81978
749
31958
1095
42600
83462
67666
33896
56363
77033
83960
30445
94173
20572
46795
65611
65646
50127
52810
101909
2367
41046
80124
38028
90741
6831
85927
71622
31566
29555
50255
32315
61514
51351
74916
41632
15672
5467
92706
89427
25096
83534
6654
71891
45800
72301
18674
98611
83956
17238
100978
21657
97363
9054
850
18244
80676
32416
47800
27587
64732
5969
78938
36303
47601
94610
41770
42252
83971
27853
67349
34508
35895
6616
3464
54570
1883
87421
71809
102862
5733
65828
35179
66679
53423
95464
99095
101223
19706
60483
3848
98644
96786
51449
89909
35212
93702
70536
63066
57706
31352
97575
37969
44828
39852
85115
13292
39369
90849
79121
74548
2292
42455
24627
97757
38206
22506
98689
26354
9418
92131
77804
99328
23999
68161
66519
87065
22523
97872
81295
12781
32496
78990
57609
72348
70901
8373
48266
82922
50559
89132
4204
44971
23993
59090
19338
53065
68508
8124
27524
64491
32124
95686
27666
15845
14864
22193
97141
27646
54689
72786
85255
30203
52812
32067
78469
99489
11644
25684
85277
15848
70655
5926
42559
26400
25265
95624
33389
56055
65514
12145
83722
81359
27010
2571
75155
54656
57260
44597
36566
80954
74801
89378
9676
49926
85523
21321
75610
67456
37170
42920
73383
79729
69320
98648
72009
60884
28693
91813
13595
94207
613
97317
72222
27624
99888
82280
53804
88630
15502
31414
60086
1536
41091
6667
62412
82277
51171
99583
21853
21210
75967
91174
16513
44631
48714
45207
62309
36070
33713
56282
4947
61337
40273
3286
34265
55775
34700
94351
57312
75792
41027
34860
79952
92199
31098
101805
10064
3721
89635
26578
48353
35004
71786
81453
97313
4511
11821
50251
9458
73159
103077
58438
10088
3018
92704
65863
37719
83710
19831
10166
81385
60858
45026
57992
49713
76125
56453
59778
79846
42743
86357
24854
77748
54798
2962
71717
59309
14784
18623
68768
87944
18355
23862
98032
21374
13221
60551
59093
96932
69260
74972
10942
29620
87609
87067
86074
44042
63569
25473
27054
88423
81853
91386
71593
37818
2825
90216
3241
90770
5227
27103
85457
26602
40325
85696
33912
19700
51611
5539
57596
62553
35160
41860
46276
17889
85903
6500
43362
9612
94924
43238
91466
82965
11487
25939
85791
101704
29180
73216
3587
56284
55328
30189
97992
12540
14347
64152
32717
71944
23361
67877
10459
69637
85767
96363
76138
25784
2631
67717
69023
94097
47337
80511
16691
29783
78870
45872
103000
82457
102156
54983
9302
95421
49630
63978
85995
51971
32577
6011
16504
43037
75649
102271
36055
48442
24711
38687
12815
93734
29439
60152
46130
89936
92003
89591
25539
90815
41230
34842
82891
90861
102146
51494
39335
50772
84072
45347
67277
23765
17652
66203
59820
66095
90914
98507
78910
81304
24602
35717
48860
70733
22309
95287
59391
8556
17481
46861
49786
52323
26408
5664
25209
88797
45000
75982
69525
90348
39914
93290
2772
49766
70750
93687
44929
46315
71647
69531
82033
17162
36919
998
9105
96310
9554
26586
39827
59341
66235
96643
84575
82096
64082
48276
13233
651
38221
17888
3424
87987
88639
97112
29571
31610
65414
99103
10299
82576
32677
11297
91682
25643
20851
14923
65470
80192
93834
28360
73491
75065
52242
101295
80542
100519
11183
81194
35395
29072
84618
20038
14367
78385
49610
45977
40454
45368
56276
19686
78046
67573
8023
344
88425
22947
65814
65273
94175
35419
88502
7291
87662
86453
87833
84837
97637
65682
16887
23364
46956
36926
37731
21997
86536
83709
62452
28559
36640
82139
869
90162
89294
9765
69420
51223
23203
86643
8361
67541
70960
94814
52030
52453
89106
14368
69340
9126
61325
2922
46857
83322
27222
14673
63862
21223
17934
8041
21539
50682
17807
90959
101905
41010
47865
49372
12062
52819
40841
64093
1927
78461
71268
35728
36441
74190
82586
16419
60304
6463
58849
74977
70326
80073
92912
31713
88115
11107
2577
102066
80956
43588
62814
92960
58650
30457
19398
14216
57059
97859
85485
92788
30956
56330
72029
47376
13290
78493
2880
88267
45475
82954
77835
67724
88942
56239
70302
87664
33851
10546
30906
96666
162
89556
5610
30619
19827
87678
125
1967
77122
58298
45807
78458
71588
20955
81339
56511
66430
60948
31001
40274
25328
16598
96514
95630
917
27021
2831
31824
20342
2993
18036
25953
33613
23646
45780
17947
23771
47748
95069
54853
2701
37531
29966
7961
27456
21572
68909
58457
61847
94238
75056
55017
86523
75974
82038
89355
4454
102380
92349
22490
24989
22617
46137
40565
69908
15173
32289
21417
17874
69821
51383
92164
59345
16275
46536
24910
74733
5038
15803
46444
60056
102327
19074
23528
37785
77342
46018
62775
99960
92155
30199
37180
58719
45372
69470
80136
63247
35946
28175
52067
60909
87520
4101
9085
39731
9139
24889
86176
69196
23871
1905
8864
25433
42387
86207
71452
1817
82823
32017
16658
15638
77389
86129
95774
37292
18730
20605
89359
79640
4780
54357
83741
13866
94088
92881
38755
76919
58732
62627
78824
63334
71491
913
2376
54354
72366
4193
29284
36210
50491
44922
10255
33275
37352
52006
57957
33562
28302
62738
87919
8699
76604
78662
101580
52237
56968
74642
27716
16958
42789
28630
19334
97144
100996
23527
27631
26936
59738
78123
71859
69993
8053
5866
14196
60060
47758
88363
23216
32332
97062
99821
7650
95298
8492
59887
48922
83134
87604
65880
22579
12890
85214
16379
10541
5397
44010
37478
65135
18788
5992
26842
11858
45980
86903
75682
93739
71921
98899
22727
65639
95376
30377
57592
523
90265
3169
83658
69050
2893
87415
50919
19272
97957
56317
63283
32091
18107
38083
49891
5569
49942
95872
92473
22280
86266
61050
17835
5648
23344
9866
80937
10390
22946
84106
94048
97472
49812
81543
100731
12869
76156
53704
76152
4902
71811
54879
42985
18358
60449
92928
10885
49577
11863
97152
7282
29699
102800
30627
39566
35481
8219
49956
58428
92326
40660
52555
38793
34258
30754
36180
47127
3565
89884
19935
8467
58351
74815
51453
76709
31919
41037
87595
81496
81403
88779
82600
80858
16061
18821
12995
24280
68778
71423
13261
6094
20634
52055
40352
51388
88235
54954
74774
4070
63422
78885
11530
3145
7459
52567
88956
2123
68799
74391
84724
46313
90453
201
59308
11388
27387
24650
48022
76706
12080
99411
61596
99560
51020
33026
285
11097
62807
79171
22628
86631
53349
72242
77319
18803
43289
58699
65116
30397
58900
21080
41786
24534
48467
66437
99608
96490
39798
8343
92556
101394
4559
40231
31076
4845
51329
93883
84016
73957
67303
45808
6495
36200
19783
25299
79490
90416
6542
34038
8151
48329
58573
56619
11421
54836
49764
51220
63180
38975
49270
67739
79207
80346
72585
27191
70884
101149
24030
17215
43613
53416
63397
55825
29561
38535
42896
36104
72574
51047
84433
27802
4322
95855
82638
54086
43730
42473
93062
93000
6868
68924
70002
79454
96116
37541
29366
93921
61572
46581
34189
92098
99997
44579
26214
32777
87475
62318
2007
35178
43407
29809
39500
35918
9102
93587
79648
51576
83304
69304
58445
48883
35961
34554
41655
73503
63921
32231
31731
7157
66420
20485
3810
60663
65064
30024
93440
49195
92343
95448
84374
21912
20529
68324
31015
10772
44628
82592
94076
10587
37692
39615
46549
72247
81270
16707
32823
10156
39981
76576
68923
43791
33895
30643
73816
23991
79838
62815
16094
60867
95221
38006
81397
60201
69021
92169
1484
82901
12072
19171
58621
54864
100441
75329
87688
7252
20423
24324
89347
68116
14379
16645
38587
38370
96484
101403
54007
93280
92471
32060
50136
58147
20884
51620
3071
441
63692
89033
19612
18969
40552
16708
94298
24895
23961
11376
49220
4445
100724
13991
18824
52579
57195
7164
50637
8315
61171
40572
100786
93231
90709
55589
10771
38984
58660
11212
102677
44349
84902
47533
9255
6453
71494
20632
55673
75940
18011
69664
94765
32036
18899
48615
56930
100372
6765
54372
90259
97474
101031
33113
65277
8899
32446
6281
39724
50747
91183
87257
60003
97636
55407
80635
49965
28002
98646
16285
19422
27338
35184
68038
66539
1376
21624
63566
8142
75996
50481
2271
82612
48167
35385
44544
57067
67831
50826
96791
15234
80704
75237
32957
32767
52527
60769
47829
75167
31047
44885
38361
32424
66510
101928
40567
39161
49065
42838
18429
97233
78223
62974
50955
42710
10455
44402
57944
49121
21761
29837
82079
54528
61657
11953
26849
57520
92146
102017
88568
33687
37034
17648
100197
35617
58215
36014
84683
101053
54443
78571
75932
14072
26181
15297
70583
73242
73650
92345
103079
52384
43529
82099
10696
5604
68216
44284
4277
77971
41311
71087
74824
76929
25957
7493
58267
23666
61936
33493
99598
76009
59675
11551
100537
26914
84794
70842
15915
84529
19881
59444
63284
30578
68888
98794
55867
48889
30494
11131
16632
1973
88061
42590
9466
66257
71403
76477
62511
44067
32808
74062
41259
59722
55512
8757
75638
36696
28639
31737
99980
59217
43320
65523
54667
99187
35344
212
26336
46476
16844
28310
59435
37776
74176
22347
5834
47308
84859
49901
80117
55576
91161
36494
7743
99919
8788
44440
25213
40525
41075
84430
83846
3253
35752
79689
38598
35965
2680
30990
12921
8900
87098
31248
74602
31061
12762
21159
7833
68339
8976
44328
76083
5550
53116
17178
30763
93642
11848
74144
61507
50488
100105
83566
53168
81834
33031
84159
94756
41932
49582
78509
73181
20839
6226
85943
41999
14060
50938
50975
58389
23676
56525
8161
40855
87289
101803
99108
99138
72603
57271
43394
19746
54031
23616
72915
32521
56648
53730
23933
98581
103312
102443
68417
20807
5324
51016
62806
19385
101955
10437
77774
22287
66963
85935
63142
50907
84394
58906
46700
53652
12832
90095
73398
66864
10367
42968
99385
67016
19974
62252
19072
27325
14129
24397
78342
76935
43782
87373
18212
99239
50991
802
59036
101898
85197
14597
45253
35505
27430
32003
5558
94294
42371
48527
90335
6042
41881
6964
68294
35203
26036
95620
70617
22923
94217
44225
6951
9084
40119
57942
9887
99156
56496
95084
10409
27245
37839
30409
32803
28788
72780
81331
15778
78822
19868
22743
43772
55071
48780
36048
1059
99214
3320
90086
47546
30933
99171
87665
88876
5713
83477
42028
100798
93886
40433
24698
57502
57169
35489
72948
15756
55357
95692
59528
7084
41127
8143
36996
98897
32125
23738
43098
63059
19564
27419
48590
25278
7551
22731
101438
27707
47429
26474
98550
1587
83643
35483
37076
53247
51240
7423
86721
4316
20373
98553
44112
38307
63677
65726
44746
88955
73277
32021
8342
71370
59728
55772
97844
54934
57359
78143
90418
94435
28046
38313
83524
73641
45737
79696
57017
45392
84013
77391
40601
17109
18159
13265
81837
41289
58012
11222
90033
75790
82593
46417
28218
77093
101351
85577
51892
76667
79938
23393
50234
69130
33198
3907
11178
13867
81299
51779
30976
99459
27342
44242
77951
68632
102255
42054
79854
88944
59103
32016
42718
32851
30023
24951
84743
15103
101618
38497
55120
8227
4282
88319
12135
15461
102186
93435
67240
29818
89549
94583
74061
64155
59870
72972
2865
36380
58571
17366
95483
90588
60084
17267
85035
6388
32370
83309
70868
35085
75151
20060
88089
90612
18902
78179
54508
48720
64384
45746
19437
25195
2272
92409
28060
38652
47636
45426
30790
34879
2166
55780
52146
62168
84517
67166
26550
52040
102251
102504
23847
18967
87249
11114
37869
62083
65623
86589
23123
8024
2682
48318
10296
95092
76379
48948
39383
18461
79739
74262
20627
32174
23063
4484
94343
4236
71650
17548
70557
80123
89524
612
91238
24048
62696
53516
7293
85819
61541
9976
71838
1723
3826
17441
41106
97181
12023
42915
26010
35087
47399
17009
39323
34558
95600
51266
72379
72442
51879
60273
96491
11230
10444
440
97050
71986
10416
24498
40479
12139
28325
57921
53245
50613
51757
65269
93528
77768
100357
37583
94777
36335
53288
25990
28591
36207
77257
100971
5304
25791
57899
101796
37022
102236
30727
36985
9307
55226
77464
21447
83551
32040
74693
30819
83798
36617
21002
58221
33629
58585
49653
8529
75643
98557
44736
49555
96183
50041
75347
50738
48492
9024
15737
47384
39752
52722
56691
94978
78139
75184
58883
2659
39336
23661
97557
16389
43866
86355
90777
16164
81568
32169
65720
74407
82211
37723
21800
46747
37537
74743
86500
90260
28089
78134
13758
2883
49973
52371
52632
35131
76294
2846
51520
55197
46712
34531
42629
62876
12754
74799
25252
87162
53665
62975
5617
81024
6378
43155
52422
92878
30071
80512
67667
43829
83396
14296
13126
32422
66929
21759
39878
24606
15729
95076
71318
34361
63015
5815
56102
46832
59480
15732
52450
37160
22111
95605
89582
11645
22331
66749
66161
79288
79222
57193
101048
43431
97072
59160
88803
93627
6075
19819
21132
69091
25635
77234
12579
85116
92967
65029
18931
11734
57290
5168
23379
79622
71917
102691
42439
15373
92956
94596
46804
16085
34682
40532
38395
93842
25991
28677
99918
45811
49809
71446
23699
78244
53217
13322
39929
72148
25056
97220
77317
48435
73497
45890
12591
61263
37393
52515
84198
87198
21385
85454
77695
10787
93187
60597
36590
61289
84296
11490
11161
97619
51420
83310
19330
57283
67765
15447
103173
12203
28039
61092
49596
59013
10263
30450
2728
99212
98970
42736
89055
56222
79327
46999
37174
90817
58161
31448
38892
38127
50779
84187
95410
15199
99635
95239
27403
24330
52986
76999
83343
63249
4104
57365
55940
70910
51808
66536
68569
37518
19414
44551
84518
56588
32024
39334
88037
70916
77461
35471
69527
50671
48050
61421
78074
72380
11062
51729
52379
74312
55834
28333
8430
2672
60238
69208
19390
97756
88622
63942
78929
41866
95966
14918
26559
63538
92380
62031
58562
9357
16639
87432
29039
27702
35817
81418
102014
91651
13179
27002
100081
15852
81168
56974
85060
100559
51386
70338
61156
26970
8859
53777
41889
35418
13970
30925
97450
25923
89488
3463
2782
90895
11621
30484
93040
29154
11675
2875
56157
8412
18727
33980
65387
442
31194
13428
70780
92351
40399
42783
82289
11714
56754
9869
5819
82678
99358
9282
65261
102140
100178
76883
29280
20201
66578
58434
31876
69453
11246
45227
2330
15759
56058
65428
56158
32353
4867
35103
61622
44972
49886
40956
40986
59168
2873
39781
56001
79756
69062
76203
42989
24152
4734
9097
35398
45023
97277
80626
47354
82555
63114
35268
15787
15927
67621
20655
51030
82278
96003
58230
19890
33644
14053
22763
73426
70055
102519
39143
42163
63295
47649
51260
98694
92672
45193
36682
24403
26335
99796
59671
42123
12379
23947
62779
63410
32291
56069
90521
61602
89713
1230
84365
59795
71286
83540
98939
10855
22358
58890
58504
73619
54240
47831
15467
26871
39870
53206
80965
99542
95330
93345
20145
54764
53410
52436
96476
6134
39613
54734
40843
35755
52298
8784
15950
47893
19639
38309
3438
8583
57678
22630
24051
84550
3799
34412
84765
60119
26397
80264
81161
24831
74293
30965
68968
25683
23468
6467
61438
75767
20315
34891
12354
23754
9690
20937
81433
32320
44988
62638
36120
5565
17541
65684
20103
92307
42603
101264
13793
71959
72213
44759
97896
68228
44050
55990
40650
59302
30035
60966
94193
42389
84720
538
63327
62808
32859
4971
22102
68980
10536
15807
76221
35910
75484
15479
33830
89278
87439
2698
30692
21677
100595
98920
65727
53241
36226
21685
83276
97193
12533
22321
78568
85648
38032
45932
60134
101156
75942
98090
74032
8508
70229
42338
56163
45037
86855
95284
42288
82431
57667
95530
15312
79352
75461
9160
91885
97783
87729
1613
80086
22417
47545
67361
82552
59114
65172
55150
53859
35859
63658
22027
2652
76907
95634
47690
87573
89979
39503
41895
82164
54816
17902
54281
63977
6443
48719
48362
8057
25461
55603
92822
49987
54650
1792
65231
90510
85975
68104
59537
1481
12450
16610
89054
102429
56114
27605
81249
7586
45508
71563
51951
80905
60009
3021
87361
12267
95844
34003
23639
47149
35796
88871
34314
101248
71502
43506
66008
27694
44305
77543
100419
58303
55447
4660
467
87633
76224
52419
65193
92805
9083
68215
76822
21351
60714
7480
4519
43277
30517
38833
41181
102019
82340
3844
26369
23984
82303
70674
54682
56501
67749
9641
8603
72410
10109
96237
45289
62528
58085
34750
71611
22956
92962
83670
15708
88190
58986
65126
23679
100167
63801
2675
667
90170
26659
82971
57500
81342
36127
21904
90984
44731
94314
101093
37623
36259
60276
95709
71010
28543
15320
79237
18161
98991
94945
52770
83836
50587
14551
4171
47410
78353
6846
48078
65178
33505
27704
63831
41239
102487
5218
32209
100235
42842
68468
57166
36133
85710
50527
526
46174
3627
53296
26665
54214
67848
101624
42856
37683
46357
4690
71188
34548
65264
81833
39767
97473
78724
82609
62597
32545
14470
98731
14911
64998
7412
15437
11039
68734
34493
65254
33238
63534
76095
103013
6546
80786
70857
80608
1466
50204
11812
66730
28692
51579
60859
4072
30843
20111
45314
15497
51529
6967
22910
66966
14795
33950
32356
49288
99204
65595
11273
59393
38345
65940
81799
43204
28658
55016
83984
57351
3251
41499
61423
34094
61610
98041
79409
46225
86377
9847
101172
30623
42204
47115
26483
85876
42800
69331
48471
58588
75841
76445
43347
56481
30452
46598
97980
91876
80693
56246
86573
56757
30009
29453
39789
26683
39301
37617
57307
81506
83790
39777
66322
25416
5764
11448
84004
53551
103124
26651
43127
9638
57104
89725
4274
45635
67074
28863
20486
90530
58317
13869
97893
71177
75780
79281
51622
58396
15713
83813
21478
26048
64473
75029
25828
17630
101681
68955
27269
55440
55336
31543
101075
19065
92064
26594
39552
79250
84911
99828
93120
79186
94377
60952
70313
9230
6673
86027
23829
90487
4161
49878
51616
79190
75706
69247
77526
41316
29622
96653
24715
27352
12373
13435
53947
51925
92686
35514
48409
82462
11355
39441
40069
62977
49299
69651
73129
56794
96599
19662
5066
72445
95368
74313
46626
33340
67485
76248
92201
256
39022
54204
90948
94979
89718
74096
101074
75455
10821
60707
81865
60121
27013
70959
29905
64213
49568
88874
41592
59843
79940
74932
23983
52844
101581
12840
53101
15132
3960
24862
6766
93679
60876
80863
91408
32986
91684
48770
11507
48460
75784
82466
78366
56247
43335
24589
41777
76649
66181
101620
37769
22259
2744
36006
35099
55846
73265
50232
59806
98128
56999
50141
55659
34517
38205
88645
22856
86975
100152
59415
79274
12318
19264
70927
54095
95913
33764
52370
45813
71533
74629
48558
4194
6384
77459
56616
60866
72243
10270
7662
24557
44788
45867
9858
67645
29498
88913
85940
81955
49538
51982
97774
83302
1007
40242
51490
75637
88800
55684
82022
89860
29799
35293
47381
45564
55043
23256
90353
100911
33114
54653
27064
90270
12633
22377
68881
10520
24237
15074
62502
18667
98376
63510
58909
35803
102206
14480
30881
28661
49774
78262
27359
95339
29961
50615
82347
27527
83730
33655
54592
20166
20581
67225
42544
89462
77745
66782
1191
36903
85449
99567
100413
41014
42744
32872
85380
41605
47352
12916
70266
97126
97625
89121
17794
44896
68123
45321
25281
101779
99913
45448
19016
63794
87992
5134
38195
51429
6325
72167
45292
56583
86898
49047
69499
53820
42829
57332
48100
75127
92997
96729
17104
14933
95164
13673
60382
10836
77468
45029
15970
96459
22295
87417
24844
56240
101196
70137
57935
54434
3638
20588
4165
46467
77921
52266
49704
41918
68458
66808
56852
60277
13889
71114
54605
58919
87084
66924
52033
6035
50996
78681
30879
3891
76532
101016
61827
27622
51362
65465
48211
55528
8588
22787
4450
83661
72492
46369
48775
35956
5708
13766
67699
72685
60561
31278
66596
82274
100055
97476
86166
73243
95147
44648
100865
43165
6769
45731
15357
68519
103144
99018
37666
46168
44448
73623
46045
50156
86717
59811
23634
51071
29152
84195
82349
50526
47446
61279
47236
41577
44101
17135
33380
88750
14655
76546
95519
60387
71895
7531
25561
71694
3205
63228
14518
47654
33506
60563
97811
16878
17030
18100
46182
102295
46954
96708
46397
4889
40600
87975
48990
57735
34396
72391
26570
29433
34102
54995
31458
37307
14879
45976
84962
48385
3195
79429
20225
97529
29869
66407
96480
76824
59771
39533
27360
54762
42174
61756
23809
33387
88327
53243
96495
19084
4893
24608
56392
19773
70585
38010
68158
73780
14094
30078
94005
8278
59948
57068
1414
33428
13494
11797
10521
65111
39158
65284
3941
100915
89094
37328
85897
38992
30479
1636
43886
55088
58029
63659
22328
96039
28473
96109
6788
58551
15067
15155
40493
16481
53988
57429
60381
64510
19196
99540
26450
97110
12199
60466
79662
51191
95078
42689
35983
55392
65017
28678
83865
57782
35466
39072
41207
50534
54228
81701
102812
32344
21100
59849
56044
19960
63434
49810
32159
20555
26127
83351
8156
4082
75084
50845
40066
27132
12518
68744
7653
70300
866
46725
8163
51400
100954
89864
15071
100421
18864
36172
12374
76469
9625
32335
36558
64495
44501
65271
89645
16241
12771
26366
43373
25289
95111
51026
95590
95977
97752
408
95361
90273
5792
95275
18167
68399
55644
50502
11652
58727
97298
56154
20654
83598
33425
6620
12424
58715
101731
63451
94364
57859
51369
49875
38298
94155
38969
44090
86086
84988
62258
51140
37287
9415
52754
49022
21068
8137
42975
77222
28791
23229
46273
62216
29849
58698
17587
28236
68548
19256
76664
16573
54307
23195
54871
45118
62164
98962
27859
43807
57875
79000
81095
67290
26772
88359
36547
69747
62237
65338
92976
5165
24210
19481
63864
41798
47718
82669
7001
66974
55988
23575
17937
79183
78446
63056
38002
74064
90915
81810
28594
66571
59560
95885
94981
86332
80900
28183
52735
39792
93522
42367
44957
14387
61849
5477
56185
6223
88146
63187
73198
40790
86762
91136
16628
61864
50847
54631
32584
38418
33097
61178
1645
92657
96626
75645
31274
21464
25036
71066
11641
67403
12679
26029
25908
18156
82215
32131
2958
42057
1985
43748
25475
93121
60377
87340
40624
11664
16579
79043
44761
80688
34074
28133
73969
6374
59407
95434
31411
27129
3731
98815
39809
29760
21378
57966
8631
53510
60924
50688
55495
45272
61706
60159
85896
73370
76739
61594
14786
51153
38937
79286
9562
55235
35349
1651
86646
62478
82116
102288
35143
150
56909
43774
53660
14489
94463
5811
