0 0.000000E+00 5.831198E+00 5.971289E+00 2.592596E-01 3.333335E-01 4.814809E-01 4.814809E-01 0.000000E+00 0.000000E+00 6.000000E+00 6.000000E+00 -6.000000E+00 -6.000000E+00 4.444441E-01 4.444441E-01
0 2.021126E+02 5.831198E+00 5.971289E+00 2.592596E-01 3.333335E-01 4.814809E-01 4.814809E-01 0.000000E+00 0.000000E+00 6.000000E+00 6.000000E+00 -6.000000E+00 -6.000000E+00 4.444441E-01 4.444441E-01
1000 1.228196E+03 5.807977E+00 5.616354E+00 2.222220E-01 2.592596E-01 4.814809E-01 4.074073E-01 -3.000000E+00 3.000000E+00 3.000000E+00 8.000000E+00 -6.000000E+00 -5.000000E+00 3.333335E-01 4.814809E-01
1250 1.228229E+03 5.808404E+00 5.510518E+00 2.222220E-01 2.248147E-01 4.814809E-01 3.729629E-01 -3.000000E+00 2.930000E+00 3.000000E+00 7.930000E+00 -6.000000E+00 -5.000000E+00 3.333335E-01 4.788883E-01
1500 1.228253E+03 5.805269E+00 5.498236E+00 2.222220E-01 2.222220E-01 4.959258E-01 3.703703E-01 -3.000000E+00 3.000000E+00 3.000000E+00 8.000000E+00 -6.000000E+00 -5.000000E+00 3.333335E-01 4.814809E-01
1750 1.228275E+03 5.800315E+00 5.497622E+00 2.222220E-01 2.222220E-01 5.185192E-01 3.703703E-01 -3.000000E+00 3.000000E+00 3.000000E+00 8.000000E+00 -6.000000E+00 -5.000000E+00 3.333335E-01 4.814809E-01
2000 1.228296E+03 5.800315E+00 5.497622E+00 2.222220E-01 2.222220E-01 5.185192E-01 3.703703E-01 -3.000000E+00 3.000000E+00 3.000000E+00 8.000000E+00 -6.000000E+00 -5.000000E+00 3.333335E-01 4.814809E-01
2250 1.228307E+03 5.713719E+00 5.744167E+00 2.222220E-01 2.962966E-01 4.814809E-01 4.074073E-01 -1.000000E+00 2.000000E+00 5.000000E+00 7.000000E+00 -6.000000E+00 -5.000000E+00 4.074073E-01 4.444441E-01
2500 1.228310E+03 5.704259E+00 5.552491E+00 2.222220E-01 2.537039E-01 4.814809E-01 3.703703E-01 -2.000000E+00 1.000000E+00 5.000000E+00 7.000000E+00 -7.000000E+00 -6.000000E+00 4.444441E-01 4.814809E-01
2750 1.228310E+03 5.817007E+00 5.701543E+00 2.592596E-01 2.611114E-01 4.814809E-01 4.055554E-01 -1.900000E+00 3.000000E+00 4.050000E+00 7.000000E+00 -5.950000E+00 -4.000000E+00 3.703703E-01 4.074073E-01
3000 1.228310E+03 5.818969E+00 5.728956E+00 2.592596E-01 2.940744E-01 4.814809E-01 3.725925E-01 -2.000000E+00 3.000000E+00 4.000000E+00 7.000000E+00 -6.000000E+00 -4.000000E+00 3.703703E-01 4.074073E-01
3250 1.228310E+03 5.799921E+00 5.730564E+00 2.592596E-01 2.962966E-01 4.814809E-01 3.703703E-01 0.000000E+00 3.000000E+00 5.000000E+00 7.000000E+00 -5.000000E+00 -4.000000E+00 3.703703E-01 4.074073E-01
3500 1.228310E+03 5.782148E+00 5.757093E+00 2.592596E-01 3.333335E-01 4.811105E-01 3.703703E-01 0.000000E+00 2.990000E+00 5.000000E+00 6.990000E+00 -5.000000E+00 -4.000000E+00 3.703703E-01 4.070369E-01
3750 1.228311E+03 5.810957E+00 5.700200E+00 2.974077E-01 2.962966E-01 4.814809E-01 3.703703E-01 0.000000E+00 2.970000E+00 5.000000E+00 6.970000E+00 -5.000000E+00 -4.000000E+00 3.703703E-01 4.062962E-01
4000 1.228311E+03 5.810122E+00 5.699122E+00 2.962966E-01 2.962966E-01 4.814809E-01 3.703703E-01 0.000000E+00 3.000000E+00 5.000000E+00 7.000000E+00 -5.000000E+00 -4.000000E+00 3.703703E-01 4.074073E-01
4250 1.228311E+03 5.809666E+00 5.817760E+00 2.962966E-01 2.962966E-01 4.814809E-01 4.074073E-01 0.000000E+00 2.000000E+00 5.000000E+00 6.000000E+00 -5.000000E+00 -4.000000E+00 3.703703E-01 3.703703E-01
4500 1.228311E+03 5.810977E+00 5.817934E+00 2.962966E-01 2.966670E-01 4.818513E-01 4.074073E-01 1.000000E-02 2.000000E+00 5.000000E+00 6.000000E+00 -4.990000E+00 -4.000000E+00 3.699999E-01 3.703703E-01
4750 1.228311E+03 5.809666E+00 5.817357E+00 2.962966E-01 2.962966E-01 4.814809E-01 4.074073E-01 0.000000E+00 2.000000E+00 5.000000E+00 6.000000E+00 -5.000000E+00 -4.000000E+00 3.703703E-01 3.703703E-01
5000 1.228311E+03 5.809666E+00 5.817357E+00 2.962966E-01 2.962966E-01 4.814809E-01 4.074073E-01 0.000000E+00 2.000000E+00 5.000000E+00 6.000000E+00 -5.000000E+00 -4.000000E+00 3.703703E-01 3.703703E-01
5250 1.228311E+03 5.809666E+00 5.817357E+00 2.962966E-01 2.962966E-01 4.814809E-01 4.074073E-01 0.000000E+00 2.000000E+00 5.000000E+00 6.000000E+00 -5.000000E+00 -4.000000E+00 3.703703E-01 3.703703E-01
5500 1.228311E+03 5.809666E+00 5.817357E+00 2.962966E-01 2.962966E-01 4.814809E-01 4.074073E-01 0.000000E+00 2.000000E+00 5.000000E+00 6.000000E+00 -5.000000E+00 -4.000000E+00 3.703703E-01 3.703703E-01
5750 1.228311E+03 5.809666E+00 5.817357E+00 2.962966E-01 2.962966E-01 4.814809E-01 4.074073E-01 0.000000E+00 2.000000E+00 5.000000E+00 6.000000E+00 -5.000000E+00 -4.000000E+00 3.703703E-01 3.703703E-01
6000 1.228311E+03 5.809666E+00 5.817357E+00 2.962966E-01 2.962966E-01 4.814809E-01 4.074073E-01 0.000000E+00 2.000000E+00 5.000000E+00 6.000000E+00 -5.000000E+00 -4.000000E+00 3.703703E-01 3.703703E-01
6250 1.228311E+03 5.809666E+00 5.817357E+00 2.962966E-01 2.962966E-01 4.814809E-01 4.074073E-01 0.000000E+00 2.000000E+00 5.000000E+00 6.000000E+00 -5.000000E+00 -4.000000E+00 3.703703E-01 3.703703E-01
6500 1.228311E+03 5.804140E+00 5.836033E+00 2.962966E-01 3.333335E-01 4.814809E-01 4.074073E-01 -1.000000E+00 2.000000E+00 4.000000E+00 6.000000E+00 -5.000000E+00 -4.000000E+00 3.333335E-01 3.703703E-01
6750 1.228311E+03 5.804140E+00 5.836033E+00 2.962966E-01 3.333335E-01 4.814809E-01 4.074073E-01 -1.000000E+00 2.000000E+00 4.000000E+00 6.000000E+00 -5.000000E+00 -4.000000E+00 3.333335E-01 3.703703E-01
7000 1.228311E+03 5.804140E+00 5.836033E+00 2.962966E-01 3.333335E-01 4.814809E-01 4.074073E-01 -1.000000E+00 2.000000E+00 4.000000E+00 6.000000E+00 -5.000000E+00 -4.000000E+00 3.333335E-01 3.703703E-01
7250 1.228311E+03 5.804140E+00 5.836033E+00 2.962966E-01 3.333335E-01 4.814809E-01 4.074073E-01 -1.000000E+00 2.000000E+00 4.000000E+00 6.000000E+00 -5.000000E+00 -4.000000E+00 3.333335E-01 3.703703E-01
7500 1.228311E+03 5.804140E+00 5.836033E+00 2.962966E-01 3.333335E-01 4.814809E-01 4.074073E-01 -1.000000E+00 2.000000E+00 4.000000E+00 6.000000E+00 -5.000000E+00 -4.000000E+00 3.333335E-01 3.703703E-01
7750 1.228311E+03 5.804130E+00 5.836033E+00 2.962966E-01 3.333335E-01 4.814809E-01 4.074073E-01 -1.000000E+00 2.000000E+00 4.000000E+00 6.000000E+00 -5.000000E+00 -4.000000E+00 3.333335E-01 3.703703E-01
8000 1.228312E+03 5.804511E+00 5.836647E+00 2.966670E-01 3.325928E-01 4.814809E-01 4.077776E-01 -9.800000E-01 2.000000E+00 4.000000E+00 6.000000E+00 -4.980000E+00 -4.000000E+00 3.325928E-01 3.703703E-01
8250 1.228312E+03 5.804140E+00 5.836033E+00 2.962966E-01 3.333335E-01 4.814809E-01 4.074073E-01 -1.000000E+00 2.000000E+00 4.000000E+00 6.000000E+00 -5.000000E+00 -4.000000E+00 3.333335E-01 3.703703E-01
8500 1.228312E+03 5.804140E+00 5.836033E+00 2.962966E-01 3.333335E-01 4.814809E-01 4.074073E-01 -1.000000E+00 2.000000E+00 4.000000E+00 6.000000E+00 -5.000000E+00 -4.000000E+00 3.333335E-01 3.703703E-01
8750 1.228312E+03 5.804140E+00 5.836033E+00 2.962966E-01 3.333335E-01 4.814809E-01 4.074073E-01 -1.000000E+00 2.000000E+00 4.000000E+00 6.000000E+00 -5.000000E+00 -4.000000E+00 3.333335E-01 3.703703E-01
9000 1.228312E+03 5.804140E+00 5.836033E+00 2.962966E-01 3.333335E-01 4.814809E-01 4.074073E-01 -1.000000E+00 2.000000E+00 4.000000E+00 6.000000E+00 -5.000000E+00 -4.000000E+00 3.333335E-01 3.703703E-01
9250 1.228312E+03 5.804140E+00 5.836033E+00 2.962966E-01 3.333335E-01 4.814809E-01 4.074073E-01 -1.000000E+00 2.000000E+00 4.000000E+00 6.000000E+00 -5.000000E+00 -4.000000E+00 3.333335E-01 3.703703E-01
9500 1.228312E+03 5.804130E+00 5.835782E+00 2.962966E-01 3.329631E-01 4.814809E-01 4.074073E-01 -1.000000E+00 2.000000E+00 4.000000E+00 6.000000E+00 -5.000000E+00 -4.000000E+00 3.333335E-01 3.703703E-01
9750 1.228312E+03 5.804140E+00 5.836033E+00 2.962966E-01 3.333335E-01 4.814809E-01 4.074073E-01 -1.000000E+00 2.000000E+00 4.000000E+00 6.000000E+00 -5.000000E+00 -4.000000E+00 3.333335E-01 3.703703E-01
10000 1.228312E+03 5.804140E+00 5.836033E+00 2.962966E-01 3.333335E-01 4.814809E-01 4.074073E-01 -1.000000E+00 2.000000E+00 4.000000E+00 6.000000E+00 -5.000000E+00 -4.000000E+00 3.333335E-01 3.703703E-01
10500 1.228312E+03 5.804140E+00 5.836033E+00 2.962966E-01 3.333335E-01 4.814809E-01 4.074073E-01 -1.000000E+00 2.000000E+00 4.000000E+00 6.000000E+00 -5.000000E+00 -4.000000E+00 3.333335E-01 3.703703E-01
11000 1.228312E+03 5.804140E+00 5.836033E+00 2.962966E-01 3.333335E-01 4.814809E-01 4.074073E-01 -1.000000E+00 2.000000E+00 4.000000E+00 6.000000E+00 -5.000000E+00 -4.000000E+00 3.333335E-01 3.703703E-01
11500 1.228312E+03 5.804140E+00 5.869908E+00 2.962966E-01 3.703703E-01 4.814809E-01 4.074073E-01 -1.000000E+00 2.000000E+00 4.000000E+00 6.000000E+00 -5.000000E+00 -4.000000E+00 3.333335E-01 3.703703E-01
12000 1.228312E+03 5.804140E+00 5.869908E+00 2.962966E-01 3.703703E-01 4.814809E-01 4.074073E-01 -1.000000E+00 2.000000E+00 4.000000E+00 6.000000E+00 -5.000000E+00 -4.000000E+00 3.333335E-01 3.703703E-01
12500 1.228312E+03 5.804140E+00 5.851618E+00 2.962966E-01 3.703703E-01 4.814809E-01 4.074073E-01 -1.000000E+00 3.920000E+00 4.000000E+00 6.960000E+00 -5.000000E+00 -3.040000E+00 3.333335E-01 3.703703E-01
13000 1.228312E+03 5.804140E+00 5.850856E+00 2.962966E-01 3.703703E-01 4.814809E-01 4.074073E-01 -1.000000E+00 4.000000E+00 4.000000E+00 7.000000E+00 -5.000000E+00 -3.000000E+00 3.333335E-01 3.703703E-01
13500 1.228313E+03 5.806083E+00 5.850845E+00 2.962966E-01 3.703703E-01 4.818513E-01 4.074073E-01 -1.010000E+00 4.000000E+00 3.990000E+00 7.000000E+00 -5.000000E+00 -3.000000E+00 3.329631E-01 3.703703E-01
14000 1.228313E+03 5.804140E+00 5.850856E+00 2.962966E-01 3.703703E-01 4.814809E-01 4.074073E-01 -1.000000E+00 4.000000E+00 4.000000E+00 7.000000E+00 -5.000000E+00 -3.000000E+00 3.333335E-01 3.703703E-01
14500 1.228313E+03 5.804140E+00 5.850856E+00 2.962966E-01 3.703703E-01 4.814809E-01 4.074073E-01 -1.000000E+00 4.000000E+00 4.000000E+00 7.000000E+00 -5.000000E+00 -3.000000E+00 3.333335E-01 3.703703E-01
15000 1.228313E+03 5.804140E+00 5.850856E+00 2.962966E-01 3.703703E-01 4.814809E-01 4.074073E-01 -1.000000E+00 4.000000E+00 4.000000E+00 7.000000E+00 -5.000000E+00 -3.000000E+00 3.333335E-01 3.703703E-01
15500 1.228313E+03 5.808232E+00 5.850856E+00 2.962966E-01 3.703703E-01 4.814809E-01 4.074073E-01 -1.000000E+00 4.000000E+00 4.000000E+00 7.000000E+00 -5.000000E+00 -3.000000E+00 3.333335E-01 3.703703E-01
16000 1.228313E+03 5.804140E+00 5.850856E+00 2.962966E-01 3.703703E-01 4.814809E-01 4.074073E-01 -1.000000E+00 4.000000E+00 4.000000E+00 7.000000E+00 -5.000000E+00 -3.000000E+00 3.333335E-01 3.703703E-01
16500 1.228313E+03 5.804140E+00 5.848117E+00 2.962966E-01 3.692592E-01 4.814809E-01 4.074073E-01 -1.000000E+00 4.000000E+00 4.000000E+00 7.000000E+00 -5.000000E+00 -3.000000E+00 3.333335E-01 3.703703E-01
17000 1.228313E+03 5.769898E+00 5.892129E+00 2.962966E-01 3.703703E-01 4.814809E-01 4.074073E-01 0.000000E+00 3.660000E+00 5.000000E+00 6.830000E+00 -5.000000E+00 -3.170000E+00 3.703703E-01 3.703703E-01
17500 1.228313E+03 5.768328E+00 5.887193E+00 2.959262E-01 3.699999E-01 4.811105E-01 4.070369E-01 0.000000E+00 4.010000E+00 5.000000E+00 7.010000E+00 -5.000000E+00 -3.000000E+00 3.703703E-01 3.707407E-01
18000 1.228313E+03 5.769898E+00 5.888891E+00 2.962966E-01 3.703703E-01 4.814809E-01 4.074073E-01 0.000000E+00 4.000000E+00 5.000000E+00 7.000000E+00 -5.000000E+00 -3.000000E+00 3.703703E-01 3.703703E-01
18500 1.228313E+03 5.769898E+00 5.888891E+00 2.962966E-01 3.703703E-01 4.814809E-01 4.074073E-01 0.000000E+00 4.000000E+00 5.000000E+00 7.000000E+00 -5.000000E+00 -3.000000E+00 3.703703E-01 3.703703E-01
19000 1.228314E+03 5.755476E+00 5.888891E+00 2.959262E-01 3.703703E-01 4.811105E-01 4.074073E-01 0.000000E+00 4.000000E+00 5.000000E+00 7.000000E+00 -5.000000E+00 -3.000000E+00 3.703703E-01 3.703703E-01
19500 1.228314E+03 5.756908E+00 5.885404E+00 2.962966E-01 3.696296E-01 4.814809E-01 4.066665E-01 2.000000E-02 4.000000E+00 5.020000E+00 7.000000E+00 -5.000000E+00 -3.000000E+00 3.711110E-01 3.703703E-01
20000 1.228314E+03 5.792727E+00 5.888891E+00 2.962966E-01 3.703703E-01 4.814809E-01 4.074073E-01 -1.000000E+00 4.000000E+00 4.000000E+00 7.000000E+00 -5.000000E+00 -3.000000E+00 3.333335E-01 3.703703E-01
20500 1.228314E+03 5.792727E+00 5.888891E+00 2.962966E-01 3.703703E-01 4.814809E-01 4.074073E-01 -1.000000E+00 4.000000E+00 4.000000E+00 7.000000E+00 -5.000000E+00 -3.000000E+00 3.333335E-01 3.703703E-01
21000 1.228314E+03 5.792727E+00 5.888891E+00 2.962966E-01 3.703703E-01 4.814809E-01 4.074073E-01 -1.000000E+00 4.000000E+00 4.000000E+00 7.000000E+00 -5.000000E+00 -3.000000E+00 3.333335E-01 3.703703E-01
21500 1.228314E+03 5.793191E+00 5.846563E+00 2.962966E-01 3.703703E-01 4.814809E-01 4.074073E-01 -1.000000E+00 4.000000E+00 4.000000E+00 7.000000E+00 -5.000000E+00 -3.000000E+00 3.333335E-01 3.703703E-01
22000 1.228314E+03 5.793191E+00 5.846563E+00 2.962966E-01 3.703703E-01 4.814809E-01 4.074073E-01 -1.000000E+00 4.000000E+00 4.000000E+00 7.000000E+00 -5.000000E+00 -3.000000E+00 3.333335E-01 3.703703E-01
22500 1.228314E+03 5.794707E+00 5.846922E+00 2.966670E-01 3.703703E-01 4.818513E-01 4.074073E-01 -1.000000E+00 3.990000E+00 4.000000E+00 6.990000E+00 -5.000000E+00 -3.000000E+00 3.333335E-01 3.699999E-01
23000 1.228314E+03 5.793191E+00 5.846563E+00 2.962966E-01 3.703703E-01 4.814809E-01 4.074073E-01 -1.000000E+00 4.000000E+00 4.000000E+00 7.000000E+00 -5.000000E+00 -3.000000E+00 3.333335E-01 3.703703E-01
23500 1.228314E+03 5.797458E+00 5.851331E+00 2.962966E-01 3.703703E-01 4.822216E-01 4.074073E-01 -9.700000E-01 4.000000E+00 4.000000E+00 7.000000E+00 -4.970000E+00 -3.000000E+00 3.322224E-01 3.703703E-01
24000 1.228314E+03 5.791849E+00 5.847578E+00 2.955558E-01 3.711110E-01 4.814809E-01 4.074073E-01 -9.800000E-01 4.000000E+00 4.010000E+00 7.000000E+00 -4.990000E+00 -3.000000E+00 3.333335E-01 3.703703E-01
24500 1.228314E+03 5.787822E+00 5.763514E+00 2.962966E-01 3.703703E-01 4.814809E-01 3.703703E-01 -1.000000E+00 4.000000E+00 4.000000E+00 7.000000E+00 -5.000000E+00 -3.000000E+00 3.333335E-01 3.703703E-01
25000 1.228314E+03 5.788548E+00 5.763514E+00 2.962966E-01 3.703703E-01 4.814809E-01 3.703703E-01 -1.000000E+00 4.000000E+00 4.000000E+00 7.000000E+00 -5.000000E+00 -3.000000E+00 3.333335E-01 3.703703E-01
25500 1.228315E+03 5.787822E+00 5.763514E+00 2.962966E-01 3.703703E-01 4.814809E-01 3.703703E-01 -1.000000E+00 4.000000E+00 4.000000E+00 7.000000E+00 -5.000000E+00 -3.000000E+00 3.333335E-01 3.703703E-01
26000 1.228315E+03 5.787822E+00 5.763514E+00 2.962966E-01 3.703703E-01 4.814809E-01 3.703703E-01 -1.000000E+00 4.000000E+00 4.000000E+00 7.000000E+00 -5.000000E+00 -3.000000E+00 3.333335E-01 3.703703E-01
26500 1.228315E+03 5.787347E+00 5.763621E+00 2.962966E-01 3.703703E-01 4.814809E-01 3.703703E-01 -1.000000E+00 4.000000E+00 4.000000E+00 7.000000E+00 -5.000000E+00 -3.000000E+00 3.333335E-01 3.703703E-01
27000 1.228315E+03 5.811560E+00 5.938863E+00 2.962966E-01 4.074073E-01 4.814809E-01 4.074073E-01 -1.000000E+00 4.000000E+00 4.000000E+00 7.000000E+00 -5.000000E+00 -3.000000E+00 3.333335E-01 3.703703E-01
27500 1.228315E+03 5.811560E+00 5.929645E+00 2.962966E-01 4.014814E-01 4.814809E-01 4.074073E-01 -1.000000E+00 4.000000E+00 4.000000E+00 7.000000E+00 -5.000000E+00 -3.000000E+00 3.333335E-01 3.703703E-01
28000 1.228315E+03 5.811560E+00 5.938863E+00 2.962966E-01 4.074073E-01 4.814809E-01 4.074073E-01 -1.000000E+00 4.000000E+00 4.000000E+00 7.000000E+00 -5.000000E+00 -3.000000E+00 3.333335E-01 3.703703E-01
28500 1.228315E+03 5.811560E+00 5.938863E+00 2.962966E-01 4.074073E-01 4.814809E-01 4.074073E-01 -1.000000E+00 4.000000E+00 4.000000E+00 7.000000E+00 -5.000000E+00 -3.000000E+00 3.333335E-01 3.703703E-01
29000 1.228315E+03 5.811217E+00 5.938863E+00 2.962966E-01 4.074073E-01 4.814809E-01 4.074073E-01 -1.040000E+00 4.000000E+00 4.000000E+00 7.000000E+00 -5.040000E+00 -3.000000E+00 3.348150E-01 3.703703E-01
29500 1.228315E+03 5.811560E+00 5.938863E+00 2.962966E-01 4.074073E-01 4.814809E-01 4.074073E-01 -1.000000E+00 4.000000E+00 4.000000E+00 7.000000E+00 -5.000000E+00 -3.000000E+00 3.333335E-01 3.703703E-01
30000 1.228315E+03 5.811560E+00 5.938863E+00 2.962966E-01 4.074073E-01 4.814809E-01 4.074073E-01 -1.000000E+00 4.000000E+00 4.000000E+00 7.000000E+00 -5.000000E+00 -3.000000E+00 3.333335E-01 3.703703E-01
30500 1.228315E+03 5.811560E+00 5.938863E+00 2.962966E-01 4.074073E-01 4.814809E-01 4.074073E-01 -1.000000E+00 4.000000E+00 4.000000E+00 7.000000E+00 -5.000000E+00 -3.000000E+00 3.333335E-01 3.703703E-01
31000 1.228315E+03 5.811560E+00 5.938863E+00 2.962966E-01 4.074073E-01 4.814809E-01 4.074073E-01 -1.000000E+00 4.000000E+00 4.000000E+00 7.000000E+00 -5.000000E+00 -3.000000E+00 3.333335E-01 3.703703E-01
31500 1.228315E+03 5.844484E+00 5.960720E+00 2.962966E-01 3.333335E-01 4.814809E-01 4.444441E-01 0.000000E+00 4.000000E+00 5.000000E+00 7.000000E+00 -5.000000E+00 -3.000000E+00 3.703703E-01 3.703703E-01
32000 1.228315E+03 5.842690E+00 5.959657E+00 2.962966E-01 3.318521E-01 4.811105E-01 4.455552E-01 0.000000E+00 3.990000E+00 5.000000E+00 7.000000E+00 -5.000000E+00 -3.010000E+00 3.703703E-01 3.707407E-01
32500 1.228316E+03 5.845660E+00 5.966520E+00 2.962966E-01 3.355557E-01 4.814809E-01 4.444441E-01 0.000000E+00 4.000000E+00 5.000000E+00 7.000000E+00 -5.000000E+00 -3.000000E+00 3.703703E-01 3.703703E-01
33000 1.228316E+03 5.846036E+00 5.960720E+00 2.974077E-01 3.333335E-01 4.814809E-01 4.444441E-01 3.000000E-02 4.000000E+00 5.000000E+00 7.000000E+00 -4.970000E+00 -3.000000E+00 3.692592E-01 3.703703E-01
33500 1.228316E+03 5.858845E+00 5.984997E+00 2.966669E-01 3.333335E-01 4.818513E-01 4.444441E-01 0.000000E+00 4.000000E+00 5.000000E+00 6.990000E+00 -5.000000E+00 -2.990000E+00 3.703703E-01 3.696296E-01
34000 1.228316E+03 5.857544E+00 5.983148E+00 2.962966E-01 3.333335E-01 4.814809E-01 4.440737E-01 -1.000000E-02 3.990000E+00 4.990000E+00 7.000000E+00 -5.000000E+00 -3.010000E+00 3.699999E-01 3.707407E-01
34500 1.228316E+03 5.857599E+00 5.984460E+00 2.962966E-01 3.333335E-01 4.814809E-01 4.444441E-01 0.000000E+00 4.000000E+00 5.000000E+00 7.000000E+00 -5.000000E+00 -3.000000E+00 3.703703E-01 3.703703E-01
35000 1.228316E+03 5.857599E+00 5.984460E+00 2.962966E-01 3.333335E-01 4.814809E-01 4.444441E-01 0.000000E+00 4.000000E+00 5.000000E+00 7.000000E+00 -5.000000E+00 -3.000000E+00 3.703703E-01 3.703703E-01
35500 1.228316E+03 5.884672E+00 5.984270E+00 3.337039E-01 3.333335E-01 4.444441E-01 4.444441E-01 0.000000E+00 4.020000E+00 5.000000E+00 7.010000E+00 -5.000000E+00 -2.990000E+00 3.703703E-01 3.703703E-01
36000 1.228316E+03 5.884394E+00 5.984460E+00 3.333335E-01 3.333335E-01 4.444441E-01 4.444441E-01 0.000000E+00 4.000000E+00 5.000000E+00 7.000000E+00 -5.000000E+00 -3.000000E+00 3.703703E-01 3.703703E-01
36500 1.228316E+03 5.884394E+00 5.984460E+00 3.333335E-01 3.333335E-01 4.444441E-01 4.444441E-01 0.000000E+00 4.000000E+00 5.000000E+00 7.000000E+00 -5.000000E+00 -3.000000E+00 3.703703E-01 3.703703E-01
37000 1.228316E+03 5.865717E+00 6.067511E+00 2.962966E-01 3.333335E-01 4.444441E-01 4.814809E-01 0.000000E+00 4.000000E+00 5.000000E+00 7.000000E+00 -5.000000E+00 -3.000000E+00 3.703703E-01 3.703703E-01
37500 1.228316E+03 5.865983E+00 6.068457E+00 2.962966E-01 3.329631E-01 4.444441E-01 4.818513E-01 1.000000E-02 3.980000E+00 5.000000E+00 6.980000E+00 -4.990000E+00 -3.000000E+00 3.699999E-01 3.696296E-01
38000 1.228316E+03 5.865717E+00 6.067511E+00 2.962966E-01 3.333335E-01 4.444441E-01 4.814809E-01 0.000000E+00 4.000000E+00 5.000000E+00 7.000000E+00 -5.000000E+00 -3.000000E+00 3.703703E-01 3.703703E-01
38500 1.228316E+03 5.865717E+00 6.061177E+00 2.962966E-01 3.703703E-01 4.444441E-01 4.444441E-01 0.000000E+00 4.000000E+00 5.000000E+00 7.000000E+00 -5.000000E+00 -3.000000E+00 3.703703E-01 3.703703E-01
39000 1.228316E+03 5.865717E+00 6.061177E+00 2.962966E-01 3.703703E-01 4.444441E-01 4.444441E-01 0.000000E+00 4.000000E+00 5.000000E+00 7.000000E+00 -5.000000E+00 -3.000000E+00 3.703703E-01 3.703703E-01
39500 1.228316E+03 5.865717E+00 6.061177E+00 2.962966E-01 3.703703E-01 4.444441E-01 4.444441E-01 0.000000E+00 4.000000E+00 5.000000E+00 7.000000E+00 -5.000000E+00 -3.000000E+00 3.703703E-01 3.703703E-01
40000 1.228316E+03 5.865717E+00 6.061177E+00 2.962966E-01 3.703703E-01 4.444441E-01 4.444441E-01 0.000000E+00 4.000000E+00 5.000000E+00 7.000000E+00 -5.000000E+00 -3.000000E+00 3.703703E-01 3.703703E-01
40500 1.228316E+03 5.892863E+00 6.061177E+00 2.962966E-01 3.703703E-01 4.444441E-01 4.444441E-01 -1.000000E+00 4.000000E+00 4.000000E+00 7.000000E+00 -5.000000E+00 -3.000000E+00 3.333335E-01 3.703703E-01
41000 1.228316E+03 5.892863E+00 6.061177E+00 2.962966E-01 3.703703E-01 4.444441E-01 4.444441E-01 -1.000000E+00 4.000000E+00 4.000000E+00 7.000000E+00 -5.000000E+00 -3.000000E+00 3.333335E-01 3.703703E-01
41500 1.228317E+03 5.892306E+00 6.062328E+00 2.955558E-01 3.711110E-01 4.444441E-01 4.444441E-01 -1.000000E+00 4.000000E+00 4.000000E+00 7.000000E+00 -5.000000E+00 -3.000000E+00 3.333335E-01 3.703703E-01
42000 1.228317E+03 5.892863E+00 6.061177E+00 2.962966E-01 3.703703E-01 4.444441E-01 4.444441E-01 -1.000000E+00 4.000000E+00 4.000000E+00 7.000000E+00 -5.000000E+00 -3.000000E+00 3.333335E-01 3.703703E-01
42500 1.228317E+03 5.892863E+00 6.061177E+00 2.962966E-01 3.703703E-01 4.444441E-01 4.444441E-01 -1.000000E+00 4.000000E+00 4.000000E+00 7.000000E+00 -5.000000E+00 -3.000000E+00 3.333335E-01 3.703703E-01
43000 1.228317E+03 5.892863E+00 6.061177E+00 2.962966E-01 3.703703E-01 4.444441E-01 4.444441E-01 -1.000000E+00 4.000000E+00 4.000000E+00 7.000000E+00 -5.000000E+00 -3.000000E+00 3.333335E-01 3.703703E-01
43500 1.228317E+03 5.892863E+00 6.061177E+00 2.962966E-01 3.703703E-01 4.444441E-01 4.444441E-01 -1.000000E+00 4.000000E+00 4.000000E+00 7.000000E+00 -5.000000E+00 -3.000000E+00 3.333335E-01 3.703703E-01
44000 1.228317E+03 5.892863E+00 6.061177E+00 2.962966E-01 3.703703E-01 4.444441E-01 4.444441E-01 -1.000000E+00 4.000000E+00 4.000000E+00 7.000000E+00 -5.000000E+00 -3.000000E+00 3.333335E-01 3.703703E-01
44500 1.228317E+03 5.892863E+00 6.061177E+00 2.962966E-01 3.703703E-01 4.444441E-01 4.444441E-01 -1.000000E+00 4.000000E+00 4.000000E+00 7.000000E+00 -5.000000E+00 -3.000000E+00 3.333335E-01 3.703703E-01
45000 1.228317E+03 5.894426E+00 6.061253E+00 2.962966E-01 3.703703E-01 4.448144E-01 4.444441E-01 -1.010000E+00 3.990000E+00 3.990000E+00 6.990000E+00 -5.000000E+00 -3.000000E+00 3.329631E-01 3.699999E-01
45500 1.228317E+03 5.892863E+00 6.061177E+00 2.962966E-01 3.703703E-01 4.444441E-01 4.444441E-01 -1.000000E+00 4.000000E+00 4.000000E+00 7.000000E+00 -5.000000E+00 -3.000000E+00 3.333335E-01 3.703703E-01
46000 1.228317E+03 5.892863E+00 6.061177E+00 2.962966E-01 3.703703E-01 4.444441E-01 4.444441E-01 -1.000000E+00 4.000000E+00 4.000000E+00 7.000000E+00 -5.000000E+00 -3.000000E+00 3.333335E-01 3.703703E-01
46500 1.228317E+03 5.891778E+00 6.073649E+00 2.962966E-01 3.703703E-01 4.444441E-01 4.444441E-01 -9.600000E-01 3.960000E+00 4.040000E+00 6.960000E+00 -5.000000E+00 -3.000000E+00 3.348150E-01 3.688888E-01
47000 1.228317E+03 5.892863E+00 6.061177E+00 2.962966E-01 3.703703E-01 4.444441E-01 4.444441E-01 -1.000000E+00 4.000000E+00 4.000000E+00 7.000000E+00 -5.000000E+00 -3.000000E+00 3.333335E-01 3.703703E-01
47500 1.228317E+03 5.892863E+00 6.061177E+00 2.962966E-01 3.703703E-01 4.444441E-01 4.444441E-01 -1.000000E+00 4.000000E+00 4.000000E+00 7.000000E+00 -5.000000E+00 -3.000000E+00 3.333335E-01 3.703703E-01
48000 1.228317E+03 5.892863E+00 6.061177E+00 2.962966E-01 3.703703E-01 4.444441E-01 4.444441E-01 -1.000000E+00 4.000000E+00 4.000000E+00 7.000000E+00 -5.000000E+00 -3.000000E+00 3.333335E-01 3.703703E-01
48500 1.228317E+03 5.892863E+00 6.061177E+00 2.962966E-01 3.703703E-01 4.444441E-01 4.444441E-01 -1.000000E+00 4.000000E+00 4.000000E+00 7.000000E+00 -5.000000E+00 -3.000000E+00 3.333335E-01 3.703703E-01
49000 1.228317E+03 5.891402E+00 6.059457E+00 2.959262E-01 3.699999E-01 4.440738E-01 4.440738E-01 -9.900000E-01 4.000000E+00 4.010000E+00 7.000000E+00 -5.000000E+00 -3.000000E+00 3.337039E-01 3.703703E-01
49500 1.228317E+03 5.894426E+00 6.061177E+00 2.962966E-01 3.703703E-01 4.448144E-01 4.444441E-01 -1.010000E+00 4.000000E+00 3.990000E+00 7.000000E+00 -5.000000E+00 -3.000000E+00 3.329631E-01 3.703703E-01
50000 1.228317E+03 5.892863E+00 6.061177E+00 2.962966E-01 3.703703E-01 4.444441E-01 4.444441E-01 -1.000000E+00 4.000000E+00 4.000000E+00 7.000000E+00 -5.000000E+00 -3.000000E+00 3.333335E-01 3.703703E-01
50500 1.228317E+03 5.892863E+00 6.061177E+00 2.962966E-01 3.703703E-01 4.444441E-01 4.444441E-01 -1.000000E+00 4.000000E+00 4.000000E+00 7.000000E+00 -5.000000E+00 -3.000000E+00 3.333335E-01 3.703703E-01
51000 1.228318E+03 5.892863E+00 6.061177E+00 2.962966E-01 3.703703E-01 4.444441E-01 4.444441E-01 -1.000000E+00 4.000000E+00 4.000000E+00 7.000000E+00 -5.000000E+00 -3.000000E+00 3.333335E-01 3.703703E-01
51500 1.228318E+03 5.892863E+00 6.061177E+00 2.962966E-01 3.703703E-01 4.444441E-01 4.444441E-01 -1.000000E+00 4.000000E+00 4.000000E+00 7.000000E+00 -5.000000E+00 -3.000000E+00 3.333335E-01 3.703703E-01
52000 1.228318E+03 5.892863E+00 6.061177E+00 2.962966E-01 3.703703E-01 4.444441E-01 4.444441E-01 -1.000000E+00 4.000000E+00 4.000000E+00 7.000000E+00 -5.000000E+00 -3.000000E+00 3.333335E-01 3.703703E-01
52500 1.228318E+03 5.892863E+00 6.061177E+00 2.962966E-01 3.703703E-01 4.444441E-01 4.444441E-01 -1.000000E+00 4.000000E+00 4.000000E+00 7.000000E+00 -5.000000E+00 -3.000000E+00 3.333335E-01 3.703703E-01
53000 1.228318E+03 5.895608E+00 6.061177E+00 2.962966E-01 3.703703E-01 4.444441E-01 4.444441E-01 -1.000000E+00 4.000000E+00 4.000000E+00 7.000000E+00 -5.000000E+00 -3.000000E+00 3.333335E-01 3.703703E-01
53500 1.228318E+03 5.892863E+00 6.061177E+00 2.962966E-01 3.703703E-01 4.444441E-01 4.444441E-01 -1.000000E+00 4.000000E+00 4.000000E+00 7.000000E+00 -5.000000E+00 -3.000000E+00 3.333335E-01 3.703703E-01
54000 1.228318E+03 5.892863E+00 6.061177E+00 2.962966E-01 3.703703E-01 4.444441E-01 4.444441E-01 -1.000000E+00 4.000000E+00 4.000000E+00 7.000000E+00 -5.000000E+00 -3.000000E+00 3.333335E-01 3.703703E-01
54500 1.228318E+03 5.892863E+00 6.061177E+00 2.962966E-01 3.703703E-01 4.444441E-01 4.444441E-01 -1.000000E+00 4.000000E+00 4.000000E+00 7.000000E+00 -5.000000E+00 -3.000000E+00 3.333335E-01 3.703703E-01
55000 1.228318E+03 5.892863E+00 6.061177E+00 2.962966E-01 3.703703E-01 4.444441E-01 4.444441E-01 -1.000000E+00 4.000000E+00 4.000000E+00 7.000000E+00 -5.000000E+00 -3.000000E+00 3.333335E-01 3.703703E-01
55500 1.228318E+03 5.893050E+00 6.059433E+00 2.966669E-01 3.699999E-01 4.444441E-01 4.440737E-01 -1.000000E+00 4.000000E+00 4.000000E+00 7.000000E+00 -5.000000E+00 -3.000000E+00 3.333335E-01 3.703703E-01
56000 1.228318E+03 5.892863E+00 6.061177E+00 2.962966E-01 3.703703E-01 4.444441E-01 4.444441E-01 -1.000000E+00 4.000000E+00 4.000000E+00 7.000000E+00 -5.000000E+00 -3.000000E+00 3.333335E-01 3.703703E-01
56500 1.228318E+03 5.917775E+00 6.121150E+00 2.962966E-01 4.074073E-01 4.444441E-01 4.444441E-01 -1.000000E+00 4.000000E+00 4.000000E+00 7.000000E+00 -5.000000E+00 -3.000000E+00 3.333335E-01 3.703703E-01
57000 1.228318E+03 5.919106E+00 6.114758E+00 2.962966E-01 4.018517E-01 4.444441E-01 4.499996E-01 -8.500000E-01 4.000000E+00 4.000000E+00 7.000000E+00 -4.850000E+00 -3.000000E+00 3.277780E-01 3.703703E-01
57500 1.228318E+03 5.917822E+00 6.118776E+00 2.962966E-01 4.074073E-01 4.444441E-01 4.444441E-01 -1.000000E+00 4.000000E+00 4.000000E+00 7.000000E+00 -5.000000E+00 -3.000000E+00 3.333335E-01 3.703703E-01
58000 1.228318E+03 5.917822E+00 6.118776E+00 2.962966E-01 4.074073E-01 4.444441E-01 4.444441E-01 -1.000000E+00 4.000000E+00 4.000000E+00 7.000000E+00 -5.000000E+00 -3.000000E+00 3.333335E-01 3.703703E-01
58500 1.228318E+03 5.917822E+00 6.118776E+00 2.962966E-01 4.074073E-01 4.444441E-01 4.444441E-01 -1.000000E+00 4.000000E+00 4.000000E+00 7.000000E+00 -5.000000E+00 -3.000000E+00 3.333335E-01 3.703703E-01
59000 1.228318E+03 5.917822E+00 6.118776E+00 2.962966E-01 4.074073E-01 4.444441E-01 4.444441E-01 -1.000000E+00 4.000000E+00 4.000000E+00 7.000000E+00 -5.000000E+00 -3.000000E+00 3.333335E-01 3.703703E-01
59500 1.228318E+03 5.917822E+00 6.118776E+00 2.962966E-01 4.074073E-01 4.444441E-01 4.444441E-01 -1.000000E+00 4.000000E+00 4.000000E+00 7.000000E+00 -5.000000E+00 -3.000000E+00 3.333335E-01 3.703703E-01
60000 1.228318E+03 5.917822E+00 6.118776E+00 2.962966E-01 4.074073E-01 4.444441E-01 4.444441E-01 -1.000000E+00 4.000000E+00 4.000000E+00 7.000000E+00 -5.000000E+00 -3.000000E+00 3.333335E-01 3.703703E-01
60500 1.228319E+03 5.917822E+00 6.118776E+00 2.962966E-01 4.074073E-01 4.444441E-01 4.444441E-01 -1.000000E+00 4.000000E+00 4.000000E+00 7.000000E+00 -5.000000E+00 -3.000000E+00 3.333335E-01 3.703703E-01
61000 1.228319E+03 5.917827E+00 6.120339E+00 2.970373E-01 4.074073E-01 4.437034E-01 4.448144E-01 -1.000000E+00 3.990000E+00 4.000000E+00 6.990000E+00 -5.000000E+00 -3.000000E+00 3.333335E-01 3.699999E-01
61500 1.228319E+03 5.917822E+00 6.118776E+00 2.962966E-01 4.074073E-01 4.444441E-01 4.444441E-01 -1.000000E+00 4.000000E+00 4.000000E+00 7.000000E+00 -5.000000E+00 -3.000000E+00 3.333335E-01 3.703703E-01
62000 1.228319E+03 5.917822E+00 6.118776E+00 2.962966E-01 4.074073E-01 4.444441E-01 4.444441E-01 -1.000000E+00 4.000000E+00 4.000000E+00 7.000000E+00 -5.000000E+00 -3.000000E+00 3.333335E-01 3.703703E-01
62500 1.228319E+03 5.917822E+00 6.118776E+00 2.962966E-01 4.074073E-01 4.444441E-01 4.444441E-01 -1.000000E+00 4.000000E+00 4.000000E+00 7.000000E+00 -5.000000E+00 -3.000000E+00 3.333335E-01 3.703703E-01
63000 1.228319E+03 5.917822E+00 6.118776E+00 2.962966E-01 4.074073E-01 4.444441E-01 4.444441E-01 -1.000000E+00 4.000000E+00 4.000000E+00 7.000000E+00 -5.000000E+00 -3.000000E+00 3.333335E-01 3.703703E-01
63500 1.228319E+03 5.917822E+00 6.118776E+00 2.962966E-01 4.074073E-01 4.444441E-01 4.444441E-01 -1.000000E+00 4.000000E+00 4.000000E+00 7.000000E+00 -5.000000E+00 -3.000000E+00 3.333335E-01 3.703703E-01
64000 1.228319E+03 5.917822E+00 6.066587E+00 2.962966E-01 3.703703E-01 4.444441E-01 4.444441E-01 -1.000000E+00 3.000000E+00 4.000000E+00 7.000000E+00 -5.000000E+00 -4.000000E+00 3.333335E-01 4.074073E-01
64500 1.228319E+03 5.917822E+00 6.066587E+00 2.962966E-01 3.703703E-01 4.444441E-01 4.444441E-01 -1.000000E+00 3.000000E+00 4.000000E+00 7.000000E+00 -5.000000E+00 -4.000000E+00 3.333335E-01 4.074073E-01
65000 1.228319E+03 5.916124E+00 6.067104E+00 2.959262E-01 3.707407E-01 4.440738E-01 4.444441E-01 -9.900000E-01 3.000000E+00 4.010000E+00 7.000000E+00 -5.000000E+00 -4.000000E+00 3.337039E-01 4.074073E-01
65500 1.228319E+03 5.917991E+00 6.067640E+00 2.962966E-01 3.707407E-01 4.444441E-01 4.444441E-01 -9.900000E-01 3.010000E+00 4.000000E+00 7.000000E+00 -4.990000E+00 -3.990000E+00 3.329631E-01 4.070369E-01
66000 1.228319E+03 5.917822E+00 6.066587E+00 2.962966E-01 3.703703E-01 4.444441E-01 4.444441E-01 -1.000000E+00 3.000000E+00 4.000000E+00 7.000000E+00 -5.000000E+00 -4.000000E+00 3.333335E-01 4.074073E-01
66500 1.228319E+03 5.917822E+00 6.066587E+00 2.962966E-01 3.703703E-01 4.444441E-01 4.444441E-01 -1.000000E+00 3.000000E+00 4.000000E+00 7.000000E+00 -5.000000E+00 -4.000000E+00 3.333335E-01 4.074073E-01
67000 1.228319E+03 5.917822E+00 6.066587E+00 2.962966E-01 3.703703E-01 4.444441E-01 4.444441E-01 -1.000000E+00 3.000000E+00 4.000000E+00 7.000000E+00 -5.000000E+00 -4.000000E+00 3.333335E-01 4.074073E-01
67500 1.228319E+03 5.919385E+00 6.066858E+00 2.962966E-01 3.703703E-01 4.448144E-01 4.444441E-01 -1.010000E+00 3.010000E+00 3.990000E+00 7.000000E+00 -5.000000E+00 -3.990000E+00 3.329632E-01 4.070369E-01
68000 1.228319E+03 5.917822E+00 6.066587E+00 2.962966E-01 3.703703E-01 4.444441E-01 4.444441E-01 -1.000000E+00 3.000000E+00 4.000000E+00 7.000000E+00 -5.000000E+00 -4.000000E+00 3.333335E-01 4.074073E-01
68500 1.228319E+03 5.917822E+00 6.066587E+00 2.962966E-01 3.703703E-01 4.444441E-01 4.444441E-01 -1.000000E+00 3.000000E+00 4.000000E+00 7.000000E+00 -5.000000E+00 -4.000000E+00 3.333335E-01 4.074073E-01
69000 1.228319E+03 5.917822E+00 6.066587E+00 2.962966E-01 3.703703E-01 4.444441E-01 4.444441E-01 -1.000000E+00 3.000000E+00 4.000000E+00 7.000000E+00 -5.000000E+00 -4.000000E+00 3.333335E-01 4.074073E-01
69500 1.228319E+03 5.917822E+00 6.066587E+00 2.962966E-01 3.703703E-01 4.444441E-01 4.444441E-01 -1.000000E+00 3.000000E+00 4.000000E+00 7.000000E+00 -5.000000E+00 -4.000000E+00 3.333335E-01 4.074073E-01
70000 1.228320E+03 5.917822E+00 6.066587E+00 2.962966E-01 3.703703E-01 4.444441E-01 4.444441E-01 -1.000000E+00 3.000000E+00 4.000000E+00 7.000000E+00 -5.000000E+00 -4.000000E+00 3.333335E-01 4.074073E-01
70500 1.228320E+03 5.917822E+00 6.066587E+00 2.962966E-01 3.703703E-01 4.444441E-01 4.444441E-01 -1.000000E+00 3.000000E+00 4.000000E+00 7.000000E+00 -5.000000E+00 -4.000000E+00 3.333335E-01 4.074073E-01
71000 1.228320E+03 5.917822E+00 6.065675E+00 2.962966E-01 3.699999E-01 4.444441E-01 4.444441E-01 -1.000000E+00 3.000000E+00 4.000000E+00 7.000000E+00 -5.000000E+00 -4.000000E+00 3.333335E-01 4.074073E-01
71500 1.228320E+03 5.917822E+00 6.066587E+00 2.962966E-01 3.703703E-01 4.444441E-01 4.444441E-01 -1.000000E+00 3.000000E+00 4.000000E+00 7.000000E+00 -5.000000E+00 -4.000000E+00 3.333335E-01 4.074073E-01
72000 1.228320E+03 5.926413E+00 6.084081E+00 3.133336E-01 3.703703E-01 4.444441E-01 4.444441E-01 -1.000000E+00 3.000000E+00 4.000000E+00 7.000000E+00 -5.000000E+00 -4.000000E+00 3.333335E-01 4.074073E-01
72500 1.228320E+03 5.936499E+00 6.104616E+00 3.333335E-01 3.703703E-01 4.444441E-01 4.444441E-01 -1.000000E+00 3.000000E+00 4.000000E+00 7.000000E+00 -5.000000E+00 -4.000000E+00 3.333335E-01 4.074073E-01
73000 1.228320E+03 5.936036E+00 6.025147E+00 3.333335E-01 4.074073E-01 4.444441E-01 4.074073E-01 -1.000000E+00 3.000000E+00 4.000000E+00 7.000000E+00 -5.000000E+00 -4.000000E+00 3.333335E-01 4.074073E-01
73500 1.228320E+03 5.936036E+00 6.025147E+00 3.333335E-01 4.074073E-01 4.444441E-01 4.074073E-01 -1.000000E+00 3.000000E+00 4.000000E+00 7.000000E+00 -5.000000E+00 -4.000000E+00 3.333335E-01 4.074073E-01
74000 1.228320E+03 5.936036E+00 6.025147E+00 3.333335E-01 4.074073E-01 4.444441E-01 4.074073E-01 -1.000000E+00 3.000000E+00 4.000000E+00 7.000000E+00 -5.000000E+00 -4.000000E+00 3.333335E-01 4.074073E-01
74500 1.228320E+03 5.936036E+00 6.025147E+00 3.333335E-01 4.074073E-01 4.444441E-01 4.074073E-01 -1.000000E+00 3.000000E+00 4.000000E+00 7.000000E+00 -5.000000E+00 -4.000000E+00 3.333335E-01 4.074073E-01
75000 1.228320E+03 5.936036E+00 6.025610E+00 3.333335E-01 4.074073E-01 4.444441E-01 4.074073E-01 -1.000000E+00 3.000000E+00 4.000000E+00 7.000000E+00 -5.000000E+00 -4.000000E+00 3.333335E-01 4.074073E-01
75500 1.228320E+03 5.936036E+00 6.025610E+00 3.333335E-01 4.074073E-01 4.444441E-01 4.074073E-01 -1.000000E+00 3.000000E+00 4.000000E+00 7.000000E+00 -5.000000E+00 -4.000000E+00 3.333335E-01 4.074073E-01
76000 1.228320E+03 5.937545E+00 6.024468E+00 3.355557E-01 4.074073E-01 4.444441E-01 4.074073E-01 -1.000000E+00 3.120000E+00 4.000000E+00 7.060000E+00 -5.000000E+00 -3.940000E+00 3.333335E-01 4.074073E-01
76500 1.228320E+03 5.935784E+00 6.025610E+00 3.329632E-01 4.074073E-01 4.444441E-01 4.074073E-01 -1.000000E+00 3.000000E+00 4.000000E+00 7.000000E+00 -5.000000E+00 -4.000000E+00 3.333335E-01 4.074073E-01
77000 1.228320E+03 5.936165E+00 6.025610E+00 3.333335E-01 4.074073E-01 4.444441E-01 4.074073E-01 -1.000000E+00 3.000000E+00 4.000000E+00 7.000000E+00 -5.000000E+00 -4.000000E+00 3.333335E-01 4.074073E-01
77500 1.228320E+03 5.934817E+00 6.013690E+00 3.333335E-01 4.129628E-01 4.499996E-01 4.018517E-01 -1.000000E+00 3.000000E+00 4.000000E+00 7.000000E+00 -5.000000E+00 -4.000000E+00 3.333335E-01 4.074073E-01
78000 1.228320E+03 5.936306E+00 6.026132E+00 3.333335E-01 4.074073E-01 4.444441E-01 4.074073E-01 -9.900000E-01 2.990000E+00 4.000000E+00 6.990000E+00 -4.990000E+00 -4.000000E+00 3.329631E-01 4.070369E-01
78500 1.228320E+03 5.936036E+00 6.025610E+00 3.333335E-01 4.074073E-01 4.444441E-01 4.074073E-01 -1.000000E+00 3.000000E+00 4.000000E+00 7.000000E+00 -5.000000E+00 -4.000000E+00 3.333335E-01 4.074073E-01
79000 1.228320E+03 5.936036E+00 6.025610E+00 3.333335E-01 4.074073E-01 4.444441E-01 4.074073E-01 -1.000000E+00 3.000000E+00 4.000000E+00 7.000000E+00 -5.000000E+00 -4.000000E+00 3.333335E-01 4.074073E-01
79500 1.228320E+03 5.936036E+00 6.025610E+00 3.333335E-01 4.074073E-01 4.444441E-01 4.074073E-01 -1.000000E+00 3.000000E+00 4.000000E+00 7.000000E+00 -5.000000E+00 -4.000000E+00 3.333335E-01 4.074073E-01
80000 1.228321E+03 5.936036E+00 6.025610E+00 3.333335E-01 4.074073E-01 4.444441E-01 4.074073E-01 -1.000000E+00 3.000000E+00 4.000000E+00 7.000000E+00 -5.000000E+00 -4.000000E+00 3.333335E-01 4.074073E-01
80500 1.228321E+03 5.851507E+00 6.026068E+00 3.333335E-01 4.074073E-01 4.074073E-01 4.074073E-01 -1.000000E+00 3.000000E+00 4.000000E+00 7.000000E+00 -5.000000E+00 -4.000000E+00 3.333335E-01 4.074073E-01
81000 1.228321E+03 5.851507E+00 6.026068E+00 3.333335E-01 4.074073E-01 4.074073E-01 4.074073E-01 -1.000000E+00 3.000000E+00 4.000000E+00 7.000000E+00 -5.000000E+00 -4.000000E+00 3.333335E-01 4.074073E-01
81500 1.228321E+03 5.817633E+00 6.053223E+00 2.962966E-01 4.074073E-01 4.074073E-01 4.074073E-01 -1.000000E+00 2.000000E+00 4.000000E+00 6.000000E+00 -5.000000E+00 -4.000000E+00 3.333335E-01 3.703703E-01
82000 1.228321E+03 5.817633E+00 6.050409E+00 2.962966E-01 4.055554E-01 4.074073E-01 4.074073E-01 -1.000000E+00 2.000000E+00 4.000000E+00 6.000000E+00 -5.000000E+00 -4.000000E+00 3.333335E-01 3.703703E-01
82500 1.228321E+03 5.817633E+00 6.053223E+00 2.962966E-01 4.074073E-01 4.074073E-01 4.074073E-01 -1.000000E+00 2.000000E+00 4.000000E+00 6.000000E+00 -5.000000E+00 -4.000000E+00 3.333335E-01 3.703703E-01
83000 1.228321E+03 5.817633E+00 6.053223E+00 2.962966E-01 4.074073E-01 4.074073E-01 4.074073E-01 -1.000000E+00 2.000000E+00 4.000000E+00 6.000000E+00 -5.000000E+00 -4.000000E+00 3.333335E-01 3.703703E-01
83500 1.228321E+03 5.817633E+00 6.051911E+00 2.962966E-01 4.074073E-01 4.074073E-01 4.070369E-01 -1.000000E+00 1.990000E+00 4.000000E+00 6.000000E+00 -5.000000E+00 -4.010000E+00 3.333335E-01 3.707407E-01
84000 1.228321E+03 5.816905E+00 6.053223E+00 2.962966E-01 4.074073E-01 4.074073E-01 4.074073E-01 -1.000000E+00 2.000000E+00 4.000000E+00 6.000000E+00 -5.000000E+00 -4.000000E+00 3.333335E-01 3.703703E-01
84500 1.228321E+03 5.817633E+00 6.053223E+00 2.962966E-01 4.074073E-01 4.074073E-01 4.074073E-01 -1.000000E+00 2.000000E+00 4.000000E+00 6.000000E+00 -5.000000E+00 -4.000000E+00 3.333335E-01 3.703703E-01
85000 1.228321E+03 5.817633E+00 6.053223E+00 2.962966E-01 4.074073E-01 4.074073E-01 4.074073E-01 -1.000000E+00 2.000000E+00 4.000000E+00 6.000000E+00 -5.000000E+00 -4.000000E+00 3.333335E-01 3.703703E-01
85500 1.228321E+03 5.817633E+00 6.068429E+00 2.962966E-01 4.074073E-01 4.074073E-01 4.074073E-01 -1.000000E+00 1.440000E+00 4.000000E+00 5.440000E+00 -5.000000E+00 -4.000000E+00 3.333335E-01 3.496297E-01
